51257
51258
51259
51259
51260
51261
51261
51262
51263
51263
51264
51265
51266
51266
51267
51268
51268
51269
51270
51270
51271
51272
51273
51273
51274
51275
51275
51276
51277
51277
51278
51279
51280
51280
51281
51282
51282
51283
51284
51284
51285
51286
51287
51287
51288
51289
51289
51290
51291
51291
51292
51293
51294
51294
51295
51296
51296
51297
51298
51298
51299
51300
51301
51301
51302
51303
51303
51304
51305
51305
51306
51307
51308
51308
51309
51310
51310
51311
51312
51312
51313
51314
51315
51315
51316
51317
51317
51318
51319
51319
51320
51321
51322
51322
51323
51324
51324
51325
51326
51326
51327
51328
51329
51329
51330
51331
51331
51332
51333
51333
51334
51335
51336
51336
51337
51338
51338
51339
51340
51340
51341
51342
51343
51343
51344
51345
51345
51346
51347
51347
51348
51349
51350
51350
51351
51352
51352
51353
51354
51354
51355
51356
51357
51357
51358
51359
51359
51360
51361
51361
51362
51363
51364
51364
51365
51366
51366
51367
51368
51368
51369
51370
51371
51371
51372
51373
51373
51374
51375
51375
51376
51377
51378
51378
51379
51380
51380
51381
51382
51382
51383
51384
51385
51385
51386
51387
51387
51388
51389
51389
51390
51391
51392
51392
51393
51394
51394
51395
51396
51396
51397
51398
51399
51399
51400
51401
51401
51402
51403
51403
51404
51405
51406
51406
51407
51408
51408
51409
51410
51410
51411
51412
51413
51413
51414
51415
51415
51416
51417
51417
51418
51419
51420
51420
51421
51422
51422
51423
51424
51424
51425
51426
51427
51427
51428
51429
51429
51430
51431
51431
51432
51433
51434
51434
51435
51436
51436
51437
51438
51438
51439
51440
51441
51441
51442
51443
51443
51444
51445
51445
51446
51447
51448
51448
51449
51450
51450
51451
51452
51452
51453
51454
51455
51455
51456
51457
51457
51458
51459
51459
51460
51461
51462
51462
51463
51464
51464
51465
51466
51466
51467
51468
51469
51469
51470
51471
51471
51472
51473
51473
51474
51475
51476
51476
51477
51478
51478
51479
51480
51480
51481
51482
51483
51483
51484
51485
51485
51486
51487
51487
51488
51489
51490
51490
51491
51492
51492
51493
51494
51494
51495
51496
51497
51497
51498
51499
51499
51500
51501
51501
51502
51503
51504
51504
51505
51506
51506
51507
51508
51508
51509
51510
51511
51511
51512
51513
51513
51514
51515
51515
51516
51517
51518
51518
51519
51520
51520
51521
51522
51522
51523
51524
51525
51525
51526
51527
51527
51528
51529
51529
51530
51531
51532
51532
51533
51534
51534
51535
51536
51536
51537
51538
51539
51539
51540
51541
51541
51542
51543
51543
51544
51545
51546
51546
51547
51548
51548
51549
51550
51550
51551
51552
51553
51553
51554
51555
51555
51556
51557
51557
51558
51559
51560
51560
51561
51562
51562
51563
51564
51564
51565
51566
51567
51567
51568
51569
51569
51570
51571
51571
51572
51573
51574
51574
51575
51576
51576
51577
51578
51578
51579
51580
51581
51581
51582
51583
51583
51584
51585
51585
51586
51587
51588
51588
51589
51590
51590
51591
51592
51592
51593
51594
51595
51595
51596
51597
51597
51598
51599
51599
51600
51601
51602
51602
51603
51604
51604
51605
51606
51606
51607
51608
51609
51609
51610
51611
51611
51612
51613
51613
51614
51615
51616
