57667
57668
57669
57669
57670
57671
57671
57672
57673
57673
57674
57675
57676
57676
57677
57678
57678
57679
57680
57680
57681
57682
57683
57683
57684
57685
57685
57686
57687
57687
57688
57689
57690
57690
57691
57692
57692
57693
57694
57694
57695
57696
57697
57697
57698
57699
57699
57700
57701
57701
57702
57703
57704
57704
57705
57706
57706
57707
57708
57708
57709
57710
57711
57711
57712
57713
57713
57714
57715
57715
57716
57717
57718
57718
57719
57720
57720
57721
57722
57722
57723
57724
57725
57725
57726
57727
57727
57728
57729
57729
57730
57731
57732
57732
57733
57734
57734
57735
57736
57736
57737
57738
57739
57739
57740
57741
57741
57742
57743
57743
57744
57745
57746
57746
57747
57748
57748
57749
57750
57750
57751
57752
57753
57753
57754
57755
57755
57756
57757
57757
57758
57759
57760
57760
57761
57762
57762
57763
57764
57764
57765
57766
57767
57767
57768
57769
57769
57770
57771
57771
57772
57773
57774
57774
57775
57776
57776
57777
57778
57778
57779
57780
57781
57781
57782
57783
57783
57784
57785
57785
57786
57787
57788
57788
57789
57790
57790
57791
57792
57792
57793
57794
57795
57795
57796
57797
57797
57798
57799
57799
57800
57801
57802
57802
57803
57804
57804
57805
57806
57806
57807
57808
57809
57809
57810
57811
57811
57812
57813
57813
57814
57815
57816
57816
57817
57818
57818
57819
57820
57820
57821
57822
57823
57823
57824
57825
57825
57826
57827
57827
57828
57829
57830
57830
57831
57832
57832
57833
57834
57834
57835
57836
57837
