60241
60242
60243
60243
60244
60245
60246
60246
60247
60248
60248
60249
60250
60250
60251
60252
60253
60253
60254
60255
60255
60256
60257
60257
60258
60259
60260
60260
60261
60262
60262
60263
60264
60264
60265
60266
60267
60267
60268
60269
60269
60270
60271
60271
60272
60273
60274
60274
60275
60276
60276
60277
60278
60278
60279
60280
60281
60281
60282
60283
60283
60284
60285
60285
60286
60456
60456
60457
60458
60458
60459
60460
60460
60461
60462
60463
60463
60464
60465
60465
60466
60467
60467
60468
60469
60470
60470
60471
60472
60472
60473
60474
60474
60475
60476
60477
60477
60478
60479
60479
60480
60481
60481
60482
60483
60484
60484
60485
60486
60486
60487
60488
60488
60489
60490
60491
60491
60492
60493
60493
60494
60495
60495
60496
60497
60498
60498
60499
60500
60500
