1.367	0.38058	0.36908	1.3739	1.0636	-0.0019772	0.34761	0.7375	0.33833	0.72545	1.0459	1.419	0.74683	1.0883	-0.31315	1.0625	1.0867	0.73216	0.74996	1.4253	1.093	0.74054	0.38942	0.40104	1.0748	1.4422	0.75321	0.73135	1.4278	1.078	0.75447	1.7687	0.72583	1.0664	1.0671	0.060336	0.72871	0.40324	0.7541	1.7887	0.73105	1.4141	1.4194	1.0864	0.74602	1.0622	1.4187	0.056466	1.091	0.39798
1.1566	2.1889	1.4711	1.4732	2.1931	1.818	1.1641	1.5064	1.8523	1.5142	2.2059	1.1708	1.4961	1.195	0.82498	0.82291	1.8423	1.5039	1.8493	1.5108	1.5177	1.1752	1.504	2.1953	1.8465	2.2352	1.2061	2.1995	1.8661	1.8467	1.8596	1.52	1.8481	1.8488	2.2332	1.2015	1.5234	2.5323	0.81163	1.2	1.1985	2.2315	0.85071	1.8779	1.5063	1.1625	0.83482	1.1916	0.46838	1.8411
1.9169	1.5689	2.605	2.2638	2.2663	2.6263	2.271	1.9408	1.9225	1.2405	2.2721	1.9274	1.2564	0.90622	2.6137	2.2787	2.2813	2.6367	1.6159	2.3038	2.2913	2.2888	2.2938	2.6587	1.2546	1.6209	2.3047	1.9655	1.6162	2.6566	2.6394	2.2899	1.9681	1.9511	1.6122	1.9631	2.9939	1.9684	2.6593	2.3063	1.6171	2.6581	2.2908	2.6548	2.3023	2.3011	2.2877	2.9917	2.288	2.302
3.0417	3.0666	3.7217	2.6942	2.3882	3.0705	3.4227	3.3809	3.0766	3.7683	3.036	2.7189	3.4038	3.7235	2.6945	3.0529	3.4307	3.4063	3.4342	3.0633	2.747	3.412	3.0563	3.4088	2.4045	2.0555	3.4102	3.4148	2.7478	3.416	3.4094	3.4099	3.0443	3.0449	2.3794	3.7364	3.0472	3.0642	3.0626	2.3764	2.7197	2.7183	3.7493	3.4032	3.417	3.3957	2.727	2.7195	3.7505	3.7431
3.0438	3.7702	3.3891	3.4395	3.7918	3.4302	3.1061	3.4419	3.4437	3.0929	3.7905	3.7919	4.4893	4.4842	3.1113	3.4462	3.4468	3.7924	3.794	4.1354	4.1428	4.4816	3.455	3.4436	3.7946	3.7894	3.7833	3.0986	3.7845	4.1189	4.1318	3.4485	4.4829	4.1335	4.1211	3.7881	3.7903	3.4335	3.4405	4.1252	3.4361	3.7871	3.7957	4.4782	3.7895	4.4795	3.7881	4.1158	3.4537	3.7763
4.6151	4.2601	4.2567	4.6177	4.2625	4.9623	4.6004	4.9661	4.9516	4.2655	4.6145	3.9357	3.9206	4.2716	4.2888	4.2659	4.2746	4.2919	4.2711	4.2787	4.2671	4.612	4.273	4.2762	4.2933	4.618	5.3026	4.2793	4.6414	4.9536	4.6078	4.6122	4.9528	4.6134	4.9541	3.921	4.6434	4.6127	3.9443	4.6352	3.9499	4.9771	4.638	4.6388	5.6732	4.6432	4.6156	4.6365	4.2967	4.9732
5.2604	5.2631	4.9536	4.9328	4.9359	5.3018	4.934	4.9319	4.2712	4.9626	4.6138	5.9948	5.3058	4.9668	5.2754	5.2801	4.5911	4.5883	4.9657	4.967	5.2857	5.9729	5.2877	4.9485	4.589	4.2674	5.2981	4.941	5.2992	5.2858	5.2862	4.5926	5.3009	4.937	4.6054	4.9562	4.957	4.2655	4.5926	4.6096	4.9606	5.9754	5.2955	5.2801	5.9709	4.5935	5.2952	4.6077	4.6079	4.6083
5.6679	4.9807	5.2959	5.3366	5.976	5.3427	5.6845	5.67	5.3454	5.6829	5.3437	5.6823	5.6855	5.6704	6.3775	6.0285	6.3771	6.0304	6.0252	6.3579	5.6689	6.376	6.7168	5.3499	6.3784	6.0315	5.3359	5.6903	6.008	5.6846	6.3749	5.3327	5.3329	6.0136	6.3766	5.6875	6.0216	5.6701	6.3571	5.3558	6.3754	6.0101	5.6871	6.0393	6.39	5.6768	6.034	6.0343	5.6946	6.0111
6.4371	7.4761	6.439	6.7883	6.7898	6.7894	6.4733	7.137	6.4517	6.7986	6.1133	6.4542	6.4493	6.7964	7.1412	7.166	7.1669	6.8279	6.4789	6.8298	6.4569	6.4817	6.4501	6.4508	6.8277	6.8022	6.1388	6.1393	6.4536	6.8278	6.4804	6.4477	6.1339	6.132	6.7989	6.4735	7.1644	7.1654	5.7627	6.8209	6.1318	6.1327	6.4734	6.128	7.1648	6.833	6.4759	6.13	6.1364	5.7801
7.1046	7.8014	8.1544	6.4375	6.4408	6.7843	6.7817	7.1326	7.4734	6.0942	6.785	7.1398	6.7907	6.4517	6.7829	7.4715	6.7848	6.4457	6.4505	7.4814	6.4523	6.103	7.1376	6.4483	7.4867	6.7834	6.8115	7.4881	7.1623	7.4749	8.179	6.459	7.1351	6.7923	7.8368	7.8239	7.159	7.8263	7.8412	6.8122	7.4893	7.1501	7.8119	6.8087	6.4569	7.8398	7.5003	6.7845	7.161	6.1091
7.8139	7.4668	7.4699	7.8569	7.476	7.8626	7.5155	7.8679	7.1393	7.8778	7.1747	7.5295	8.5566	7.8814	7.1923	6.4893	7.8842	7.1893	7.8802	6.851	7.5318	7.5202	7.8832	7.8777	8.9084	7.5289	8.5693	7.1835	7.5238	7.8678	7.5241	7.8679	7.1901	7.5176	7.5181	7.1568	7.1742	8.2053	8.2125	7.5172	7.1781	6.8466	7.8534	7.504	7.5207	7.8485	7.8728	7.1754	7.8736	7.8506
8.5858	8.2472	8.5826	8.2489	7.9014	7.9042	7.5633	8.604	8.942	8.6066	7.568	9.2928	7.9175	7.9146	9.2994	8.2664	7.9174	7.9221	7.9227	7.9175	8.6085	7.5735	8.9503	8.2647	8.2714	8.6119	8.6061	8.2726	8.6005	8.2607	7.9108	7.9107	7.9106	8.5847	9.2751	8.926	8.5872	8.2581	7.909	7.9376	7.8946	7.943	8.6298	8.2903	8.9708	8.2913	8.289	8.6297	9.3204	8.9673
8.2101	8.8688	9.2119	9.5583	9.2109	8.9076	9.2505	9.2536	9.2567	8.5679	8.2287	8.9079	9.255	8.9159	8.5606	8.9177	8.5619	8.9185	8.563	8.9138	9.9391	9.2504	9.2517	8.5622	8.2165	8.5569	9.2472	8.2237	8.9077	8.2179	8.5518	9.9317	8.9356	9.242	8.6102	9.627	8.588	9.279	8.6076	8.5507	8.9354	8.936	9.3004	8.6109	8.5876	8.612	8.2727	8.9395	8.2414	8.9344
9.1953	9.2038	9.2062	9.2111	9.88	9.2167	9.5597	9.2089	8.8683	10.259	9.2159	9.2306	9.226	10.597	9.5675	9.9012	10.258	9.5682	9.2289	8.8798	9.9048	9.2324	10.942	9.8972	9.2238	9.5641	9.5644	9.8984	9.5586	9.5585	9.8984	8.8624	9.5525	9.5528	9.8972	9.2141	8.8649	9.5559	9.5568	9.2214	9.556	9.8966	9.2171	8.2052	8.8682	9.2227	9.2195	9.2202	8.8747	8.2028
11.258	9.544	10.223	9.5353	9.8966	10.59	9.9025	10.246	10.249	9.9123	9.5645	9.9092	9.9102	10.244	9.898	9.9042	9.5607	10.589	10.59	9.557	9.9021	9.2199	10.246	10.242	10.947	10.243	9.9032	10.607	8.8867	9.9165	9.9026	10.251	10.251	9.5611	9.9117	10.253	9.9134	10.248	10.599	10.606	10.244	9.5549	9.5692	9.216	9.5704	9.5711	9.2317	9.5723	9.5868	10.264
10.14	10.482	9.8186	10.511	11.544	10.862	10.175	11.208	10.871	10.875	10.878	11.193	9.8122	10.847	10.156	10.496	10.497	11.528	10.162	10.5	11.195	10.507	10.165	10.162	9.8175	10.164	10.507	10.167	11.19	10.5	10.184	9.8164	10.495	10.155	10.87	11.187	10.847	10.499	10.523	10.85	9.8346	9.8292	9.8297	10.18	9.8308	10.525	10.522	9.1427	10.523	9.4978
11.553	10.879	11.218	11.234	10.887	10.885	10.888	10.551	11.228	10.898	11.94	10.902	11.235	10.539	11.229	10.223	11.57	10.881	10.202	10.567	10.885	10.547	11.262	11.599	11.262	10.572	10.595	11.261	10.231	10.571	10.935	11.285	9.8993	10.59	11.281	10.251	11.282	10.227	11.259	10.255	10.256	10.224	10.225	9.8755	10.566	9.5367	10.241	9.5516	10.909	10.569
10.493	11.876	11.538	11.215	11.217	11.905	10.189	10.882	11.914	11.226	11.918	11.92	11.231	11.579	11.579	11.23	10.89	11.231	11.582	11.584	11.585	11.581	11.923	10.89	10.542	10.893	12.263	10.543	10.906	11.246	11.246	10.556	11.241	11.242	10.903	11.594	10.904	10.579	11.27	10.908	11.962	10.903	11.958	10.578	9.8986	11.269	10.58	10.951	10.905	10.574
11.668	11.694	11.357	11.336	12.048	12.391	11.364	11.706	12.058	11.37	11.716	11.717	11.379	11.034	12.404	10.685	11.375	11.377	11.718	11.719	11.381	11.726	12.078	11.385	12.416	11.388	11.39	11.729	11.049	10.703	11.393	10.363	11.728	10.699	11.73	10.701	11.051	11.392	12.424	11.759	11.76	11.415	10.725	11.076	11.076	11.417	10.388	10.728	11.079	11.073
11.808	11.824	11.487	12.175	12.178	11.491	11.833	11.835	12.187	12.529	11.824	11.842	11.822	12.513	12.863	12.514	11.135	11.136	11.827	11.482	11.83	11.826	12.172	11.824	12.176	11.827	11.829	12.87	11.514	10.824	11.854	11.849	11.509	12.89	12.201	10.822	12.202	11.197	11.515	11.55	11.196	10.517	11.887	11.198	11.549	11.549	11.173	10.834	11.174	10.835
12.473	12.816	12.474	12.816	12.479	12.822	12.144	10.766	11.798	11.459	12.835	12.831	12.152	12.493	12.154	12.495	12.496	11.117	12.192	12.873	11.505	11.842	12.193	12.195	11.507	11.849	10.821	11.156	10.467	11.847	11.152	11.152	12.532	12.193	11.153	11.844	11.505	11.869	12.561	11.527	11.529	12.561	12.221	12.562	12.223	11.183	10.807	12.527	11.498	11.492
12.664	12.66	11.973	12.316	12.668	12.321	12.673	11.985	11.297	11.988	11.968	12.309	12.661	12.662	13.002	12.313	12.314	11.659	12.341	12.337	11.659	11.66	13.032	13.384	12.006	12.008	10.979	11.995	12.337	12.332	12.332	12.682	12.682	12.333	11.653	11.304	11.308	11.659	11.996	12.337	12.339	11.662	10.973	12.344	11.664	12.028	11.338	10.992	12.363	10.993
12.152	12.493	13.525	12.847	11.81	12.852	12.164	11.819	13.201	12.857	13.199	12.86	13.201	13.202	12.863	11.144	12.168	11.82	12.506	12.508	12.859	12.171	12.173	12.175	12.516	11.828	11.503	12.19	12.532	13.224	12.534	13.563	11.844	13.224	12.195	11.499	11.494	12.186	11.497	12.529	12.881	12.534	10.816	11.507	11.15	11.49	11.824	11.484	11.485	12.175
12.803	11.424	11.775	12.467	12.119	11.784	12.121	13.503	13.845	13.506	13.158	12.819	11.79	11.441	12.155	13.531	13.182	13.874	13.185	13.187	12.508	11.82	11.822	10.776	12.498	11.805	12.497	12.499	12.501	13.182	11.813	10.782	11.815	11.816	11.462	12.843	12.154	12.505	11.817	11.469	11.821	10.806	10.809	11.835	12.175	12.174	12.864	11.484	11.485	11.146
13.997	12.958	12.619	13.31	13.312	12.284	12.966	11.598	11.242	13.649	13.31	13.651	14.003	12.964	12.625	11.596	11.247	11.241	13.307	12.619	12.961	12.622	12.624	12.626	11.938	11.25	12.654	12.316	11.622	12.654	11.965	12.315	12.655	11.966	10.597	9.9005	11.617	12.988	12.99	12.652	12.654	11.966	10.938	10.599	11.303	11.653	12.678	10.268	11.649	12.339
13.696	13.357	13.358	11.979	11.64	11.292	11.976	12.323	13.355	12.666	12.667	13.359	11.29	12.332	11.315	12.351	12.692	13.383	12.694	13.386	12.007	12.009	12.011	12.355	11.667	12.359	12.356	12.358	13.389	12.01	12.701	11.322	11.322	11.326	12.362	13.043	12.704	13.046	13.048	11.68	11.682	10.653	12.398	12.049	12.045	12.736	12.736	11.357	11.017	11.358
12.71	13.051	13.742	13.393	13.394	12.365	13.057	12.369	12.72	10.98	13.041	13.043	13.384	13.385	13.386	13.047	12.358	11.341	11.677	12.028	13.06	12.372	12.723	12.725	12.727	11.689	12.734	12.045	12.732	13.073	12.734	13.075	12.385	12.046	12.047	11.358	11.713	12.4	11.711	12.063	12.755	13.097	12.068	11.719	11.721	12.095	12.091	11.741	12.092	12.093
12.225	11.909	12.245	12.246	14.317	13.287	12.599	13.291	12.942	12.254	13.295	12.965	12.967	12.278	12.969	12.969	12.28	12.97	12.281	11.585	12.616	12.263	12.955	12.957	12.959	12.271	11.933	12.274	12.275	11.596	12.966	11.936	11.937	12.968	12.629	12.28	12.632	11.254	12.279	12.275	12.277	12.629	13.32	11.942	12.633	11.604	10.915	11.256	11.257	11.936
13.893	12.854	12.175	12.509	12.845	14.226	12.847	12.849	12.85	11.822	12.853	12.515	11.819	11.816	13.196	13.537	12.508	12.508	13.198	12.508	11.48	11.822	11.843	11.845	12.197	12.538	12.88	11.511	12.542	11.163	11.854	11.51	11.854	12.884	12.545	13.237	12.209	11.521	11.863	11.864	11.535	12.226	12.908	12.569	10.5	12.231	12.232	12.233	11.194	12.239
12.318	11.629	13.009	12.67	11.631	12.321	12.672	11.983	14.045	12.676	12.327	11.988	11.293	13.014	12.67	11.981	12.321	13.352	11.632	12.322	12.323	12.325	11.671	12.023	11.67	12.712	11.333	10.644	12.026	11.676	11.677	11.341	11.333	12.027	11.678	11.34	12.032	12.034	12.726	10.657	11.689	11.351	12.371	12.032	12.033	11.344	12.376	11.347	11.347	11.348
13.354	12.665	13.006	13.007	11.978	12.652	11.975	12.3	12.651	12.652	12.654	12.655	11.616	12.307	11.968	11.957	11.958	12.298	12.299	12.649	12.65	11.611	11.963	11.275	12.657	11.647	11.649	13.03	13.031	11.652	12.003	11.313	11.313	11.988	11.984	11.636	12.328	11.989	11.641	11.303	10.988	11.996	10.641	12.017	12.019	10.99	11.331	10.992	11.673	12.024
11.788	12.129	12.819	12.82	11.791	11.792	11.793	11.433	12.804	12.465	11.103	11.438	11.779	11.78	11.464	12.471	12.467	11.111	10.772	11.803	11.464	11.804	11.806	11.807	11.483	12.514	11.481	12.512	11.823	11.134	11.484	11.485	11.486	12.167	11.823	11.134	11.12	11.811	11.473	11.125	12.506	11.128	11.153	11.154	11.5	11.152	11.503	10.124	10.814	11.155
12.486	12.487	11.458	12.148	11.809	11.104	11.121	11.808	11.458	11.443	12.474	10.755	11.446	11.471	11.798	11.132	10.779	11.469	11.82	10.781	11.822	12.502	11.823	11.488	10.46	11.477	10.798	11.475	10.8	11.151	10.802	10.803	12.184	11.154	10.125	10.801	10.786	10.448	11.829	12.171	11.482	11.144	11.485	11.18	11.143	10.454	10.829	11.87	10.491	11.521
11.716	11.027	11.002	11.343	11.344	12.035	11.005	11.346	11.343	11.697	10.318	11.349	11.35	11.701	11.008	10.336	10.333	11.364	10.671	10.685	10.686	10.71	10.337	11.028	11.369	10.691	11.027	10.362	10.363	10.714	11.056	11.396	10.717	10.012	10.369	10.349	10.716	11.04	11.042	10.703	11.385	10.356	11.388	10.713	10.02	11.051	10.712	10.713	10.36	11.394
10.894	10.205	10.522	10.206	11.213	10.874	10.209	10.895	10.546	10.897	10.208	11.238	10.55	10.55	11.241	11.242	10.209	10.213	10.9	9.8686	9.8692	10.556	10.557	10.217	9.532	9.5294	10.22	9.8674	10.559	9.8736	10.565	10.566	10.55	10.567	9.8778	10.208	9.8746	10.209	10.9	9.1952	9.539	10.214	10.24	10.217	9.8881	10.239	10.556	10.581	10.582	9.8858
9.7202	10.437	10.456	10.439	9.7676	10.101	10.415	9.7659	10.117	10.117	10.132	10.133	10.474	10.475	9.4455	10.813	10.133	10.824	8.7545	9.7852	10.826	9.7863	10.477	9.7714	9.7882	10.123	9.43	9.4474	9.7887	11.154	8.7445	9.4354	9.4523	9.1131	9.4332	10.124	10.118	10.142	9.0888	9.4365	10.462	9.7977	9.7754	10.491	9.1174	9.4584	10.149	8.7701	8.7706	10.151
8.6873	9.3783	9.7468	9.3738	9.4085	9.7493	9.056	8.7168	9.7474	9.7482	10.089	10.09	9.7507	9.7054	9.0625	9.7491	9.0599	9.0608	9.7515	9.7059	9.7065	9.4132	9.0215	9.0221	9.369	9.7056	9.0206	9.0218	10.049	9.714	10.405	9.0496	8.6864	10.077	9.7512	9.0479	9.0622	9.3987	9.0632	9.0642	9.416	10.434	9.069	8.376	10.097	9.0682	9.759	9.7597	9.4201	10.1
8.7164	8.7089	9.412	9.0467	9.0737	9.0443	8.7089	9.3858	9.3866	8.6974	9.0743	9.7389	9.4035	8.7144	9.3873	9.0481	9.4028	8.7136	10.094	9.4048	9.7492	9.4059	9.4066	9.7574	8.7078	9.7486	8.0355	9.0943	8.7593	8.7126	8.4074	8.7143	9.0946	9.4015	9.0621	8.7464	8.7132	9.4377	8.4085	8.7493	9.1004	9.0978	8.0691	8.4103	8.4253	8.0862	8.427	8.4276	8.0718	8.0721
7.9102	7.5649	7.5657	8.9366	6.8795	8.5941	8.5888	8.5896	7.9065	8.2511	8.2519	7.9026	8.6132	9.3039	7.9247	7.9255	8.6163	7.5871	8.6178	7.9045	7.9328	8.2796	7.5901	7.5909	7.5877	8.2823	7.2369	7.9339	7.5827	8.286	8.6207	7.9334	7.2441	7.2386	8.2791	7.9361	7.5846	7.9253	8.6284	9.3131	8.6196	7.9308	7.9321	7.9271	7.942	7.6028	7.9297	7.9302	8.9606	7.6008
7.3208	7.6655	7.3184	8.3531	7.3201	8.0109	7.6617	7.6602	6.9871	6.6317	7.6686	7.3192	8.0099	7.6668	7.339	7.6621	7.3229	7.0175	7.3582	8.015	7.6616	7.6623	7.6692	8.0476	8.0483	7.699	8.0497	8.0505	7.7014	8.3923	7.3429	7.6836	7.3581	7.345	7.6858	8.0505	7.0212	7.362	7.3587	6.3333	7.7002	8.0509	7.3482	6.6731	6.678	8.0549	6.7133	7.3661	7.0265	7.7073
6.2058	6.5565	5.8634	6.5543	6.2051	6.2098	6.5545	6.5614	6.2098	7.2489	7.2434	6.2103	6.5611	6.5556	6.2101	7.927	6.2154	6.2147	6.5591	7.2498	6.5566	6.2111	7.2557	6.8987	7.5933	6.904	6.2108	6.9093	6.2083	7.253	6.5676	6.596	7.259	6.5699	6.5668	6.5715	6.2182	6.2151	6.2474	6.2482	6.5713	6.2058	7.6304	6.2076	6.9424	6.8993	6.5559	6.5944	7.2913	6.602
6.2182	6.2427	6.2434	5.8942	5.555	5.1935	5.9005	4.8635	4.8419	5.2188	6.2495	5.5602	6.2248	5.9016	6.2522	5.559	5.5674	5.5344	5.9013	6.252	5.8765	4.8733	5.9255	5.9124	6.2631	6.226	5.1967	5.5851	6.6158	6.6165	5.9134	5.6019	5.915	5.5896	5.9126	6.2634	5.928	6.2926	6.2796	5.6042	5.9449	5.2656	5.9101	5.9431	6.2801	6.2947	5.5917	5.6063	5.9331	5.9254
5.0575	5.0744	4.735	4.7474	4.7328	5.4113	4.7182	5.4367	4.3712	4.7204	5.0611	4.3995	5.7763	5.087	5.4376	5.0883	5.0652	5.4399	4.3729	5.0912	5.4419	5.4402	5.0894	4.3977	4.7622	4.0729	5.756	5.4405	5.1051	5.7819	5.4188	5.0894	5.0925	5.781	4.7518	5.1065	5.7596	5.458	4.7311	5.7955	4.7801	5.0693	5.8115	5.8122	5.8129	5.446	4.4345	3.7552	5.4621	5.4589
3.732	4.0927	5.1096	4.1179	4.7988	4.1196	4.0965	4.4372	3.7717	4.0987	3.7317	3.7239	4.4608	3.4313	3.432	4.0766	4.8035	4.7581	3.7288	3.7717	3.3862	4.0769	4.4614	5.166	4.4628	3.7758	4.4665	4.4672	4.7578	4.4623	4.1368	4.1375	4.8045	3.7891	4.8061	3.7845	4.1415	4.4645	5.1691	3.7898	4.8206	4.8151	4.8218	4.1363	4.4609	4.484	3.7769	3.7692	4.1199	4.4606
2.9925	2.9932	2.9877	3.6785	3.3569	2.6339	2.9932	4.0178	2.3261	2.9891	3.336	2.9843	3.3373	3.3256	2.3262	2.667	2.3277	2.9909	3.3377	3.676	3.3605	3.3273	3.0195	4.4026	3.0193	4.0501	4.0506	4.0513	3.712	3.3288	3.3633	4.0541	4.0387	2.9879	3.7126	3.0248	3.3641	3.7149	4.0395	4.0402	3.3508	3.3637	3.3619	3.7126	3.7133	4.0402	3.0248	3.7155	3.0262	3.367
2.5823	2.2391	3.2685	2.5769	3.2701	2.5785	2.9193	2.58	2.9245	1.8951	1.9195	2.9188	1.917	1.55	2.5807	1.8914	1.5836	1.9206	1.8975	2.272	1.9188	2.6095	1.5801	2.6147	1.9252	2.612	2.6163	2.9532	2.2739	2.2707	2.5991	2.2598	2.2544	2.25	2.2784	1.5891	1.9299	3.2883	3.2852	2.9419	3.2925	2.263	2.9436	3.282	3.2951	3.2897	2.2828	3.2935	3.9781	2.6049
2.1604	2.1449	1.1156	1.1164	1.1096	0.77661	1.1188	1.1357	0.76389	0.79304	1.4451	0.79187	0.79252	1.1332	1.1363	0.7946	0.7778	0.43996	0.4431	1.8239	1.1208	1.4614	0.79342	1.8125	1.8268	1.4635	1.798	1.1086	1.1469	0.80756	1.1369	0.79526	0.44845	1.8408	1.474	1.4771	2.1793	1.1498	1.1504	1.8409	1.8039	2.1445	1.1527	1.8258	2.5166	2.1549	1.4919	2.519	1.4796	1.4941
-0.051521	0.99552	0.64249	1.0009	0.63793	0.98886	1.0035	0.30007	0.64057	0.65493	0.30169	-0.74153	0.6531	0.65373	-0.041776	-0.047273	0.64979	0.65681	-0.73023	-0.38936	-0.034762	-0.38054	-0.04009	-0.039637	0.65092	-0.3786	-0.030389	1.3366	0.64355	-0.032017	0.31738	-0.030537	0.65277	0.30502	0.99837	0.32279	1.6771	0.65233	0.32043	1.0035	1.6755	0.32217	0.99666	1.6798	1.0144	0.31753	1.3522	1.3607	0.64762	1.0221
-0.50043	0.54175	0.20867	-0.13053	-0.49596	-0.50028	-0.83972	0.19483	-0.48099	-0.48043	-0.82232	-0.14293	-1.5249	-1.1579	-2.2011	-1.8502	-0.83547	-1.8473	-1.5241	-1.5096	-1.8416	-1.1723	-0.49178	-1.1752	-1.5109	-0.82022	-0.14337	0.56501	0.21571	-0.8137	-0.47291	-0.4684	-0.12499	-0.14164	-0.46215	-0.81435	0.22132	-0.47205	-0.81398	0.21917	-0.47033	-0.12593	-0.1266	0.22175	0.22253	-0.11669	0.21553	0.22132	0.22189	-0.11014
