42425
42426
42427
42428
42428
42429
42430
42430
42431
42432
42432
42433
42434
42435
42435
42436
42437
42437
42438
42439
42439
42440
42441
42442
42442
42443
42444
42444
42445
42446
42446
42447
42448
42449
42449
42450
42451
42451
42452
42453
42453
42454
42455
42456
42456
42457
42458
42458
42459
42460
42460
42461
42462
42463
42463
42464
42465
42465
42466
42467
42467
42468
42469
42470
42470
42471
42472
42472
42473
42474
42474
42475
42476
42477
42477
42478
42479
42479
42480
42481
42481
42482
42483
42484
42484
42485
42486
42486
42487
42488
42488
42489
42490
42491
42491
42492
42493
42493
42494
42495
42495
42496
42497
42498
42498
42499
42500
42500
42501
42502
42502
42503
42504
42505
42505
42506
42507
42507
42508
42509
42509
42510
42511
42512
42512
42513
42514
42514
42515
42516
42516
42517
42518
42519
42519
42520
42521
42521
42522
42523
42523
42524
42525
42526
42526
42527
42528
42528
42529
42530
42530
42531
42532
42533
42533
42534
42535
42535
42536
42537
42537
42538
42539
42540
42540
42541
42542
42542
42543
42544
42544
42545
42546
42547
42547
42548
42549
42549
42550
42551
42551
42552
42553
42554
42554
42555
42556
42556
42557
42558
42558
42559
42560
42561
42561
42562
42563
42563
42564
42565
42565
42566
42567
42568
42568
42569
42570
42570
42571
42572
42572
42573
42574
42575
42575
42576
42577
42577
42578
42579
42579
42580
42581
42582
42582
42583
42584
42584
42585
42586
42586
42587
42588
42589
42589
42590
42591
42591
42592
42593
42593
42594
42595
42596
42596
42597
42598
42598
42599
42600
42600
42601
42602
42603
42603
42604
42605
42605
42606
42607
42607
42608
42609
42610
42610
42611
42612
42612
42613
42614
42614
42615
42616
42617
42617
42618
42619
42619
42620
42621
42621
42622
42623
42624
42624
42625
42626
42626
42627
42628
42628
42629
42630
42631
42631
42632
42633
42633
42634
42635
42635
42636
42637
42638
42638
42639
42640
42640
42641
42642
42642
42643
42644
42645
42645
42646
42647
42647
42648
42649
42649
42650
42651
42652
42652
42653
42654
42654
42655
42656
42656
42657
42658
42659
42659
42660
42661
42661
42662
42663
42663
42664
42665
42666
42666
42667
42668
42668
42669
42670
42670
42671
42672
42673
42673
42674
42675
42675
42676
42677
42677
42678
42679
42680
42680
42681
42682
42682
42683
42684
42684
42685
42686
42687
42687
