53883
53884
53884
53885
53886
53887
53887
53888
53889
53889
53890
53891
53891
53892
53893
53894
53894
53895
53896
53896
53897
53898
53898
53899
53900
53901
53901
53902
53903
53903
53904
53905
53905
53906
53907
53908
53908
53909
53910
53910
53911
53912
53912
53913
53914
53915
53915
53916
53917
53917
53918
53919
53919
53920
53921
53922
53922
53923
53924
53924
53925
53926
53926
53927
53928
53929
53929
53930
53931
53931
53932
53933
53933
53934
53935
53936
53936
53937
53938
53938
53939
53940
53940
53941
53942
53943
53943
53944
53945
53945
53946
53947
53947
53948
53949
53950
53950
53951
53952
53952
53953
53954
53954
53955
53956
53957
53957
53958
53959
53959
53960
53961
53961
53962
53963
53964
53964
53965
53966
53966
53967
53968
53968
53969
53970
53971
53971
53972
53973
53973
53974
53975
53975
53976
53977
53978
53978
53979
53980
53980
53981
53982
53982
53983
53984
53985
53985
53986
53987
53987
53988
53989
53989
53990
53991
53992
53992
53993
53994
53994
53995
53996
53996
53997
53998
53999
53999
54000
54001
54001
54002
54003
54003
54004
54005
54006
54006
54007
54008
54008
54009
54010
54010
54011
54012
54013
54013
54014
54015
54015
54016
54017
54017
54018
54019
54020
54020
54021
54022
54022
54023
54024
54024
54025
54026
54027
54027
54028
54029
54029
54030
54031
54031
54032
54033
54034
54034
54035
54036
54036
54037
54038
54038
54039
54040
54041
54041
54042
54043
54043
54044
54045
54045
54046
54047
54048
54048
54049
54050
54050
54051
54052
54052
54053
54054
54055
54055
54056
54057
54057
54058
54059
54059
54060
54061
54062
54062
54063
54064
54064
54065
54066
54066
54067
54068
54069
54069
54070
54071
54071
54072
54073
54073
54074
54075
54076
54076
54077
54078
54078
