65354
65355
65355
65356
65357
65357
65358
65359
65360
65360
65361
65362
65362
65363
65364
65364
65365
65366
65367
65367
65368
65369
65369
65370
65371
65371
65372
65373
65374
65374
65375
65376
65376
65377
65378
65378
65379
65380
65381
65381
65382
65383
65383
65384
65385
65385
65386
65387
65388
65388
65389
65390
65390
65391
65392
65392
65393
65394
65395
65395
65396
65397
65397
65398
65399
65399
65400
65401
65402
65402
65403
65404
65404
65405
65406
65406
65407
65408
65409
65409
65410
65411
65411
65412
65413
65413
65414
65415
65416
65416
65417
65418
65418
65419
65420
65420
65421
65422
65423
65423
65424
65425
65425
65426
65427
65427
65428
65429
65430
65430
65431
65432
65432
65433
65434
65434
65435
65436
65437
65437
65438
65439
65439
65440
65441
65441
65442
65443
65444
65444
65445
65446
65446
65447
65448
65448
65449
65450
65451
65451
65452
65453
65453
65454
65455
65455
65456
65457
65458
65458
65459
65460
65460
65461
65462
65462
65463
65464
65465
65465
65466
65467
65467
65468
65469
65469
65470
65471
65472
65472
65473
65474
65474
65475
65476
65476
65477
65478
65479
65479
65480
65481
65481
65482
65483
65483
65484
65485
65486
65486
65487
65488
65488
65489
65490
65490
65491
65492
65493
65493
65494
65495
65495
65496
65497
65497
65498
65499
65500
65500
65501
65502
65502
65503
65504
65504
65505
65506
65507
65507
65508
65509
65509
65510
65511
65511
65512
65513
65514
65514
65515
65516
65516
65517
65518
65518
65519
65520
65521
65521
65522
65523
65523
65524
65525
65525
65526
65527
65528
65528
65529
65530
65530
65531
65532
65532
65533
65534
65535
65535
65536
65537
65537
65538
65539
65539
65540
65541
65542
65542
65543
65544
65544
65545
65546
65546
65547
65548
65549
65549
65550
65551
65551
65552
65553
65553
65554
65555
65556
65556
65557
65558
65558
65559
65560
65560
65561
65562
65563
65563
65564
65565
65565
65566
65567
65567
65568
65569
65570
65570
65571
65572
65572
65573
65574
65574
65575
65576
65577
65577
65578
65579
65579
65580
65581
65581
65582
65583
65584
65584
65585
65586
65586
65587
65588
65588
65589
65590
65591
65591
65592
65593
65593
65594
65595
65595
65596
65597
65598
65598
65599
65600
65600
65601
65602
65602
65603
65604
65605
65605
65606
65607
65607
65608
65609
65609
65610
65611
65612
65612
65613
65614
65614
65615
65616
65616
65617
65618
65619
65619
65620
65621
65621
65622
65623
65623
65624
65625
65626
65626
65627
65628
65628
65629
65630
65630
65631
65632
65633
65633
65634
65635
65635
65636
65637
65637
65638
65639
65640
65640
65641
65642
65642
65643
65644
65644
65645
65646
65647
65647
65648
65649
65649
65650
65651
65651
65652
65653
65654
65654
65655
65656
65656
65657
65658
65658
65659
65660
65661
65661
65662
65663
65663
65664
65665
65665
65666
65667
65668
65668
65669
65670
65670
65671
65672
65672
65673
65674
65675
65675
65676
65677
65677
65678
65679
65679
65680
65681
65682
65682
65683
65684
65684
65685
65686
65686
65687
65688
