62254
62255
62255
62256
62257
62257
62258
62259
62259
62260
62261
62262
62262
62263
62264
62264
62265
62266
62266
62267
62268
62269
62269
62270
62271
62271
62272
62273
62273
62274
62275
62276
62276
62277
62278
62278
62279
62280
62280
62281
62282
62283
62283
62284
62285
62285
62286
62287
62287
62288
62289
62290
62290
62291
62292
62292
62293
62294
62294
62295
62296
62297
62297
62298
62299
62299
62300
62301
62301
62302
62303
62304
62304
62305
62306
62306
62307
62308
62308
62309
62310
62311
62311
62312
62313
62313
62314
62315
62315
62316
62317
62318
62318
62319
62320
62320
62321
62322
62322
62323
62324
62325
62325
62326
62327
62327
62328
62329
62329
62330
62331
62332
62332
62333
62334
62334
62335
62336
62336
62337
62338
62339
62339
62340
62341
62341
62342
62343
62343
62344
62345
62346
62346
62347
62348
62348
62349
62350
62350
62351
62352
62353
62353
62354
62355
62355
62356
62357
62357
62358
62359
62360
62360
62361
62362
62362
62363
62364
62364
62365
62366
62367
62367
62368
62369
62369
62370
62371
62371
62372
62373
62374
62374
62375
62376
62376
62377
62378
62378
62379
62380
62381
62381
62382
62383
62383
62384
62385
62385
62386
62387
62388
62388
62389
62390
62390
62391
62392
62392
62393
62394
62395
62395
62396
62397
62397
62398
62399
62399
62400
62401
62402
62402
62403
62404
62404
62405
62406
62406
62407
62408
62409
62409
62410
62411
62411
62412
62413
62413
62414
62415
62416
62416
62417
62418
62418
62419
62420
62420
62421
62422
62423
62423
62424
62425
62425
62426
62427
62427
62428
62429
62430
62430
62431
62432
62432
62433
62434
62434
62435
62436
62437
62437
62438
62439
62439
62440
62441
62441
62442
62443
62444
62444
62445
62446
62446
62447
62448
62448
62449
62450
62451
62451
62452
62453
62453
62454
62455
62455
62456
62457
62458
62458
62459
62460
62460
62461
62462
62462
62463
62464
62465
62465
62466
62467
62467
62468
62469
62469
62470
62471
62472
62472
62473
62474
62474
62475
62476
62476
62477
62478
62479
62479
62480
62481
62481
62482
62483
62483
62484
