La	Lo	Sig	Theta	Ice
56.120000	137.690000	-2.112000	-14.394000	1
56.092000	137.750000	-2.114300	-14.393000	1
56.064000	137.810000	-2.098200	-14.393000	1
56.035000	137.870000	-1.417900	-14.393000	1
56.007000	137.930000	-0.415220	-14.393000	1
55.978000	137.990000	1.342500	-14.392000	1
55.950000	138.050000	-2.829300	-14.392000	1
55.921000	138.100000	-3.492100	-14.392000	1
55.892000	138.160000	-0.741710	-14.391000	1
55.864000	138.220000	-3.834800	-14.391000	1
55.835000	138.280000	-5.549200	-14.391000	1
55.806000	138.340000	-2.114600	-14.391000	1
52.469000	144.320000	-4.545500	-14.389000	1
52.437000	144.370000	-3.183000	-14.389000	1
52.405000	144.420000	-3.502200	-14.389000	1
52.373000	144.470000	-4.200400	-14.389000	1
52.341000	144.510000	-4.536600	-14.389000	1
52.309000	144.560000	-2.827200	-14.389000	1
52.277000	144.610000	-3.180300	-14.389000	1
52.245000	144.660000	-2.495700	-14.389000	1
52.213000	144.710000	-2.862700	-14.389000	1
52.181000	144.760000	-3.857700	-14.389000	1
52.150000	144.810000	-2.473600	-14.389000	1
52.117000	144.860000	-2.834800	-14.389000	1
52.085000	144.910000	-1.456900	-14.389000	1
52.053000	144.960000	-1.804400	-14.389000	1
52.021000	145.010000	0.945520	-14.389000	1
51.989000	145.050000	1.635100	-14.390000	1
51.957000	145.100000	-1.119600	-14.390000	1
51.925000	145.150000	-0.422560	-14.389000	1
51.892000	145.200000	1.654500	-14.389000	1
51.860000	145.250000	1.300200	-14.389000	1
51.828000	145.300000	-3.188700	-14.389000	1
51.796000	145.350000	0.257440	-14.389000	1
51.763000	145.390000	-2.496000	-14.389000	1
51.731000	145.440000	-1.122500	-14.389000	1
51.699000	145.490000	-2.495300	-14.389000	1
51.666000	145.540000	-0.757680	-14.389000	1
56.130000	137.800000	-1.078300	-13.636000	1
56.101000	137.860000	-1.078300	-13.636000	1
56.073000	137.920000	-1.072000	-13.635000	1
56.045000	137.980000	-0.725640	-13.635000	1
56.016000	138.040000	0.301920	-13.635000	1
55.987000	138.100000	1.331900	-13.635000	1
55.959000	138.160000	0.308020	-13.634000	1
55.930000	138.220000	-0.724670	-13.634000	1
55.901000	138.280000	-1.414500	-13.634000	1
55.873000	138.340000	-2.788600	-13.634000	1
55.844000	138.400000	-3.819100	-13.633000	1
55.815000	138.460000	-3.821600	-13.633000	1
52.152000	144.920000	-3.502700	-13.632000	1
52.120000	144.960000	-4.528600	-13.632000	1
52.088000	145.010000	1.653200	-13.632000	1
52.055000	145.060000	0.272550	-13.632000	1
52.023000	145.110000	1.304600	-13.632000	1
51.991000	145.160000	-0.757480	-13.632000	1
51.959000	145.210000	1.308800	-13.632000	1
51.927000	145.260000	2.701300	-13.632000	1
51.894000	145.310000	1.655000	-13.632000	1
51.862000	145.350000	-1.798000	-13.632000	1
51.830000	145.400000	2.351000	-13.632000	1
51.798000	145.450000	-0.767340	-13.632000	1
51.765000	145.500000	-2.139200	-13.632000	1
51.733000	145.550000	-0.741050	-13.632000	1
51.700000	145.590000	-2.462100	-13.632000	1
51.668000	145.640000	-2.825300	-13.632000	1
51.636000	145.690000	-2.813400	-13.632000	1
56.196000	137.800000	-0.746520	-12.877000	1
56.168000	137.860000	-0.063952	-12.877000	1
56.139000	137.920000	-0.060189	-12.876000	1
56.111000	137.980000	-1.432700	-12.876000	1
56.082000	138.040000	-0.392550	-12.876000	1
56.054000	138.100000	0.643680	-12.876000	1
56.025000	138.160000	-0.764020	-12.875000	1
55.996000	138.220000	0.293540	-12.875000	1
55.968000	138.270000	0.265920	-12.875000	1
55.939000	138.330000	-1.794400	-12.875000	1
55.910000	138.390000	-2.457000	-12.875000	1
55.881000	138.450000	-4.531300	-12.874000	1
52.186000	144.970000	-0.734300	-12.873000	1
52.154000	145.020000	-1.081800	-12.873000	1
52.122000	145.070000	2.682300	-12.873000	1
52.090000	145.120000	1.685700	-12.873000	1
52.057000	145.170000	4.402500	-12.873000	1
52.025000	145.220000	3.066000	-12.873000	1
51.993000	145.260000	4.425700	-12.873000	1
51.961000	145.310000	1.674900	-12.873000	1
51.928000	145.360000	4.084400	-12.873000	1
51.896000	145.410000	0.974900	-12.873000	1
51.864000	145.460000	1.336800	-12.873000	1
51.831000	145.510000	5.462500	-12.873000	1
51.799000	145.550000	1.664100	-12.873000	1
51.767000	145.600000	0.973380	-12.873000	1
51.734000	145.650000	-1.102500	-12.873000	1
51.702000	145.700000	-0.388850	-12.873000	1
56.262000	137.790000	-4.084500	-12.117000	1
56.234000	137.850000	1.422600	-12.117000	1
56.205000	137.910000	1.086400	-12.117000	1
56.177000	137.970000	0.070118	-12.116000	1
56.148000	138.030000	1.790300	-12.116000	1
56.120000	138.090000	2.480300	-12.116000	1
56.091000	138.150000	0.417670	-12.116000	1
56.062000	138.210000	1.110100	-12.115000	1
56.034000	138.270000	0.396130	-12.115000	1
56.005000	138.330000	-1.300300	-12.115000	1
55.976000	138.390000	-0.960410	-12.115000	1
55.947000	138.450000	-2.356800	-12.115000	1
55.919000	138.510000	-1.674400	-12.114000	1
55.890000	138.570000	-3.020900	-12.114000	1
52.284000	144.930000	1.731400	-12.113000	1
52.252000	144.980000	-0.331040	-12.113000	1
52.220000	145.030000	0.012617	-12.113000	1
52.188000	145.080000	5.182300	-12.113000	1
52.156000	145.130000	1.387800	-12.113000	1
52.123000	145.180000	1.047300	-12.113000	1
52.091000	145.220000	1.058200	-12.113000	1
52.059000	145.270000	2.766500	-12.113000	1
52.027000	145.320000	3.442100	-12.113000	1
51.994000	145.370000	3.812900	-12.113000	1
51.962000	145.420000	2.077100	-12.113000	1
51.930000	145.470000	2.767800	-12.113000	1
51.898000	145.510000	1.045200	-12.113000	1
51.865000	145.560000	3.455200	-12.113000	1
51.833000	145.610000	-0.657660	-12.113000	1
51.800000	145.660000	-2.759400	-12.113000	1
56.328000	137.790000	-7.170900	-11.364000	1
56.299000	137.850000	-0.618150	-11.364000	1
56.271000	137.910000	4.898400	-11.364000	1
56.242000	137.970000	4.216000	-11.363000	1
56.214000	138.030000	2.489700	-11.363000	1
56.185000	138.090000	1.792100	-11.363000	1
56.157000	138.150000	1.109500	-11.363000	1
56.128000	138.210000	1.799500	-11.362000	1
56.099000	138.270000	0.768020	-11.362000	1
56.071000	138.330000	2.139300	-11.362000	1
56.042000	138.380000	0.779410	-11.361000	1
56.013000	138.440000	-0.954590	-11.361000	1
55.984000	138.500000	-1.637200	-11.361000	1
52.318000	144.990000	3.833200	-11.360000	1
52.286000	145.040000	3.485000	-11.360000	1
52.253000	145.080000	3.848400	-11.360000	1
52.221000	145.130000	4.887900	-11.360000	1
52.189000	145.180000	4.519800	-11.360000	1
52.157000	145.230000	1.072900	-11.360000	1
52.125000	145.280000	2.108700	-11.360000	1
52.092000	145.330000	3.149400	-11.360000	1
52.060000	145.380000	3.489400	-11.360000	1
52.028000	145.430000	4.179500	-11.360000	1
51.995000	145.470000	0.066942	-11.360000	1
51.963000	145.520000	3.167000	-11.360000	1
51.931000	145.570000	4.155500	-11.360000	1
51.898000	145.620000	1.436100	-11.360000	1
51.866000	145.670000	-0.300860	-11.360000	1
51.833000	145.710000	-0.982970	-11.360000	1
51.801000	145.760000	0.404010	-11.360000	1
56.336000	137.900000	5.961900	-10.603000	1
56.308000	137.960000	5.621900	-10.603000	1
56.279000	138.020000	4.959600	-10.603000	1
56.251000	138.080000	3.929400	-10.603000	1
56.222000	138.140000	2.185600	-10.602000	1
56.194000	138.200000	2.525600	-10.602000	1
56.165000	138.260000	1.495400	-10.602000	1
56.136000	138.320000	2.185400	-10.601000	1
56.108000	138.380000	1.145300	-10.601000	1
56.079000	138.440000	3.221500	-10.601000	1
56.050000	138.500000	3.932800	-10.601000	1
56.021000	138.560000	1.835100	-10.601000	1
55.992000	138.620000	-1.605200	-10.600000	1
55.963000	138.680000	-0.575230	-10.600000	1
52.351000	145.040000	4.239100	-10.599000	1
52.319000	145.090000	5.268500	-10.599000	1
52.287000	145.140000	6.648000	-10.599000	1
52.255000	145.190000	5.611200	-10.599000	1
52.223000	145.240000	4.921300	-10.599000	1
52.190000	145.290000	4.236100	-10.599000	1
52.158000	145.340000	5.616200	-10.599000	1
52.126000	145.380000	4.239100	-10.600000	1
52.093000	145.430000	2.855300	-10.599000	1
52.061000	145.480000	4.921000	-10.599000	1
52.029000	145.530000	3.862900	-10.599000	1
51.996000	145.580000	1.137300	-10.599000	1
51.964000	145.630000	1.465300	-10.599000	1
51.932000	145.670000	3.192300	-10.599000	1
51.899000	145.720000	5.947900	-10.599000	1
51.867000	145.770000	3.537200	-10.599000	1
51.834000	145.820000	1.483900	-10.599000	1
51.802000	145.870000	4.226900	-10.599000	1
51.769000	145.910000	2.166600	-10.599000	1
51.737000	145.960000	-2.313900	-10.599000	1
56.373000	137.960000	4.926300	-9.847200	1
56.345000	138.020000	4.926300	-9.846900	1
56.316000	138.080000	6.306400	-9.846900	1
56.287000	138.140000	5.276300	-9.846500	1
56.259000	138.200000	1.850000	-9.846300	1
56.230000	138.260000	0.794720	-9.846000	1
56.202000	138.320000	2.866100	-9.845700	1
56.173000	138.380000	3.212300	-9.845400	1
56.144000	138.440000	3.212200	-9.845100	1
56.115000	138.490000	4.244600	-9.844900	1
56.086000	138.550000	0.121820	-9.844600	1
56.058000	138.610000	5.608200	-9.844600	1
56.029000	138.670000	2.189400	-9.844300	1
56.000000	138.730000	2.181700	-9.844000	1
55.971000	138.790000	0.794020	-9.843900	1
55.942000	138.850000	-0.242330	-9.843800	1
55.913000	138.910000	2.857700	-9.843400	1
52.352000	145.150000	5.618100	-9.843300	1
52.320000	145.200000	5.631200	-9.843400	1
52.288000	145.240000	5.629900	-9.843400	1
52.256000	145.290000	2.187400	-9.843500	1
52.223000	145.340000	2.877500	-9.843400	1
52.191000	145.390000	4.939400	-9.843500	1
52.159000	145.440000	3.219000	-9.843700	1
52.126000	145.490000	5.272200	-9.843500	1
52.094000	145.540000	8.371700	-9.843500	1
52.062000	145.580000	8.387400	-9.843500	1
52.029000	145.630000	3.890500	-9.843300	1
51.997000	145.680000	6.652500	-9.843400	1
51.965000	145.730000	2.507900	-9.843200	1
51.932000	145.780000	1.155800	-9.843200	1
51.900000	145.830000	3.202000	-9.843300	1
51.867000	145.870000	0.777920	-9.843100	1
56.410000	138.010000	-5.387700	-9.092900	1
56.381000	138.070000	3.913300	-9.092700	1
56.352000	138.130000	4.943300	-9.092600	1
56.324000	138.190000	5.290800	-9.092200	1
56.295000	138.250000	6.663300	-9.092100	1
56.267000	138.310000	2.859300	-9.091800	1
56.238000	138.370000	5.619300	-9.091500	1
56.209000	138.430000	2.519200	-9.091100	1
56.180000	138.490000	2.200400	-9.090800	1
56.151000	138.550000	5.976600	-9.090600	1
56.123000	138.610000	3.898900	-9.090400	1
56.094000	138.670000	3.570200	-9.090300	1
56.065000	138.730000	3.916300	-9.090100	1
56.036000	138.790000	0.819750	-9.089700	1
56.007000	138.850000	-2.288000	-9.089600	1
55.978000	138.900000	1.156400	-9.089500	1
52.417000	145.150000	3.871600	-9.089300	1
52.385000	145.200000	8.681700	-9.089200	1
52.353000	145.250000	2.828000	-9.089300	1
52.321000	145.300000	8.001800	-9.089300	1
52.289000	145.350000	4.551300	-9.089300	1
52.256000	145.400000	9.030800	-9.089300	1
52.224000	145.450000	8.686500	-9.089400	1
52.192000	145.490000	4.899800	-9.089600	1
52.159000	145.540000	5.576700	-9.089400	1
52.127000	145.590000	9.024900	-9.089300	1
52.094000	145.640000	8.674400	-9.089300	1
52.062000	145.690000	5.237500	-9.089200	1
52.030000	145.740000	5.584400	-9.089300	1
51.997000	145.780000	5.234400	-9.089100	1
51.965000	145.830000	1.454100	-9.089100	1
56.446000	138.060000	-5.453500	-8.336800	1
56.417000	138.120000	4.867400	-8.336500	1
56.389000	138.190000	5.541200	-8.336400	1
56.360000	138.250000	3.803500	-8.336000	1
56.331000	138.310000	5.549800	-8.335900	1
56.303000	138.370000	4.519700	-8.335600	1
56.274000	138.420000	4.169600	-8.335300	1
56.245000	138.480000	4.177000	-8.335000	1
56.216000	138.540000	3.803100	-8.334700	1
56.188000	138.600000	1.426700	-8.334500	1
56.159000	138.660000	1.769000	-8.334200	1
56.130000	138.720000	6.212800	-8.334200	1
56.101000	138.780000	1.742600	-8.333900	1
56.072000	138.840000	0.366500	-8.333600	1
56.043000	138.900000	-2.357500	-8.333500	1
52.483000	145.160000	5.557100	-8.333200	1
52.450000	145.210000	8.663400	-8.333200	1
52.418000	145.260000	4.555300	-8.333100	1
52.386000	145.310000	5.208900	-8.333200	1
52.354000	145.360000	10.382000	-8.333200	1
52.321000	145.400000	5.911600	-8.333300	1
52.289000	145.450000	7.287900	-8.333200	1
52.257000	145.500000	7.266800	-8.333300	1
52.224000	145.550000	7.630100	-8.333500	1
52.192000	145.600000	10.030000	-8.333300	1
52.159000	145.650000	6.248900	-8.333300	1
52.127000	145.700000	4.887200	-8.333300	1
52.095000	145.740000	4.869700	-8.333100	1
52.062000	145.790000	9.693800	-8.333200	1
52.030000	145.840000	7.629800	-8.333000	1
51.997000	145.890000	5.192200	-8.333000	1
56.425000	138.240000	3.871200	-7.579900	1
56.396000	138.300000	1.463500	-7.579500	1
56.368000	138.360000	5.597300	-7.579400	1
56.339000	138.420000	4.220900	-7.579100	1
56.310000	138.480000	3.534600	-7.578800	1
56.281000	138.540000	4.216900	-7.578400	1
56.252000	138.600000	3.870500	-7.578100	1
56.223000	138.660000	7.316700	-7.578000	1
56.195000	138.720000	8.354000	-7.577700	1
56.166000	138.780000	4.568000	-7.577700	1
56.137000	138.840000	2.840300	-7.577400	1
56.108000	138.900000	3.874000	-7.577100	1
56.079000	138.960000	-0.603680	-7.577000	1
56.050000	139.010000	0.433830	-7.576900	1
52.515000	145.210000	7.961800	-7.576800	1
52.483000	145.260000	7.295100	-7.576800	1
52.451000	145.310000	5.914500	-7.576700	1
52.418000	145.360000	7.974000	-7.576800	1
52.386000	145.410000	7.279700	-7.576800	1
52.354000	145.460000	6.935500	-7.576900	1
52.321000	145.510000	7.292400	-7.576800	1
52.289000	145.560000	7.291900	-7.576900	1
52.257000	145.610000	10.724000	-7.577100	1
52.224000	145.650000	9.004200	-7.576900	1
52.192000	145.700000	7.278000	-7.576900	1
52.159000	145.750000	6.230500	-7.576900	1
52.127000	145.800000	8.308000	-7.576700	1
52.095000	145.850000	10.374000	-7.576800	1
52.062000	145.900000	1.774200	-7.576600	1
52.029000	145.940000	5.904200	-7.576600	1
51.997000	145.990000	4.873700	-7.576700	1
51.964000	146.040000	7.949100	-7.576500	1
51.932000	146.090000	7.608400	-7.576600	1
51.899000	146.140000	7.961400	-7.576600	1
51.866000	146.180000	3.816900	-7.576700	1
56.461000	138.290000	1.704100	-6.825700	1
56.432000	138.350000	3.083900	-6.825300	1
56.403000	138.410000	2.737700	-6.825200	1
56.375000	138.470000	5.147600	-6.824800	1
56.346000	138.530000	4.803700	-6.824600	1
56.317000	138.590000	6.183500	-6.824200	1
56.288000	138.650000	6.183300	-6.823900	1
56.259000	138.710000	6.873500	-6.823800	1
56.230000	138.770000	4.463300	-6.823500	1
56.201000	138.830000	6.527100	-6.823500	1
56.172000	138.890000	6.876900	-6.823200	1
56.143000	138.950000	3.083000	-6.822900	1
56.114000	139.010000	2.392900	-6.822800	1
56.085000	139.070000	-0.000926	-6.822700	1
56.496000	138.350000	4.537400	-6.071100	1
56.468000	138.410000	4.543600	-6.070800	1
56.439000	138.470000	5.217200	-6.070600	1
56.410000	138.530000	4.877000	-6.070300	1
56.381000	138.590000	5.216800	-6.070000	1
56.353000	138.650000	4.876600	-6.069700	1
56.324000	138.710000	7.292700	-6.069400	1
56.295000	138.770000	7.980300	-6.069200	1
56.266000	138.830000	8.320100	-6.068900	1
56.237000	138.890000	10.736000	-6.068900	1
56.208000	138.950000	9.016300	-6.068600	1
56.179000	139.000000	5.562400	-6.068300	1
56.150000	139.060000	5.576100	-6.068200	1
56.120000	139.120000	3.856000	-6.068100	1
56.091000	139.180000	0.415680	-6.067700	1
52.644000	145.230000	5.548700	-6.068100	1
52.612000	145.280000	5.582300	-6.068100	1
52.580000	145.320000	10.018000	-6.068200	1
52.548000	145.370000	8.297800	-6.068200	1
52.515000	145.420000	10.367000	-6.068200	1
52.483000	145.470000	9.023100	-6.068200	1
52.451000	145.520000	8.329900	-6.068200	1
52.418000	145.570000	4.855700	-6.068300	1
52.386000	145.620000	3.508700	-6.068200	1
52.354000	145.670000	8.330800	-6.068300	1
52.321000	145.720000	10.742000	-6.068500	1
52.289000	145.760000	12.122000	-6.068400	1
52.256000	145.810000	7.301600	-6.068300	1
52.224000	145.860000	10.742000	-6.068300	1
52.191000	145.910000	9.021600	-6.068200	1
52.159000	145.960000	9.361700	-6.068200	1
52.126000	146.010000	4.551200	-6.068100	1
52.093000	146.050000	3.860600	-6.068000	1
52.061000	146.100000	11.080000	-6.068100	1
52.028000	146.150000	9.359500	-6.067900	1
51.996000	146.200000	9.709000	-6.068100	1
51.963000	146.250000	11.768000	-6.068100	1
51.930000	146.290000	10.034000	-6.068100	1
51.897000	146.340000	9.343100	-6.068100	1
51.865000	146.390000	5.898600	-6.068100	1
56.618000	138.220000	0.040914	-5.316800	1
56.590000	138.280000	1.070900	-5.316500	1
56.561000	138.340000	4.170900	-5.316300	1
56.532000	138.400000	4.837300	-5.316100	1
56.503000	138.460000	5.527200	-5.315800	1
56.475000	138.520000	5.877100	-5.315600	1
56.446000	138.580000	4.156700	-5.315300	1
56.417000	138.640000	5.186500	-5.315100	1
56.388000	138.700000	6.202600	-5.314700	1
56.359000	138.760000	6.906100	-5.314400	1
56.330000	138.820000	8.280000	-5.314300	1
56.301000	138.880000	9.659800	-5.313900	1
56.272000	138.940000	10.350000	-5.314000	1
56.243000	139.000000	7.613200	-5.313700	1
56.214000	139.060000	7.939400	-5.313400	1
56.185000	139.120000	6.559400	-5.313300	1
56.156000	139.180000	4.839300	-5.313200	1
56.126000	139.240000	2.429000	-5.312800	1
56.097000	139.300000	1.735400	-5.312800	1
56.654000	138.280000	7.377800	-4.562000	1
56.625000	138.340000	2.211100	-4.561700	1
56.596000	138.400000	2.901100	-4.561500	1
56.568000	138.460000	5.311100	-4.561300	1
56.539000	138.520000	5.651000	-4.561100	1
56.510000	138.580000	4.960800	-4.560900	1
56.481000	138.640000	6.340500	-4.560500	1
56.452000	138.700000	8.060200	-4.560300	1
56.423000	138.760000	7.370000	-4.559900	1
56.394000	138.820000	7.369700	-4.559600	1
56.365000	138.880000	4.970000	-4.559500	1
56.336000	138.940000	5.319800	-4.559100	1
56.307000	139.000000	4.963400	-4.559200	1
56.278000	139.050000	5.659600	-4.558900	1
56.249000	139.110000	6.343000	-4.558600	1
56.220000	139.170000	5.999400	-4.558500	1
56.191000	139.230000	4.629300	-4.558400	1
56.162000	139.290000	3.585500	-4.558000	1
52.709000	145.340000	7.826300	-4.558600	1
52.677000	145.390000	7.462900	-4.558600	1
52.644000	145.430000	12.623000	-4.558700	1
52.612000	145.480000	13.312000	-4.558700	1
52.580000	145.530000	12.622000	-4.558700	1
52.547000	145.580000	9.894700	-4.558700	1
52.515000	145.630000	11.931000	-4.558700	1
52.482000	145.680000	13.310000	-4.558800	1
52.450000	145.730000	12.606000	-4.558700	1
52.417000	145.780000	14.339000	-4.558700	1
52.385000	145.830000	8.135700	-4.558900	1
52.352000	145.870000	11.589000	-4.558800	1
52.320000	145.920000	9.165700	-4.558800	1
52.287000	145.970000	12.266000	-4.558800	1
52.255000	146.020000	11.576000	-4.558700	1
52.222000	146.070000	9.869400	-4.558700	1
52.190000	146.120000	7.785600	-4.558600	1
52.157000	146.160000	11.915000	-4.558500	1
52.124000	146.210000	13.985000	-4.558600	1
52.092000	146.260000	11.574000	-4.558400	1
52.059000	146.310000	10.883000	-4.558500	1
52.026000	146.360000	13.293000	-4.558500	1
51.993000	146.400000	12.602000	-4.558600	1
51.961000	146.450000	8.468100	-4.558600	1
51.928000	146.500000	10.187000	-4.558600	1
56.747000	138.210000	-4.489600	-3.806200	1
56.718000	138.270000	0.341150	-3.806100	1
56.689000	138.330000	12.748000	-3.806300	1
56.661000	138.390000	7.238000	-3.806000	1
56.632000	138.450000	5.177900	-3.805800	1
56.603000	138.510000	6.207900	-3.805700	1
56.574000	138.570000	6.207600	-3.805400	1
56.545000	138.630000	7.587400	-3.805200	1
56.516000	138.690000	7.927000	-3.804800	1
56.488000	138.750000	6.556800	-3.804600	1
56.459000	138.810000	5.866500	-3.804300	1
56.430000	138.870000	4.836200	-3.803900	1
56.401000	138.930000	5.492700	-3.803800	1
56.372000	138.990000	5.496400	-3.803400	1
56.342000	139.050000	6.876500	-3.803500	1
56.313000	139.110000	5.179700	-3.803200	1
56.284000	139.170000	3.436000	-3.802900	1
56.255000	139.230000	3.459500	-3.802800	1
56.226000	139.290000	3.799400	-3.802700	1
56.970000	138.770000	13.025000	2.234000	1
56.941000	138.830000	10.302000	2.234200	1
56.912000	138.890000	9.616300	2.234300	1
56.883000	138.950000	9.613100	2.234600	1
56.854000	139.010000	9.925600	2.234700	1
56.825000	139.070000	10.276000	2.235000	1
56.796000	139.130000	10.276000	2.235400	1
56.766000	139.190000	12.703000	2.235500	1
56.737000	139.250000	10.616000	2.235900	1
56.708000	139.310000	9.926600	2.236200	1
56.679000	139.370000	9.603500	2.236200	1
56.650000	139.430000	8.913900	2.236700	1
56.620000	139.490000	7.543800	2.236600	1
56.591000	139.550000	8.578000	2.236800	1
56.562000	139.610000	8.918300	2.237100	1
56.532000	139.670000	7.888300	2.237200	1
56.503000	139.730000	8.578400	2.237300	1
56.473000	139.790000	8.918700	2.237700	1
56.444000	139.850000	9.608700	2.237700	1
56.414000	139.900000	7.888900	2.238000	1
57.005000	138.820000	13.337000	2.990200	1
56.976000	138.890000	8.205800	2.990300	1
56.947000	138.950000	8.552700	2.990400	1
56.918000	139.010000	9.235200	2.990700	1
56.889000	139.070000	8.517000	2.990800	1
56.860000	139.130000	7.487200	2.991100	1
56.830000	139.190000	8.177400	2.991500	1
56.801000	139.250000	8.517500	2.991600	1
56.772000	139.310000	8.524500	2.992000	1
56.743000	139.370000	10.582000	2.992300	1
56.714000	139.430000	10.249000	2.992400	1
56.684000	139.490000	7.149100	2.992900	1
56.655000	139.550000	7.499000	2.992800	1
56.626000	139.610000	8.869200	2.993000	1
56.596000	139.670000	9.219500	2.993300	1
56.567000	139.720000	7.149500	2.993300	1
56.537000	139.780000	7.149600	2.993400	1
56.508000	139.840000	7.839900	2.993800	1
56.478000	139.900000	6.119900	2.993800	1
56.449000	139.960000	6.120100	2.994200	1
56.419000	140.020000	5.429900	2.994000	1
56.982000	139.000000	8.128700	3.745400	1
56.953000	139.060000	6.729900	3.745700	1
56.923000	139.120000	8.418200	3.745700	1
56.894000	139.180000	10.138000	3.746000	1
56.865000	139.240000	9.448600	3.746400	1
56.836000	139.300000	9.112600	3.746500	1
56.807000	139.360000	9.106400	3.747000	1
56.777000	139.420000	7.043100	3.747200	1
56.748000	139.480000	6.703200	3.747300	1
56.719000	139.540000	7.043500	3.747800	1
56.689000	139.600000	8.083500	3.747700	1
56.660000	139.660000	7.733600	3.747900	1
56.631000	139.720000	9.453900	3.748200	1
56.601000	139.780000	7.043900	3.748200	1
56.572000	139.840000	4.984000	3.748300	1
56.542000	139.900000	4.294200	3.748700	1
57.075000	138.940000	1.116100	4.498700	1
57.046000	139.000000	4.552600	4.498700	1
57.017000	139.060000	5.276200	4.498900	1
56.987000	139.120000	7.646300	4.499200	1
56.958000	139.180000	7.996500	4.499200	1
56.929000	139.240000	7.306700	4.499600	1
56.900000	139.300000	9.027000	4.499900	1
56.871000	139.360000	11.097000	4.500100	1
56.841000	139.420000	8.340900	4.500500	1
56.812000	139.480000	7.647500	4.500700	1
56.783000	139.540000	6.967600	4.500800	1
56.753000	139.600000	7.647900	4.501300	1
56.724000	139.660000	6.967900	4.501200	1
56.695000	139.720000	5.588000	4.501400	1
56.665000	139.780000	6.968200	4.501700	1
56.636000	139.840000	6.968200	4.501800	1
56.606000	139.900000	4.208300	4.501900	1
56.577000	139.960000	4.558500	4.502200	1
57.080000	139.050000	5.125400	5.253500	1
57.051000	139.110000	6.845500	5.253700	1
57.022000	139.170000	6.495800	5.254000	1
56.993000	139.240000	7.875800	5.254000	1
56.964000	139.300000	5.815900	5.254300	1
56.935000	139.360000	6.846100	5.254700	1
56.905000	139.420000	6.496200	5.254800	1
56.876000	139.480000	7.522900	5.255300	1
56.847000	139.540000	10.627000	5.255500	1
56.817000	139.600000	9.260400	5.255600	1
56.788000	139.660000	7.187000	5.256000	1
56.759000	139.720000	7.880600	5.256000	1
56.729000	139.770000	7.187100	5.256200	1
56.700000	139.830000	8.907300	5.256500	1
56.670000	139.890000	6.497300	5.256500	1
56.641000	139.950000	4.083800	5.256700	1
56.611000	140.010000	4.437600	5.256900	1
57.144000	139.050000	-1.039500	6.007400	1
57.115000	139.110000	1.724100	6.007300	1
57.086000	139.170000	5.854200	6.007600	1
57.057000	139.230000	6.888200	6.007800	1
57.028000	139.290000	7.238100	6.007900	1
56.999000	139.350000	9.302000	6.008200	1
56.969000	139.410000	6.548500	6.008600	1
56.940000	139.470000	9.988600	6.008700	1
56.911000	139.530000	7.238900	6.009100	1
56.881000	139.590000	5.522700	6.009400	1
56.852000	139.650000	7.915400	6.009400	1
56.823000	139.710000	6.535600	6.009900	1
56.793000	139.770000	6.549300	6.009900	1
56.764000	139.830000	5.519400	6.010000	1
56.734000	139.890000	4.829600	6.010300	1
56.705000	139.950000	4.139600	6.010400	1
56.675000	140.010000	3.436000	6.010500	1
56.645000	140.070000	2.759800	6.010800	1
56.616000	140.130000	1.389700	6.010800	1
56.586000	140.190000	2.080000	6.011200	1
56.556000	140.250000	4.472600	6.011100	1
56.527000	140.300000	7.912600	6.011200	1
56.497000	140.360000	6.894300	6.011300	1
56.467000	140.420000	10.331000	6.011400	1
57.150000	139.170000	2.242000	6.759200	1
57.121000	139.230000	5.349600	6.759500	1
57.092000	139.290000	10.166000	6.759700	1
57.063000	139.350000	9.129700	6.759800	1
57.033000	139.410000	10.166000	6.760100	1
57.004000	139.470000	7.066300	6.760500	1
56.975000	139.530000	9.130100	6.760600	1
56.945000	139.590000	10.863000	6.761100	1
56.916000	139.650000	7.756800	6.761200	1
56.887000	139.710000	3.626800	6.761300	1
56.857000	139.770000	5.347100	6.761800	1
56.828000	139.830000	7.760800	6.761800	1
56.798000	139.890000	8.790900	6.761900	1
56.769000	139.950000	6.381000	6.762200	1
56.739000	140.010000	3.283600	6.762300	1
57.185000	139.220000	2.898200	7.518700	1
57.156000	139.290000	4.958300	7.519000	1
57.127000	139.350000	5.298300	7.519300	1
57.098000	139.410000	5.652100	7.519300	1
57.068000	139.470000	6.321000	7.519600	1
57.039000	139.530000	7.376200	7.520000	1
57.010000	139.590000	7.712600	7.520100	1
56.980000	139.650000	5.631600	7.520600	1
56.951000	139.710000	4.259200	7.520800	1
56.921000	139.770000	4.255500	7.520900	1
56.892000	139.830000	5.997000	7.521300	1
56.863000	139.890000	3.229500	7.521300	1
56.833000	139.950000	3.919600	7.521500	1
56.803000	140.010000	6.322300	7.521700	1
57.220000	139.280000	1.950900	8.272000	1
57.191000	139.340000	5.051000	8.272300	1
57.162000	139.400000	6.777400	8.272600	1
57.133000	139.460000	4.014800	8.272600	1
57.103000	139.520000	3.674900	8.272900	1
57.074000	139.580000	5.061500	8.273300	1
57.045000	139.640000	3.681600	8.273400	1
57.015000	139.700000	2.998100	8.273900	1
56.986000	139.760000	3.341900	8.274000	1
56.956000	139.820000	2.985700	8.274200	1
56.927000	139.880000	3.682200	8.274600	1
56.897000	139.940000	4.378500	8.274600	1
56.868000	140.000000	4.028500	8.274700	1
56.838000	140.060000	3.342400	8.275000	1
56.808000	140.120000	3.348700	8.275100	1
56.779000	140.180000	2.998700	8.275200	1
56.749000	140.240000	0.248660	8.275400	1
56.719000	140.300000	-0.787620	8.275500	1
56.690000	140.360000	0.242600	8.275900	1
56.660000	140.420000	0.588790	8.275800	1
56.630000	140.480000	0.938840	8.275900	1
56.600000	140.540000	3.689000	8.276000	1
56.570000	140.590000	7.817000	8.276100	1
56.540000	140.650000	9.203200	8.276100	1
56.510000	140.710000	5.413100	8.276100	1
56.480000	140.770000	-1.127200	8.276200	1
56.450000	140.830000	-2.853700	8.276400	1
57.256000	139.340000	-0.740230	9.030800	1
57.226000	139.400000	2.013700	9.031100	1
57.197000	139.460000	7.176300	9.031400	1
57.168000	139.520000	4.076300	9.031400	1
57.138000	139.580000	7.870300	9.031700	1
57.109000	139.640000	8.208100	9.032100	1
57.080000	139.700000	4.424400	9.032200	1
57.050000	139.760000	1.674500	9.032700	1
57.021000	139.820000	2.364700	9.032900	1
56.991000	139.880000	2.704800	9.033000	1
56.962000	139.940000	1.674900	9.033400	1
56.932000	140.000000	1.328700	9.033500	1
56.903000	140.060000	2.025000	9.033600	1
56.873000	140.120000	1.675100	9.033800	1
56.843000	140.180000	2.025100	9.033900	1
56.814000	140.240000	1.675200	9.034000	1
56.784000	140.300000	5.805400	9.034200	1
56.754000	140.360000	0.291420	9.034300	1
56.724000	140.420000	0.291590	9.034700	1
56.695000	140.480000	4.093000	9.034600	1
56.665000	140.540000	2.337900	9.034700	1
56.635000	140.590000	0.645350	9.034800	1
56.605000	140.650000	-0.388490	9.034900	1
56.575000	140.710000	-1.428600	9.034900	1
56.545000	140.770000	-2.795000	9.034900	1
56.515000	140.830000	-1.424500	9.035000	1
56.485000	140.890000	5.469500	9.035200	1
56.455000	140.940000	1.679200	9.035100	1
56.425000	141.000000	-0.384820	9.035100	1
57.291000	139.400000	2.418200	9.785000	1
57.262000	139.460000	-0.369530	9.785300	1
57.232000	139.520000	1.374500	9.785600	1
57.203000	139.580000	3.094600	9.785600	1
57.174000	139.640000	2.047200	9.785900	1
57.144000	139.700000	3.761200	9.786300	1
57.115000	139.760000	6.861400	9.786400	1
57.085000	139.820000	4.115400	9.786900	1
57.056000	139.880000	1.705400	9.787100	1
57.026000	139.940000	1.379200	9.787200	1
56.997000	140.000000	1.361800	9.787600	1
56.967000	140.060000	0.689390	9.787700	1
56.937000	140.120000	1.355700	9.787800	1
56.908000	140.180000	1.355800	9.788000	1
56.878000	140.240000	0.349540	9.788100	1
56.848000	140.300000	-0.014184	9.788300	1
56.819000	140.360000	0.665900	9.788400	1
56.789000	140.420000	-0.680370	9.788500	1
56.759000	140.480000	5.173800	9.788900	1
56.729000	140.540000	5.152400	9.788800	1
56.699000	140.590000	2.067500	9.788900	1
56.669000	140.650000	-0.697820	9.789000	1
56.639000	140.710000	-0.680260	9.789100	1
56.609000	140.770000	-1.054100	9.789100	1
57.297000	139.520000	-1.460800	10.543000	1
57.268000	139.580000	0.939580	10.543000	1
57.238000	139.640000	4.743600	10.543000	1
57.209000	139.700000	6.800000	10.544000	1
57.179000	139.760000	6.456400	10.544000	1
57.150000	139.820000	1.296400	10.544000	1
57.120000	139.880000	0.606570	10.545000	1
57.091000	139.940000	0.946690	10.545000	1
57.061000	140.000000	3.024400	10.545000	1
57.032000	140.060000	-0.083205	10.545000	1
57.002000	140.120000	4.050900	10.545000	1
56.973000	140.180000	2.657100	10.545000	1
56.943000	140.240000	0.944730	10.546000	1
56.913000	140.300000	0.962320	10.546000	1
56.883000	140.360000	-0.085258	10.546000	1
56.854000	140.420000	-0.079002	10.546000	1
56.824000	140.480000	-1.449100	10.546000	1
56.794000	140.540000	0.958780	10.546000	1
56.764000	140.590000	7.151400	10.546000	1
56.734000	140.650000	6.811400	10.547000	1
56.704000	140.710000	1.277500	10.547000	1
56.674000	140.770000	1.639900	10.547000	1
56.644000	140.830000	-0.071301	10.547000	1
56.614000	140.890000	4.051300	10.547000	1
56.584000	140.950000	2.679800	10.547000	1
56.554000	141.000000	4.399800	10.547000	1
56.524000	141.060000	-0.776750	10.547000	1
56.494000	141.120000	6.121000	10.547000	1
56.464000	141.180000	3.360700	10.547000	1
57.274000	139.700000	3.070200	11.296000	1
57.244000	139.760000	1.725500	11.296000	1
57.215000	139.820000	2.384300	11.296000	1
57.185000	139.880000	0.345710	11.297000	1
57.156000	139.940000	3.758500	11.297000	1
57.126000	140.000000	2.038600	11.297000	1
57.096000	140.060000	3.071100	11.297000	1
57.067000	140.120000	1.008700	11.298000	1
57.037000	140.180000	4.105000	11.298000	1
57.007000	140.240000	6.855100	11.298000	1
56.978000	140.300000	3.411300	11.298000	1
56.948000	140.360000	-1.401300	11.298000	1
56.918000	140.420000	-2.095000	11.298000	1
57.279000	139.820000	0.904010	12.051000	1
57.250000	139.880000	2.948100	12.051000	1
57.220000	139.940000	0.198050	12.052000	1
57.191000	140.000000	-0.831820	12.052000	1
57.161000	140.060000	-1.181800	12.052000	1
57.132000	140.120000	0.538470	12.052000	1
57.102000	140.180000	-1.505400	12.053000	1
57.072000	140.240000	2.624900	12.053000	1
57.043000	140.300000	-1.165300	12.053000	1
57.013000	140.360000	-1.505300	12.053000	1
56.983000	140.420000	-1.532900	12.053000	1
56.953000	140.480000	-1.505200	12.053000	1
56.923000	140.540000	-2.222900	12.053000	1
56.894000	140.600000	-2.545400	12.054000	1
56.864000	140.650000	-2.222800	12.054000	1
56.834000	140.710000	-1.501100	12.054000	1
56.804000	140.770000	3.319200	12.054000	1
56.774000	140.830000	2.601600	12.054000	1
56.744000	140.890000	2.254100	12.054000	1
56.714000	140.950000	-1.502500	12.054000	1
56.684000	141.010000	-2.575100	12.054000	1
56.654000	141.060000	-1.839900	12.054000	1
56.623000	141.120000	-2.575200	12.054000	1
56.593000	141.180000	-3.599300	12.054000	1
56.563000	141.240000	-3.255500	12.054000	1
56.533000	141.300000	1.587300	12.054000	1
56.502000	141.360000	1.913400	12.054000	1
56.472000	141.410000	-2.225800	12.054000	1
57.374000	139.760000	1.671000	12.811000	1
57.345000	139.820000	0.287250	12.811000	1
57.315000	139.880000	-0.742690	12.812000	1
57.286000	139.940000	-0.738810	12.812000	1
57.256000	140.000000	-0.738740	12.812000	1
57.227000	140.060000	-0.734720	12.812000	1
57.197000	140.120000	0.654140	12.813000	1
57.167000	140.180000	-2.458600	12.813000	1
57.138000	140.240000	-2.798500	12.813000	1
57.108000	140.300000	-0.048125	12.813000	1
57.078000	140.360000	3.392100	12.813000	1
57.048000	140.420000	0.985810	12.814000	1
57.019000	140.480000	-0.391900	12.814000	1
56.989000	140.540000	-0.366680	12.814000	1
56.959000	140.600000	-1.428200	12.814000	1
56.929000	140.660000	-2.458300	12.814000	1
56.899000	140.720000	2.012300	12.814000	1
56.869000	140.770000	0.994610	12.814000	1
56.839000	140.830000	3.742300	12.814000	1
56.809000	140.890000	4.772400	12.815000	1
56.779000	140.950000	-2.105700	12.815000	1
56.749000	141.010000	-1.406700	12.815000	1
56.719000	141.070000	3.052200	12.815000	1
56.689000	141.130000	3.742500	12.815000	1
56.659000	141.180000	5.810100	12.815000	1
56.628000	141.240000	-1.076700	12.815000	1
57.557000	139.510000	-1.938800	13.569000	1
57.528000	139.580000	-1.560900	13.569000	1
57.499000	139.640000	-2.247000	13.570000	1
57.469000	139.700000	1.207100	13.569000	1
57.440000	139.760000	-2.923200	13.570000	1
57.410000	139.820000	-0.508910	13.570000	1
57.381000	139.880000	-1.202700	13.570000	1
57.351000	139.940000	-1.538900	13.570000	1
57.322000	140.000000	-0.852340	13.571000	1
57.292000	140.060000	-1.892400	13.571000	1
57.262000	140.120000	-2.572300	13.571000	1
57.233000	140.180000	-3.276200	13.571000	1
57.203000	140.240000	-3.629900	13.571000	1
57.173000	140.300000	-3.262200	13.572000	1
57.144000	140.360000	-0.556880	13.572000	1
57.114000	140.420000	-1.253200	13.572000	1
57.084000	140.480000	0.470920	13.572000	1
57.476000	139.820000	-4.884600	14.322000	1
57.446000	139.880000	-2.474000	14.322000	1
57.417000	139.940000	-2.473800	14.322000	1
57.387000	140.000000	-1.766000	14.322000	1
57.357000	140.060000	2.353300	14.323000	1
57.328000	140.120000	-2.117100	14.323000	1
57.298000	140.180000	-3.837200	14.323000	1
57.268000	140.240000	-3.163300	14.323000	1
57.239000	140.300000	-3.170700	14.323000	1
57.209000	140.360000	-3.837000	14.324000	1
57.179000	140.420000	-3.503200	14.324000	1
57.149000	140.480000	-3.170600	14.324000	1
57.120000	140.540000	-3.496900	14.324000	1
57.090000	140.600000	-3.850800	14.324000	1
57.060000	140.660000	-3.836800	14.325000	1
57.030000	140.720000	-4.193400	14.324000	1
57.000000	140.780000	3.043900	14.325000	1
56.970000	140.840000	0.971570	14.325000	1
56.940000	140.900000	-1.088600	14.325000	1
57.394000	140.120000	-2.625800	15.084000	1
57.364000	140.180000	-2.987000	15.084000	1
57.334000	140.240000	1.151200	15.085000	1
57.305000	140.300000	0.476250	15.085000	1
57.275000	140.360000	-2.285300	15.085000	1
57.245000	140.420000	-2.975500	15.085000	1
57.215000	140.480000	-3.318000	15.085000	1
57.185000	140.540000	-4.005600	15.085000	1
57.156000	140.600000	-3.311700	15.086000	1
57.126000	140.660000	-4.008100	15.086000	1
57.096000	140.720000	-0.578640	15.086000	1
57.066000	140.780000	-0.211060	15.086000	1
57.036000	140.840000	-3.310400	15.086000	1
57.006000	140.900000	-0.586140	15.086000	1
56.976000	140.960000	-3.311600	15.086000	1
56.946000	141.020000	-3.315300	15.087000	1
57.489000	140.070000	-2.329200	15.840000	1
57.460000	140.130000	-3.019300	15.840000	1
57.430000	140.190000	-4.399400	15.840000	1
57.400000	140.250000	-3.359100	15.841000	1
57.370000	140.310000	-3.022600	15.841000	1
57.341000	140.370000	0.078043	15.841000	1
57.311000	140.430000	1.084400	15.841000	1
57.281000	140.490000	-2.682200	15.842000	1
57.251000	140.550000	-4.402800	15.842000	1
57.221000	140.610000	-4.766500	15.842000	1
57.192000	140.670000	-3.736200	15.842000	1
57.162000	140.730000	-4.742900	15.842000	1
57.132000	140.780000	-4.426400	15.842000	1
57.102000	140.840000	-4.735200	15.842000	1
57.072000	140.900000	-1.675700	15.842000	1
57.042000	140.960000	-2.025800	15.843000	1
57.012000	141.020000	-0.950550	15.843000	1
56.981000	141.080000	-2.328300	15.843000	1
56.951000	141.140000	-2.025800	15.843000	1