La	Lo	Sig	Theta	Ice
58.241000	140.520000	-4.978100	-18.181000	1
58.216000	140.590000	-5.316800	-18.181000	1
58.191000	140.650000	-7.000400	-18.181000	1
58.166000	140.720000	-8.044000	-18.181000	1
58.141000	140.790000	-7.724400	-18.181000	1
58.115000	140.860000	-5.619500	-18.181000	1
58.090000	140.930000	-6.328400	-18.181000	1
58.065000	140.990000	-6.335600	-18.181000	1
58.039000	141.060000	-6.321500	-18.181000	1
58.014000	141.130000	-5.630600	-18.181000	1
57.988000	141.200000	-6.320500	-18.181000	1
57.963000	141.260000	-6.681500	-18.181000	1
57.937000	141.330000	-6.307400	-18.181000	1
57.912000	141.400000	-5.650200	-18.181000	1
57.886000	141.470000	-6.319200	-18.181000	1
57.861000	141.530000	-5.288400	-18.180000	1
57.835000	141.600000	-5.275700	-18.181000	1
57.809000	141.670000	-5.650400	-18.180000	1
57.783000	141.730000	-4.925300	-18.181000	1
57.757000	141.800000	-4.622900	-18.180000	1
57.732000	141.870000	-3.932800	-18.180000	1
57.706000	141.930000	-3.555300	-18.180000	1
57.680000	142.000000	-4.586000	-18.180000	1
57.654000	142.060000	-4.598700	-18.180000	1
57.628000	142.130000	-4.586000	-18.180000	1
57.602000	142.200000	-3.555500	-18.180000	1
57.576000	142.260000	-4.273000	-18.180000	1
57.550000	142.330000	-4.283800	-18.180000	1
57.523000	142.390000	-3.908400	-18.180000	1
57.497000	142.460000	-3.895500	-18.180000	1
57.471000	142.520000	-2.208200	-18.180000	1
57.445000	142.590000	-2.174200	-18.180000	1
57.418000	142.660000	-2.186300	-18.180000	1
57.773000	141.920000	-2.061400	-17.423000	1
57.747000	141.990000	-3.781800	-17.423000	1
57.721000	142.050000	-4.472900	-17.423000	1
57.695000	142.120000	-3.781200	-17.422000	1
57.669000	142.180000	-4.122100	-17.423000	1
57.643000	142.250000	-4.818300	-17.423000	1
57.617000	142.320000	-3.763900	-17.423000	1
57.591000	142.380000	-2.383600	-17.423000	1
57.565000	142.450000	-1.019600	-17.422000	1
57.539000	142.510000	-2.741100	-17.423000	1
57.512000	142.580000	-3.073700	-17.423000	1
57.486000	142.640000	-2.407100	-17.423000	1
57.460000	142.710000	-3.787400	-17.423000	1
57.433000	142.780000	-3.417300	-17.423000	1
57.407000	142.840000	-2.060100	-17.423000	1
58.474000	140.710000	-6.236600	-14.392000	1
58.449000	140.780000	-5.205900	-14.393000	1
58.424000	140.850000	-4.546900	-14.392000	1
58.398000	140.920000	-6.239800	-14.392000	1
58.373000	140.990000	-6.586300	-14.392000	1
58.348000	141.060000	-5.555800	-14.392000	1
58.322000	141.120000	-3.488800	-14.392000	1
58.297000	141.190000	-4.154200	-14.392000	1
58.271000	141.260000	-3.832600	-14.392000	1
58.246000	141.330000	-4.519700	-14.392000	1
58.220000	141.400000	-5.230800	-14.392000	1
58.195000	141.460000	-3.832500	-14.392000	1
58.169000	141.530000	-3.832200	-14.392000	1
58.143000	141.600000	-3.484400	-14.392000	1
58.117000	141.670000	-2.801600	-14.392000	1
58.092000	141.730000	-2.457600	-14.392000	1
58.066000	141.800000	-2.797600	-14.392000	1
58.040000	141.870000	-3.175100	-14.392000	1
58.014000	141.930000	-3.855200	-14.392000	1
57.988000	142.000000	-3.810000	-14.392000	1
57.962000	142.070000	-1.770500	-14.392000	1
57.936000	142.130000	-2.110300	-14.392000	1
57.910000	142.200000	-2.456300	-14.392000	1
57.884000	142.270000	-2.452300	-14.392000	1
57.858000	142.330000	-3.822700	-14.392000	1
57.832000	142.400000	-3.150000	-14.392000	1
57.806000	142.470000	-2.800000	-14.392000	1
57.779000	142.530000	-1.766000	-14.392000	1
57.753000	142.600000	-1.421900	-14.392000	1
57.727000	142.660000	-2.105700	-14.392000	1
57.701000	142.730000	2.705000	-14.392000	1
57.674000	142.800000	-1.058600	-14.392000	1
57.648000	142.860000	2.003400	-14.392000	1
57.621000	142.930000	0.304950	-14.392000	1
57.595000	142.990000	-0.384580	-14.392000	1
57.568000	143.060000	-0.761780	-14.392000	1
57.542000	143.120000	-2.107800	-14.392000	1
57.515000	143.190000	1.331700	-14.392000	1
57.488000	143.250000	-0.715460	-14.392000	1
57.462000	143.320000	-1.076400	-14.392000	1
57.435000	143.380000	2.368000	-14.392000	1
57.408000	143.450000	0.648170	-14.392000	1
57.382000	143.510000	0.308340	-14.392000	1
57.355000	143.580000	4.757300	-14.392000	1
58.209000	141.580000	-2.779400	-13.635000	1
58.183000	141.650000	-2.085400	-13.635000	1
58.158000	141.720000	-1.741800	-13.635000	1
58.132000	141.790000	-2.422100	-13.635000	1
58.106000	141.850000	-1.392100	-13.635000	1
58.080000	141.920000	-1.742300	-13.635000	1
58.054000	141.990000	-2.430200	-13.635000	1
58.028000	142.050000	-2.776500	-13.635000	1
58.002000	142.120000	-2.090200	-13.635000	1
57.976000	142.190000	-1.728100	-13.635000	1
57.950000	142.250000	-2.087200	-13.635000	1
57.924000	142.320000	-2.780800	-13.635000	1
57.898000	142.390000	-2.426700	-13.635000	1
57.872000	142.450000	-3.116400	-13.635000	1
57.846000	142.520000	-0.358080	-13.635000	1
57.819000	142.590000	1.705100	-13.635000	1
57.793000	142.650000	-1.741000	-13.635000	1
57.767000	142.720000	-0.708020	-13.634000	1
57.740000	142.780000	-0.703690	-13.635000	1
57.714000	142.850000	0.670690	-13.635000	1
57.687000	142.910000	-0.706500	-13.635000	1
57.661000	142.980000	-3.116500	-13.635000	1
57.634000	143.050000	0.997070	-13.635000	1
57.608000	143.110000	-1.051400	-13.635000	1
57.581000	143.180000	2.027800	-13.635000	1
58.275000	141.570000	-2.464900	-12.876000	1
58.249000	141.640000	-2.812100	-12.876000	1
58.223000	141.700000	-2.805700	-12.876000	1
58.198000	141.770000	-1.775300	-12.876000	1
58.172000	141.840000	-1.077500	-12.876000	1
58.146000	141.910000	-1.088800	-12.875000	1
58.120000	141.970000	-1.778700	-12.876000	1
58.094000	142.040000	1.659400	-12.876000	1
58.068000	142.110000	-2.441500	-12.876000	1
58.042000	142.170000	-1.774200	-12.876000	1
58.016000	142.240000	-1.780200	-12.876000	1
57.990000	142.310000	-3.157700	-12.875000	1
57.964000	142.370000	-1.433300	-12.875000	1
57.938000	142.440000	-1.773100	-12.875000	1
57.911000	142.510000	-3.835500	-12.875000	1
57.885000	142.570000	-3.156200	-12.875000	1
57.859000	142.640000	-0.734450	-12.875000	1
57.833000	142.710000	-1.431900	-12.875000	1
57.806000	142.770000	-2.125700	-12.875000	1
57.780000	142.840000	-1.081500	-12.875000	1
57.753000	142.900000	0.284930	-12.875000	1
57.727000	142.970000	1.325200	-12.875000	1
57.700000	143.030000	1.329100	-12.875000	1
57.674000	143.100000	-0.734450	-12.875000	1
57.647000	143.160000	2.698700	-12.875000	1
57.621000	143.230000	0.972810	-12.875000	1
57.594000	143.290000	-1.437000	-12.875000	1
57.567000	143.360000	-2.124200	-12.875000	1
57.540000	143.420000	2.006600	-12.875000	1
58.315000	141.620000	-2.335600	-12.116000	1
58.289000	141.690000	-1.999100	-12.116000	1
58.263000	141.760000	-1.658900	-12.116000	1
58.237000	141.820000	-1.294900	-12.116000	1
58.212000	141.890000	-0.604610	-12.116000	1
58.186000	141.960000	-0.972120	-12.115000	1
58.160000	142.030000	-0.604330	-12.116000	1
58.134000	142.090000	0.754450	-12.115000	1
58.108000	142.160000	-1.650700	-12.115000	1
58.082000	142.230000	2.468300	-12.116000	1
58.056000	142.290000	-0.972050	-12.115000	1
58.029000	142.360000	-0.954550	-12.115000	1
58.003000	142.430000	-0.622160	-12.115000	1
57.977000	142.490000	-2.686300	-12.115000	1
57.951000	142.560000	-2.681000	-12.115000	1
57.925000	142.630000	-1.309000	-12.115000	1
57.898000	142.690000	5.568100	-12.115000	1
57.872000	142.760000	3.852400	-12.115000	1
57.845000	142.820000	0.058796	-12.115000	1
57.819000	142.890000	-0.276890	-12.115000	1
57.793000	142.960000	2.129900	-12.115000	1
57.766000	143.020000	3.850500	-12.115000	1
57.740000	143.090000	-1.655700	-12.115000	1
57.713000	143.150000	-1.659000	-12.115000	1
57.686000	143.220000	-1.994700	-12.115000	1
57.660000	143.280000	-1.654300	-12.115000	1
57.633000	143.350000	2.840300	-12.115000	1
57.606000	143.410000	5.590800	-12.115000	1
58.302000	141.810000	-1.285900	-11.362000	1
58.277000	141.880000	-0.932210	-11.362000	1
58.251000	141.940000	-0.596110	-11.362000	1
58.225000	142.010000	2.157700	-11.362000	1
58.199000	142.080000	1.123900	-11.362000	1
58.173000	142.150000	-0.596340	-11.362000	1
58.147000	142.210000	2.843900	-11.362000	1
58.121000	142.280000	2.156800	-11.362000	1
58.095000	142.350000	-0.933160	-11.362000	1
58.068000	142.410000	-0.932930	-11.362000	1
58.042000	142.480000	-0.592620	-11.362000	1
58.016000	142.550000	-0.592290	-11.362000	1
57.990000	142.610000	-0.255560	-11.362000	1
57.963000	142.680000	-0.937540	-11.362000	1
57.937000	142.750000	4.913300	-11.362000	1
57.911000	142.810000	3.522400	-11.362000	1
57.884000	142.880000	3.536700	-11.362000	1
57.858000	142.940000	5.951000	-11.362000	1
57.831000	143.010000	-0.252600	-11.362000	1
57.805000	143.080000	-1.618400	-11.362000	1
57.778000	143.140000	-1.624200	-11.362000	1
57.752000	143.210000	-1.967600	-11.362000	1
57.725000	143.270000	-1.971300	-11.362000	1
57.698000	143.340000	-1.281100	-11.362000	1
57.671000	143.400000	-0.247160	-11.362000	1
58.393000	141.730000	-1.938600	-10.602000	1
58.368000	141.790000	-0.552390	-10.602000	1
58.342000	141.860000	-0.909470	-10.602000	1
58.316000	141.930000	-0.553050	-10.602000	1
58.290000	142.000000	0.813460	-10.602000	1
58.264000	142.060000	1.517500	-10.601000	1
58.238000	142.130000	2.884100	-10.602000	1
58.212000	142.200000	0.816700	-10.601000	1
58.186000	142.270000	4.254700	-10.601000	1
58.160000	142.330000	0.812370	-10.602000	1
58.134000	142.400000	0.488830	-10.601000	1
58.107000	142.470000	2.535400	-10.601000	1
58.081000	142.530000	0.475670	-10.601000	1
58.055000	142.600000	-0.550240	-10.601000	1
58.029000	142.670000	-0.889800	-10.601000	1
58.002000	142.730000	-0.199280	-10.601000	1
57.976000	142.800000	0.127370	-10.601000	1
57.950000	142.870000	-1.228800	-10.601000	1
57.923000	142.930000	-1.242500	-10.601000	1
57.897000	143.000000	0.813050	-10.601000	1
57.870000	143.060000	-0.198240	-10.601000	1
57.843000	143.130000	-1.242000	-10.601000	1
57.817000	143.190000	-1.241800	-10.601000	1
57.790000	143.260000	-1.227900	-10.601000	1
57.764000	143.330000	-1.246400	-10.601000	1
58.458000	141.710000	-2.623200	-9.845500	1
58.432000	141.780000	-1.579100	-9.845400	1
58.407000	141.850000	-1.231300	-9.845400	1
58.381000	141.910000	0.815300	-9.845400	1
58.355000	141.980000	-0.548340	-9.845500	1
58.329000	142.050000	-0.214280	-9.845500	1
58.303000	142.120000	1.506000	-9.845400	1
58.277000	142.180000	4.946500	-9.845400	1
58.251000	142.250000	6.333000	-9.845400	1
58.225000	142.320000	2.196900	-9.845400	1
58.198000	142.390000	-0.210490	-9.845400	1
58.172000	142.450000	0.143600	-9.845400	1
58.146000	142.520000	-0.552580	-9.845300	1
58.120000	142.590000	-0.198710	-9.845300	1
58.094000	142.650000	0.140070	-9.845100	1
58.067000	142.720000	-1.926200	-9.845200	1
58.041000	142.790000	-0.549750	-9.845200	1
58.014000	142.850000	-0.549630	-9.845200	1
57.988000	142.920000	-0.545690	-9.845300	1
57.961000	142.980000	0.824500	-9.845100	1
57.935000	143.050000	0.143790	-9.845300	1
57.908000	143.120000	0.484290	-9.845200	1
57.882000	143.180000	0.141000	-9.845200	1
57.855000	143.250000	-0.901110	-9.845200	1
58.497000	141.760000	-1.961400	-9.091200	1
58.471000	141.830000	-0.923480	-9.091100	1
58.445000	141.900000	0.453070	-9.091100	1
58.419000	141.970000	0.447050	-9.091100	1
58.393000	142.030000	0.797350	-9.091200	1
58.367000	142.100000	-0.916240	-9.091200	1
58.341000	142.170000	1.137900	-9.091100	1
58.315000	142.240000	5.268300	-9.091100	1
58.289000	142.300000	5.964700	-9.091100	1
58.263000	142.370000	0.454440	-9.091100	1
58.237000	142.440000	0.114410	-9.091100	1
58.211000	142.510000	0.454400	-9.091100	1
58.184000	142.570000	1.480800	-9.091100	1
58.158000	142.640000	1.494600	-9.091000	1
58.132000	142.710000	3.541000	-9.090900	1
58.105000	142.770000	-0.575340	-9.090900	1
58.079000	142.840000	-0.226110	-9.090900	1
58.053000	142.900000	0.454350	-9.090900	1
58.026000	142.970000	0.114840	-9.091000	1
58.000000	143.040000	-0.224750	-9.090900	1
57.973000	143.100000	1.145900	-9.091000	1
57.946000	143.170000	0.808820	-9.090900	1
57.920000	143.230000	-0.223230	-9.090900	1
57.893000	143.300000	0.103500	-9.090900	1
58.561000	141.750000	-1.326800	-8.334900	1
58.535000	141.820000	-2.322800	-8.335000	1
58.510000	141.880000	-1.292500	-8.334900	1
58.484000	141.950000	1.424200	-8.334900	1
58.458000	142.020000	0.044358	-8.334900	1
58.432000	142.090000	0.044696	-8.335000	1
58.406000	142.150000	0.400940	-8.335000	1
58.380000	142.220000	0.734650	-8.334900	1
58.354000	142.290000	1.090900	-8.334900	1
58.328000	142.360000	1.424700	-8.334900	1
58.301000	142.420000	0.734620	-8.334900	1
58.275000	142.490000	0.394580	-8.334900	1
58.249000	142.560000	2.114700	-8.334900	1
58.223000	142.620000	2.148600	-8.334900	1
58.196000	142.690000	1.807700	-8.334800	1
58.170000	142.760000	0.400510	-8.334700	1
58.144000	142.820000	1.774800	-8.334700	1
58.117000	142.890000	0.395180	-8.334700	1
58.091000	142.960000	0.741910	-8.334700	1
58.064000	143.020000	0.396130	-8.334800	1
58.038000	143.090000	0.396570	-8.334700	1
58.574000	141.870000	-1.278400	-7.578400	1
58.548000	141.940000	1.132000	-7.578400	1
58.522000	142.000000	0.788330	-7.578400	1
58.496000	142.070000	1.482100	-7.578400	1
58.470000	142.140000	0.792100	-7.578400	1
58.444000	142.210000	1.482100	-7.578400	1
58.418000	142.270000	1.818300	-7.578300	1
58.392000	142.340000	2.162100	-7.578400	1
58.366000	142.410000	1.822000	-7.578300	1
58.339000	142.480000	1.128300	-7.578300	1
58.313000	142.540000	2.162100	-7.578400	1
58.287000	142.610000	1.481500	-7.578300	1
58.261000	142.680000	1.818200	-7.578300	1
58.234000	142.740000	2.852300	-7.578200	1
58.208000	142.810000	2.512700	-7.578100	1
58.182000	142.880000	1.479400	-7.578100	1
58.155000	142.940000	1.129800	-7.578100	1
58.129000	143.010000	1.824000	-7.578200	1
58.102000	143.080000	0.790770	-7.578200	1
58.075000	143.140000	1.481200	-7.578100	1
58.049000	143.210000	2.848100	-7.578200	1
58.022000	143.270000	3.198600	-7.578200	1
58.638000	141.850000	-1.035500	-6.824100	1
58.612000	141.920000	1.038600	-6.824100	1
58.586000	141.990000	1.714800	-6.824100	1
58.560000	142.060000	0.681080	-6.824100	1
58.534000	142.120000	0.684780	-6.824100	1
58.508000	142.190000	1.374800	-6.824200	1
58.482000	142.260000	1.374900	-6.824200	1
58.456000	142.330000	3.784800	-6.824000	1
58.430000	142.390000	3.094800	-6.824100	1
58.404000	142.460000	4.811100	-6.824000	1
58.377000	142.530000	2.400400	-6.824100	1
58.351000	142.600000	2.750900	-6.824100	1
58.325000	142.660000	3.431300	-6.824000	1
58.298000	142.730000	1.711600	-6.824100	1
58.272000	142.800000	1.712000	-6.824000	1
58.246000	142.860000	1.716100	-6.823900	1
58.219000	142.930000	2.752900	-6.823900	1
58.193000	143.000000	2.063300	-6.823900	1
58.166000	143.060000	3.433800	-6.823900	1
58.140000	143.130000	3.094300	-6.824000	1
58.113000	143.200000	1.374700	-6.823900	1
58.086000	143.260000	2.405300	-6.824000	1
58.060000	143.330000	5.849600	-6.823900	1
58.702000	141.840000	-0.972730	-6.069400	1
58.676000	141.900000	1.777700	-6.069400	1
58.650000	141.970000	2.454100	-6.069500	1
58.624000	142.040000	4.174100	-6.069500	1
58.598000	142.110000	2.127800	-6.069500	1
58.572000	142.180000	2.127800	-6.069500	1
58.546000	142.240000	1.087800	-6.069500	1
58.520000	142.310000	2.807900	-6.069600	1
58.494000	142.380000	3.157800	-6.069400	1
58.468000	142.450000	3.144100	-6.069500	1
58.441000	142.510000	2.793400	-6.069400	1
58.415000	142.580000	2.127400	-6.069400	1
58.389000	142.650000	3.497900	-6.069500	1
58.362000	142.720000	3.484600	-6.069400	1
58.336000	142.780000	3.498700	-6.069400	1
58.310000	142.850000	3.835400	-6.069400	1
58.283000	142.920000	3.849400	-6.069300	1
58.257000	142.980000	3.486200	-6.069300	1
58.230000	143.050000	2.796600	-6.069300	1
58.204000	143.120000	2.810800	-6.069300	1
58.177000	143.180000	5.221300	-6.069300	1
58.151000	143.250000	2.798000	-6.069300	1
58.124000	143.310000	3.154900	-6.069300	1
58.097000	143.380000	3.149100	-6.069300	1
58.070000	143.450000	2.805800	-6.069300	1
58.044000	143.510000	2.799700	-6.069300	1
58.017000	143.580000	2.466000	-6.069300	1
57.990000	143.640000	3.149600	-6.069400	1
57.963000	143.710000	3.149500	-6.069400	1
57.936000	143.770000	3.155600	-6.069300	1
57.909000	143.840000	3.149200	-6.069300	1
57.882000	143.900000	7.277600	-6.069300	1
57.855000	143.970000	10.028000	-6.069200	1
57.828000	144.040000	10.718000	-6.069300	1
57.801000	144.100000	2.803900	-6.069100	1
57.774000	144.160000	1.433900	-6.069200	1
57.747000	144.230000	0.053821	-6.069200	1
57.719000	144.290000	-0.976230	-6.069100	1
57.692000	144.360000	-0.976220	-6.069200	1
57.665000	144.420000	0.047454	-6.069200	1
57.638000	144.490000	10.384000	-6.069200	1
57.610000	144.550000	3.837600	-6.069200	1
57.583000	144.620000	5.221400	-6.069200	1
57.555000	144.680000	5.571400	-6.069100	1
57.528000	144.740000	7.617900	-6.069300	1
58.740000	141.890000	0.036759	-5.314400	1
58.714000	141.960000	3.127200	-5.314400	1
58.688000	142.020000	2.097200	-5.314500	1
58.662000	142.090000	4.167300	-5.314500	1
58.636000	142.160000	3.817300	-5.314500	1
58.610000	142.230000	4.167400	-5.314500	1
58.584000	142.300000	2.097400	-5.314600	1
58.558000	142.360000	3.477400	-5.314600	1
58.531000	142.430000	3.813700	-5.314400	1
58.505000	142.500000	4.847400	-5.314500	1
58.479000	142.570000	4.163000	-5.314400	1
58.453000	142.630000	5.193400	-5.314400	1
58.426000	142.700000	4.503800	-5.314500	1
58.400000	142.770000	5.194200	-5.314400	1
58.374000	142.840000	4.844600	-5.314400	1
58.347000	142.900000	5.195000	-5.314400	1
58.321000	142.970000	3.475400	-5.314300	1
58.294000	143.040000	3.125800	-5.314300	1
58.268000	143.100000	3.479900	-5.314300	1
58.241000	143.170000	4.166700	-5.314300	1
58.215000	143.240000	4.167200	-5.314300	1
58.188000	143.300000	3.817700	-5.314300	1
58.161000	143.370000	5.198200	-5.314300	1
58.134000	143.430000	4.508700	-5.314300	1
58.108000	143.500000	5.199100	-5.314300	1
58.081000	143.570000	4.169100	-5.314300	1
58.054000	143.630000	5.199100	-5.314300	1
58.027000	143.700000	4.509100	-5.314400	1
58.000000	143.760000	4.169100	-5.314400	1
57.973000	143.830000	3.115200	-5.314300	1
57.946000	143.890000	2.098700	-5.314300	1
58.752000	142.010000	2.900500	-4.559600	1
58.726000	142.080000	3.937100	-4.559700	1
58.700000	142.150000	5.650800	-4.559700	1
58.674000	142.210000	5.310800	-4.559700	1
58.647000	142.280000	3.590800	-4.559600	1
58.621000	142.350000	3.930900	-4.559700	1
58.595000	142.420000	3.937300	-4.559700	1
58.569000	142.480000	4.627200	-4.559600	1
58.543000	142.550000	5.310900	-4.559700	1
58.517000	142.620000	5.310100	-4.559600	1
58.490000	142.690000	5.656900	-4.559600	1
58.464000	142.750000	7.377400	-4.559600	1
58.437000	142.820000	6.687700	-4.559600	1
58.411000	142.890000	7.038200	-4.559600	1
58.385000	142.950000	5.658500	-4.559500	1
58.358000	143.020000	5.318900	-4.559500	1
58.332000	143.090000	4.279300	-4.559500	1
58.305000	143.160000	4.969800	-4.559500	1
58.278000	143.220000	5.320200	-4.559500	1
58.252000	143.290000	5.320700	-4.559500	1
58.225000	143.350000	6.691200	-4.559500	1
58.198000	143.420000	6.001700	-4.559500	1
58.172000	143.490000	5.662200	-4.559500	1
58.145000	143.550000	5.322500	-4.559500	1
58.118000	143.620000	8.069000	-4.559500	1
58.091000	143.680000	11.169000	-4.559500	1
58.064000	143.750000	7.042500	-4.559600	1
58.037000	143.820000	6.692500	-4.559600	1
58.010000	143.880000	5.658800	-4.559500	1
57.983000	143.950000	4.278700	-4.559500	1
62.161000	130.650000	0.975390	-3.803900	1
62.142000	130.740000	-2.815100	-3.804200	1
62.123000	130.820000	-4.179100	-3.804200	1
62.104000	130.910000	-5.559700	-3.804300	1
62.085000	130.990000	-3.496500	-3.804500	1
62.066000	131.080000	-2.816400	-3.804700	1
62.046000	131.160000	-5.210000	-3.804800	1
62.027000	131.240000	-4.529800	-3.805100	1
62.008000	131.330000	-5.899900	-3.805300	1
61.988000	131.410000	-5.899900	-3.805400	1
61.969000	131.500000	-3.489600	-3.805700	1
61.950000	131.580000	-3.149200	-3.805700	1
61.930000	131.660000	-3.488900	-3.805800	1
61.910000	131.750000	-1.428400	-3.805900	1
61.891000	131.830000	-1.768300	-3.805900	1
61.871000	131.910000	-3.488200	-3.805900	1
61.851000	132.000000	-2.807900	-3.806000	1
61.832000	132.080000	-1.767800	-3.806000	1
61.812000	132.160000	-2.117600	-3.806000	1
61.792000	132.240000	-3.147700	-3.805800	1
61.772000	132.330000	-3.487600	-3.805800	1
61.752000	132.410000	-4.527600	-3.805800	1
58.867000	141.860000	0.005122	-3.803900	1
58.841000	141.920000	-1.354100	-3.803900	1
58.815000	141.990000	-1.024100	-3.803900	1
58.789000	142.060000	5.166400	-3.803900	1
58.763000	142.130000	4.476800	-3.803900	1
58.737000	142.200000	6.887000	-3.803900	1
58.711000	142.270000	5.857000	-3.803900	1
58.685000	142.330000	5.883000	-3.803900	1
58.659000	142.400000	5.857100	-3.804000	1
58.633000	142.470000	5.857100	-3.804000	1
58.607000	142.540000	6.547100	-3.803900	1
58.580000	142.600000	6.887200	-3.803900	1
58.554000	142.670000	5.513700	-3.803800	1
58.528000	142.740000	6.196400	-3.803900	1
58.501000	142.810000	7.916800	-3.803900	1
58.475000	142.870000	7.917200	-3.803900	1
58.448000	142.940000	8.274100	-3.803900	1
58.422000	143.010000	7.584500	-3.803800	1
58.395000	143.070000	6.894800	-3.803800	1
58.369000	143.140000	5.865300	-3.803800	1
58.342000	143.210000	6.555700	-3.803700	1
58.316000	143.270000	6.206200	-3.803800	1
58.289000	143.340000	6.896700	-3.803800	1
58.262000	143.410000	6.557100	-3.803700	1
58.235000	143.470000	10.681000	-3.803800	1
58.209000	143.540000	9.998000	-3.803800	1
58.182000	143.610000	7.924800	-3.803700	1
58.155000	143.670000	11.719000	-3.803800	1
58.128000	143.740000	12.059000	-3.803800	1
58.101000	143.800000	12.059000	-3.803800	1
58.074000	143.870000	8.968700	-3.803900	1
58.047000	143.930000	8.618500	-3.803700	1
58.020000	144.000000	6.558500	-3.803800	1
57.993000	144.060000	6.208200	-3.803800	1
57.966000	144.130000	5.514400	-3.803700	1
57.939000	144.200000	4.832800	-3.803800	1
57.911000	144.260000	4.832700	-3.803600	1
57.884000	144.320000	5.512700	-3.803700	1
57.857000	144.390000	4.482700	-3.803700	1
57.830000	144.450000	2.762600	-3.803600	1
57.802000	144.520000	3.112700	-3.803700	1
57.775000	144.580000	4.482700	-3.803700	1
57.748000	144.650000	13.433000	-3.803700	1
57.720000	144.710000	12.403000	-3.803700	1
57.693000	144.780000	8.612900	-3.803800	1
62.203000	130.700000	4.480000	-3.047800	1
62.184000	130.780000	-1.710400	-3.048100	1
62.165000	130.870000	-2.060900	-3.048100	1
62.146000	130.950000	3.448800	-3.048200	1
62.127000	131.030000	-2.401500	-3.048400	1
62.107000	131.120000	-4.811500	-3.048600	1
62.088000	131.200000	-4.811400	-3.048700	1
62.069000	131.290000	-4.814600	-3.049000	1
62.050000	131.370000	-4.814600	-3.049200	1
62.030000	131.460000	-5.164600	-3.049300	1
62.011000	131.540000	-3.444200	-3.049600	1
61.991000	131.620000	-1.713800	-3.049600	1
61.972000	131.710000	-2.403500	-3.049700	1
61.952000	131.790000	-2.403100	-3.049800	1
61.932000	131.870000	-3.093000	-3.049800	1
61.913000	131.960000	-2.062700	-3.049800	1
61.893000	132.040000	-2.402500	-3.049900	1
61.873000	132.120000	-0.682280	-3.049900	1
61.853000	132.210000	-1.712200	-3.049900	1
61.833000	132.290000	-2.752200	-3.049700	1
61.813000	132.370000	-0.341990	-3.049700	1
61.793000	132.450000	-3.782000	-3.049700	1
61.773000	132.540000	-3.442100	-3.049400	1
58.905000	141.910000	0.308140	-3.047900	1
58.879000	141.980000	-0.399320	-3.047900	1
58.853000	142.050000	1.321100	-3.047900	1
58.827000	142.110000	3.731500	-3.047800	1
58.801000	142.180000	5.802000	-3.047900	1
58.775000	142.250000	7.862400	-3.047900	1
58.749000	142.320000	7.522800	-3.047900	1
58.723000	142.390000	7.522800	-3.047900	1
58.696000	142.450000	7.862900	-3.048000	1
58.670000	142.520000	7.172900	-3.048000	1
58.644000	142.590000	7.172900	-3.047900	1
58.618000	142.660000	8.213000	-3.047900	1
58.591000	142.720000	6.832900	-3.047800	1
58.565000	142.790000	6.483100	-3.047900	1
58.539000	142.860000	7.523100	-3.047900	1
58.512000	142.930000	7.869000	-3.047800	1
58.486000	142.990000	7.869400	-3.047900	1
58.459000	143.060000	8.219800	-3.047800	1
58.433000	143.130000	8.220200	-3.047700	1
58.406000	143.190000	7.180600	-3.047700	1
58.379000	143.260000	8.913700	-3.047700	1
58.353000	143.330000	8.230900	-3.047700	1
58.326000	143.390000	8.221900	-3.047800	1
58.299000	143.460000	7.872400	-3.047700	1
58.272000	143.530000	13.033000	-3.047800	1
58.246000	143.590000	11.663000	-3.047800	1
58.219000	143.660000	8.903400	-3.047700	1
58.192000	143.720000	12.004000	-3.047800	1
58.165000	143.790000	10.974000	-3.047700	1
58.138000	143.860000	8.904500	-3.047800	1
58.111000	143.920000	8.564500	-3.047900	1
58.084000	143.990000	7.534300	-3.047700	1
58.057000	144.050000	7.534200	-3.047800	1
58.030000	144.120000	7.873900	-3.047800	1
58.003000	144.180000	5.463600	-3.047700	1
57.975000	144.250000	5.463200	-3.047700	1
57.948000	144.310000	5.811300	-3.047600	1
57.921000	144.380000	5.448000	-3.047700	1
57.894000	144.440000	3.728000	-3.047600	1
57.866000	144.510000	5.797900	-3.047600	1
57.839000	144.570000	6.138000	-3.047700	1
57.811000	144.640000	5.448000	-3.047700	1
57.784000	144.700000	11.988000	-3.047700	1
57.757000	144.770000	11.648000	-3.047700	1
62.244000	130.740000	4.962400	-2.296300	1
62.225000	130.820000	0.832210	-2.296600	1
62.206000	130.910000	-2.611500	-2.296600	1
62.187000	130.990000	1.868200	-2.296700	1
62.168000	131.080000	-0.541670	-2.296900	1
62.149000	131.160000	-0.541500	-2.297000	1
62.130000	131.250000	-1.581400	-2.297200	1
62.110000	131.330000	-2.261300	-2.297500	1
62.091000	131.420000	-2.951200	-2.297600	1
62.072000	131.500000	-3.644400	-2.297800	1
62.052000	131.580000	-1.583900	-2.298000	1
62.033000	131.670000	-2.613600	-2.298100	1
62.013000	131.750000	-1.230100	-2.298200	1
61.993000	131.830000	-0.542930	-2.298300	1
61.974000	131.920000	0.487330	-2.298300	1
61.954000	132.000000	-1.229300	-2.298300	1
61.934000	132.080000	-0.542240	-2.298400	1
61.914000	132.170000	-0.892080	-2.298400	1
61.894000	132.250000	0.138120	-2.298300	1
61.874000	132.330000	-0.201840	-2.298200	1
61.854000	132.420000	-0.891750	-2.298200	1
61.834000	132.500000	-2.951700	-2.298200	1
58.942000	141.960000	1.800100	-2.296400	1
58.916000	142.030000	2.830500	-2.296400	1
58.890000	142.100000	3.170900	-2.296400	1
58.864000	142.170000	6.961400	-2.296400	1
58.838000	142.230000	7.651800	-2.296400	1
58.812000	142.300000	9.712200	-2.296500	1
58.786000	142.370000	9.372600	-2.296400	1
58.760000	142.440000	10.053000	-2.296400	1
58.734000	142.510000	7.653400	-2.296500	1
58.707000	142.570000	8.683700	-2.296500	1
58.681000	142.640000	7.653700	-2.296400	1
58.655000	142.710000	9.713800	-2.296500	1
58.628000	142.780000	9.713700	-2.296300	1
58.602000	142.850000	8.683900	-2.296400	1
58.576000	142.910000	7.303900	-2.296400	1
58.549000	142.980000	9.713900	-2.296400	1
58.523000	143.050000	10.054000	-2.296400	1
58.496000	143.110000	8.680800	-2.296300	1
58.469000	143.180000	10.050000	-2.296300	1
58.443000	143.250000	9.370500	-2.296300	1
58.416000	143.310000	9.381700	-2.296300	1
58.389000	143.380000	8.681300	-2.296300	1
58.363000	143.450000	9.021800	-2.296300	1
58.336000	143.510000	8.332200	-2.296300	1
58.309000	143.580000	9.712600	-2.296300	1
58.282000	143.650000	9.712900	-2.296400	1
58.255000	143.710000	10.403000	-2.296300	1
58.228000	143.780000	11.434000	-2.296300	1
58.202000	143.840000	9.373800	-2.296300	1
58.175000	143.910000	11.094000	-2.296400	1
58.147000	143.980000	11.785000	-2.296400	1
58.120000	144.040000	10.745000	-2.296300	1
58.093000	144.110000	10.405000	-2.296300	1
58.066000	144.170000	10.405000	-2.296300	1
58.039000	144.240000	9.024400	-2.296300	1
58.012000	144.300000	8.334100	-2.296300	1
57.985000	144.370000	8.340400	-2.296100	1
57.957000	144.430000	7.653300	-2.296200	1
57.930000	144.500000	5.922900	-2.296200	1
57.903000	144.560000	7.277800	-2.296200	1
57.875000	144.630000	6.937900	-2.296200	1
57.848000	144.690000	4.527900	-2.296200	1
57.820000	144.760000	8.681000	-2.296300	1
57.793000	144.820000	12.098000	-2.296300	1
57.765000	144.880000	11.758000	-2.296300	1
57.738000	144.950000	12.438000	-2.296200	1
62.286000	130.780000	3.044300	-1.541200	1
62.267000	130.870000	-2.465900	-1.541600	1
62.248000	130.950000	4.077400	-1.541600	1
62.229000	131.040000	1.667200	-1.541700	1
62.210000	131.120000	-0.052638	-1.541800	1
62.191000	131.210000	-0.052472	-1.542000	1
62.171000	131.290000	3.047700	-1.542200	1
62.152000	131.370000	-0.402190	-1.542400	1
62.133000	131.460000	-2.462200	-1.542600	1
62.113000	131.540000	-1.444800	-1.542800	1
62.094000	131.630000	0.638500	-1.543000	1
62.074000	131.710000	3.375900	-1.543100	1
62.054000	131.800000	-1.093900	-1.543200	1
62.035000	131.880000	-0.740650	-1.543300	1
62.015000	131.960000	-0.050406	-1.543300	1
61.995000	132.050000	-0.050174	-1.543300	1
61.975000	132.130000	3.050100	-1.543300	1
61.956000	132.210000	1.330300	-1.543300	1
61.936000	132.300000	1.330400	-1.543300	1
61.916000	132.380000	3.730600	-1.543200	1
58.954000	142.080000	3.379700	-1.541400	1
58.928000	142.150000	7.170100	-1.541400	1
58.902000	142.220000	11.641000	-1.541400	1
58.876000	142.290000	11.301000	-1.541400	1
58.849000	142.360000	11.981000	-1.541500	1
58.823000	142.420000	13.362000	-1.541500	1
58.797000	142.490000	12.672000	-1.541500	1
58.771000	142.560000	13.023000	-1.541600	1
58.745000	142.630000	10.613000	-1.541600	1
58.718000	142.700000	12.333000	-1.541500	1
58.692000	142.760000	11.984000	-1.541500	1
58.666000	142.830000	13.364000	-1.541400	1
58.639000	142.900000	11.644000	-1.541500	1
58.613000	142.970000	10.614000	-1.541400	1
58.586000	143.030000	11.984000	-1.541400	1
58.560000	143.100000	12.334000	-1.541400	1
58.533000	143.170000	10.614000	-1.541400	1
58.506000	143.230000	11.971000	-1.541300	1
58.480000	143.300000	12.321000	-1.541400	1
58.453000	143.370000	11.659000	-1.541300	1
58.426000	143.430000	10.941000	-1.541300	1
58.400000	143.500000	11.291000	-1.541400	1
58.373000	143.570000	10.941000	-1.541300	1
58.346000	143.630000	12.668000	-1.541400	1
58.319000	143.700000	12.330000	-1.541400	1
58.292000	143.770000	14.732000	-1.541300	1
58.265000	143.830000	13.353000	-1.541400	1
58.238000	143.900000	14.383000	-1.541300	1
58.211000	143.960000	12.323000	-1.541400	1
58.184000	144.030000	14.044000	-1.541500	1
58.157000	144.090000	12.664000	-1.541300	1
58.130000	144.160000	12.324000	-1.541400	1
58.103000	144.230000	12.324000	-1.541400	1
58.076000	144.290000	12.324000	-1.541300	1
58.048000	144.360000	13.354000	-1.541300	1
58.021000	144.420000	11.634000	-1.541200	1
57.994000	144.490000	9.223700	-1.541300	1
57.966000	144.550000	8.193200	-1.541300	1
57.939000	144.620000	9.899900	-1.541200	1
57.911000	144.680000	9.912400	-1.541300	1
57.884000	144.740000	8.192000	-1.541300	1
57.857000	144.810000	6.810100	-1.541300	1
57.829000	144.870000	5.430100	-1.541300	1
57.801000	144.940000	9.897300	-1.541400	1
57.774000	145.000000	9.897300	-1.541200	1
57.746000	145.070000	12.648000	-1.541400	1
57.718000	145.130000	13.338000	-1.541300	1
57.691000	145.190000	12.998000	-1.541400	1
62.328000	130.830000	9.834700	-0.792560	1
62.309000	130.910000	3.291800	-0.792920	1
62.290000	131.000000	9.144100	-0.792870	1
62.270000	131.080000	8.801500	-0.793010	1
62.251000	131.170000	6.741700	-0.793150	1
62.232000	131.250000	6.391800	-0.793310	1
62.213000	131.330000	4.331900	-0.793520	1
62.193000	131.420000	7.082000	-0.793750	1
62.174000	131.500000	8.462100	-0.793910	1
62.154000	131.590000	6.392400	-0.794130	1
62.135000	131.670000	-0.483720	-0.794320	1
62.115000	131.760000	4.676600	-0.794420	1
62.096000	131.840000	7.426900	-0.794520	1
62.076000	131.920000	5.707200	-0.794600	1
62.056000	132.010000	4.337400	-0.794630	1
62.036000	132.090000	5.017600	-0.794630	1
62.017000	132.170000	4.677800	-0.794620	1
61.997000	132.260000	10.188000	-0.794670	1
61.977000	132.340000	9.148200	-0.794610	1
61.957000	132.420000	6.058300	-0.794520	1
61.937000	132.510000	6.058500	-0.794490	1
62.369000	130.870000	19.255000	0.118180	1
62.350000	130.950000	13.435000	0.118570	1
62.331000	131.040000	23.855000	0.118190	1
62.312000	131.120000	15.495000	0.118340	1
62.293000	131.210000	17.255000	0.118390	1
62.273000	131.290000	19.255000	0.118170	1
62.254000	131.380000	15.155000	0.118540	1
62.235000	131.460000	13.435000	0.118470	1
62.215000	131.550000	17.255000	0.118480	1
62.196000	131.630000	20.856000	0.118790	1
62.176000	131.720000	3.795800	0.118590	1
62.156000	131.800000	7.243500	0.118800	1
62.137000	131.880000	15.496000	0.118910	1
62.117000	131.970000	9.653900	0.118690	1
62.097000	132.050000	12.754000	0.118980	1
62.077000	132.140000	10.687000	0.118860	1
62.058000	132.220000	17.057000	0.118780	1
62.038000	132.300000	11.717000	0.119060	1
62.018000	132.390000	16.658000	0.118760	1
61.998000	132.470000	21.258000	0.118830	1
61.977000	132.550000	19.258000	0.118990	1
61.957000	132.640000	18.065000	0.118790	1
61.937000	132.720000	5.185300	0.118960	1
59.028000	142.190000	10.009000	0.118270	1
59.002000	142.260000	20.870000	0.118550	1
58.976000	142.320000	27.270000	0.118400	1
58.950000	142.390000	27.271000	0.118430	1
58.924000	142.460000	23.871000	0.118740	1
58.897000	142.530000	25.871000	0.118430	1
58.871000	142.600000	41.087000	0.118610	1
58.845000	142.670000	27.272000	0.118740	1
58.819000	142.730000	29.073000	0.118520	1
58.792000	142.800000	41.073000	0.118780	1
58.766000	142.870000	29.073000	0.118580	1
58.739000	142.940000	27.273000	0.118420	1
58.713000	143.000000	27.273000	0.118730	1
58.686000	143.070000	25.874000	0.118470	1
58.660000	143.140000	29.074000	0.118510	1
58.633000	143.210000	25.874000	0.118590	1
58.607000	143.270000	25.874000	0.118180	1
58.580000	143.340000	25.861000	0.118520	1
58.553000	143.410000	32.274000	0.118450	1
58.526000	143.470000	29.060000	0.118330	1
58.500000	143.540000	32.261000	0.118650	1
58.473000	143.610000	32.261000	0.118390	1
58.446000	143.670000	29.061000	0.118440	1
58.419000	143.740000	29.062000	0.118670	1
58.392000	143.810000	25.862000	0.118310	1
58.365000	143.870000	29.062000	0.118570	1
58.338000	143.940000	25.870000	0.118570	1
58.311000	144.000000	32.275000	0.118360	1
58.284000	144.070000	32.279000	0.118700	1
58.257000	144.140000	29.077000	0.118450	1
58.230000	144.200000	29.074000	0.118420	1
58.202000	144.270000	29.064000	0.118660	1
58.175000	144.330000	29.064000	0.118350	1
58.148000	144.400000	25.864000	0.118620	1
58.121000	144.460000	23.264000	0.118520	1
58.093000	144.530000	32.263000	0.118210	1
58.066000	144.590000	27.263000	0.118450	1
58.039000	144.660000	29.063000	0.118170	1
58.011000	144.720000	32.262000	0.118220	1
57.984000	144.790000	27.262000	0.118500	1
57.956000	144.850000	18.037000	0.118200	1
57.929000	144.920000	23.237000	0.118430	1
57.901000	144.980000	21.237000	0.118440	1
57.873000	145.050000	22.437000	0.118300	1
57.846000	145.110000	27.237000	0.118530	1
57.818000	145.170000	27.238000	0.118420	1
57.790000	145.240000	17.638000	0.118410	1
62.411000	130.910000	11.057000	0.732950	1
62.392000	131.000000	6.586500	0.732660	1
62.373000	131.080000	9.336700	0.732610	1
62.353000	131.170000	5.206800	0.732480	1
62.334000	131.250000	8.646900	0.732360	1
62.315000	131.340000	13.117000	0.732110	1
62.295000	131.420000	6.236900	0.732000	1
62.276000	131.510000	6.586900	0.731730	1
62.257000	131.590000	3.490600	0.731560	1
62.237000	131.680000	7.620800	0.731430	1
62.217000	131.760000	4.181000	0.731150	1
62.198000	131.840000	5.901200	0.731110	1
62.178000	131.930000	6.931400	0.731010	1
62.158000	132.010000	8.991600	0.730870	1
62.139000	132.100000	5.901800	0.730920	1
62.119000	132.180000	8.991900	0.730880	1
62.099000	132.260000	4.862100	0.730890	1
62.079000	132.350000	9.342300	0.730920	1
62.059000	132.430000	5.902500	0.730890	1
62.039000	132.510000	9.342800	0.731010	1
62.019000	132.600000	13.813000	0.731090	1
61.998000	132.680000	7.623000	0.731080	1
59.039000	142.310000	13.144000	0.732620	1
59.013000	142.380000	15.914000	0.732610	1
58.987000	142.450000	16.314000	0.732600	1
58.961000	142.510000	17.115000	0.732600	1
58.935000	142.580000	19.932000	0.732550	1
58.908000	142.650000	18.915000	0.732620	1
58.882000	142.720000	19.916000	0.732540	1
58.856000	142.790000	19.316000	0.732470	1
58.829000	142.850000	20.316000	0.732600	1
58.803000	142.920000	20.317000	0.732520	1
58.776000	142.990000	17.717000	0.732640	1
58.750000	143.060000	18.518000	0.732610	1
58.723000	143.130000	18.118000	0.732580	1
58.697000	143.190000	18.118000	0.732630	1
58.670000	143.260000	17.719000	0.732630	1
58.643000	143.330000	17.719000	0.732610	1
58.617000	143.390000	17.119000	0.732680	1
58.590000	143.460000	17.719000	0.732640	1
58.563000	143.530000	18.919000	0.732660	1
58.536000	143.590000	18.119000	0.732720	1
58.510000	143.660000	18.119000	0.732630	1
58.483000	143.730000	17.306000	0.732710	1
58.456000	143.790000	18.906000	0.732690	1
58.429000	143.860000	18.905000	0.732580	1
58.402000	143.930000	19.305000	0.732690	1
58.375000	143.990000	19.906000	0.732620	1
58.348000	144.060000	19.906000	0.732680	1
58.321000	144.120000	19.906000	0.732640	1
58.293000	144.190000	20.306000	0.732490	1
58.266000	144.260000	19.307000	0.732660	1
58.239000	144.320000	16.707000	0.732620	1
58.212000	144.390000	18.107000	0.732610	1
58.184000	144.450000	18.107000	0.732650	1
58.157000	144.520000	18.907000	0.732670	1
58.130000	144.580000	18.107000	0.732750	1
58.102000	144.650000	18.107000	0.732750	1
58.075000	144.710000	16.707000	0.732660	1
58.047000	144.780000	18.507000	0.732720	1
58.020000	144.840000	17.307000	0.732700	1
57.992000	144.910000	17.106000	0.732630	1
57.965000	144.970000	14.866000	0.732650	1
57.937000	145.040000	14.866000	0.732640	1
57.909000	145.100000	15.903000	0.732550	1
57.882000	145.160000	17.303000	0.732720	1
62.453000	130.960000	4.960700	1.488000	1
62.434000	131.040000	-2.949700	1.487700	1
62.414000	131.130000	2.210700	1.487700	1
62.395000	131.210000	2.900800	1.487500	1
62.376000	131.300000	0.830830	1.487400	1
62.357000	131.380000	1.860800	1.487200	1
62.337000	131.470000	1.180800	1.487000	1
62.318000	131.550000	1.520800	1.486800	1
62.298000	131.640000	0.140970	1.486600	1
62.279000	131.720000	-2.949000	1.486500	1
62.259000	131.810000	-4.329000	1.486200	1
62.239000	131.890000	-2.951600	1.486100	1
62.220000	131.970000	0.488670	1.486000	1
62.200000	132.060000	0.138760	1.485900	1
62.180000	132.140000	2.551900	1.485900	1
62.160000	132.230000	3.242000	1.485900	1
62.140000	132.310000	3.242200	1.485900	1
62.120000	132.390000	1.179500	1.485900	1
62.100000	132.480000	-0.550310	1.485900	1
62.080000	132.560000	1.179900	1.486000	1
62.060000	132.640000	0.140000	1.486100	1
62.040000	132.730000	4.273000	1.486100	1
59.129000	142.220000	5.983800	1.487600	1
59.103000	142.290000	4.614300	1.487600	1
59.077000	142.360000	7.704800	1.487600	1
59.051000	142.430000	8.395300	1.487600	1
59.024000	142.500000	10.116000	1.487600	1
58.998000	142.570000	13.556000	1.487600	1
58.972000	142.640000	12.895000	1.487500	1
58.946000	142.700000	15.627000	1.487600	1
58.919000	142.770000	12.527000	1.487500	1
58.893000	142.840000	12.878000	1.487400	1
58.866000	142.910000	13.558000	1.487500	1
58.840000	142.980000	11.158000	1.487500	1
58.814000	143.040000	11.838000	1.487600	1
58.787000	143.110000	11.838000	1.487600	1
58.760000	143.180000	11.498000	1.487500	1
58.734000	143.250000	11.838000	1.487600	1
58.707000	143.310000	11.836000	1.487600	1
58.680000	143.380000	12.186000	1.487600	1
58.654000	143.450000	13.556000	1.487600	1
58.627000	143.520000	12.875000	1.487600	1
58.600000	143.580000	13.222000	1.487600	1
58.573000	143.650000	12.875000	1.487700	1
58.546000	143.720000	12.876000	1.487600	1
58.519000	143.780000	12.526000	1.487700	1
58.492000	143.850000	12.876000	1.487600	1
58.466000	143.910000	16.726000	1.487600	1
58.438000	143.980000	13.217000	1.487600	1
58.411000	144.050000	15.287000	1.487600	1
58.384000	144.110000	14.937000	1.487700	1
58.357000	144.180000	15.968000	1.487600	1
58.330000	144.240000	14.938000	1.487400	1
58.303000	144.310000	14.598000	1.487600	1
58.275000	144.380000	13.908000	1.487600	1
58.248000	144.440000	14.598000	1.487600	1
58.221000	144.510000	13.218000	1.487600	1
58.194000	144.570000	12.878000	1.487600	1
58.166000	144.640000	12.878000	1.487700	1
58.139000	144.700000	13.244000	1.487700	1
58.111000	144.770000	12.904000	1.487600	1
58.084000	144.830000	12.213000	1.487700	1
58.056000	144.900000	11.861000	1.487700	1
58.029000	144.960000	10.491000	1.487600	1
58.001000	145.030000	11.861000	1.487600	1
57.973000	145.090000	12.211000	1.487600	1
57.946000	145.150000	13.582000	1.487500	1
62.494000	131.000000	-2.089400	2.237100	1
62.475000	131.090000	-3.119500	2.236800	1
62.456000	131.170000	-2.779200	2.236800	1
62.436000	131.260000	-2.089100	2.236600	1
62.417000	131.340000	-2.779000	2.236500	1
62.398000	131.430000	-1.059000	2.236300	1
62.378000	131.510000	-2.089000	2.236100	1
62.359000	131.600000	-2.772000	2.235900	1
62.339000	131.680000	-2.428800	2.235700	1
62.320000	131.770000	-3.111800	2.235600	1
62.300000	131.850000	-3.461800	2.235300	1
62.280000	131.930000	-3.801600	2.235200	1
62.261000	132.020000	-1.741400	2.235100	1
62.241000	132.100000	-1.051300	2.235000	1
62.221000	132.190000	-2.421200	2.235000	1
62.201000	132.270000	-1.741000	2.235000	1
62.181000	132.360000	0.669270	2.235000	1
62.161000	132.440000	-0.360580	2.235000	1
62.141000	132.520000	-0.360390	2.235000	1
62.121000	132.610000	-1.050300	2.235100	1
62.101000	132.690000	-1.740200	2.235200	1
62.080000	132.770000	3.080000	2.235200	1
59.114000	142.420000	1.005400	2.236600	1
59.088000	142.480000	2.726000	2.236600	1
59.061000	142.550000	9.266500	2.236600	1
59.035000	142.620000	9.947000	2.236600	1
59.009000	142.690000	11.006000	2.236600	1
58.982000	142.760000	10.298000	2.236600	1
58.956000	142.830000	10.297000	2.236500	1
58.930000	142.890000	8.577500	2.236500	1
58.903000	142.960000	8.917600	2.236600	1
58.877000	143.030000	9.264500	2.236500	1
58.850000	143.100000	9.604600	2.236600	1
58.824000	143.170000	8.914600	2.236600	1
58.797000	143.230000	8.224600	2.236600	1
58.770000	143.300000	7.543800	2.236600	1
58.744000	143.370000	8.574200	2.236600	1
58.717000	143.430000	10.985000	2.236600	1
58.690000	143.500000	10.985000	2.236700	1
58.663000	143.570000	10.635000	2.236600	1
58.637000	143.640000	10.986000	2.236700	1
58.610000	143.700000	10.636000	2.236700	1
58.583000	143.770000	10.636000	2.236600	1
58.556000	143.840000	9.946400	2.236700	1
58.529000	143.900000	9.946700	2.236700	1
58.502000	143.970000	8.576900	2.236600	1
58.475000	144.030000	10.987000	2.236700	1
58.448000	144.100000	13.048000	2.236600	1
58.421000	144.170000	15.118000	2.236700	1
58.393000	144.230000	13.738000	2.236600	1
58.366000	144.300000	12.708000	2.236500	1
58.339000	144.360000	10.985000	2.236600	1
58.312000	144.430000	9.604500	2.236600	1
58.284000	144.500000	8.914300	2.236600	1
58.257000	144.560000	10.297000	2.236600	1
58.229000	144.630000	9.263700	2.236600	1
58.202000	144.690000	8.911900	2.236700	1
58.175000	144.760000	10.292000	2.236800	1
58.147000	144.820000	12.352000	2.236700	1
58.120000	144.890000	9.941800	2.236700	1
58.092000	144.950000	8.571700	2.236700	1
58.064000	145.020000	10.292000	2.236600	1
58.037000	145.080000	10.292000	2.236600	1
58.009000	145.140000	10.632000	2.236600	1
57.981000	145.210000	10.292000	2.236500	1
62.536000	131.040000	-3.836300	2.993400	1
62.517000	131.130000	-3.146300	2.993000	1
62.497000	131.220000	-1.079300	2.993000	1
62.478000	131.300000	-1.765900	2.992900	1
62.459000	131.390000	-1.425800	2.992800	1
62.439000	131.470000	-2.449100	2.992500	1
62.420000	131.560000	-2.805700	2.992400	1
62.400000	131.640000	-3.139000	2.992100	1
62.381000	131.730000	-3.495600	2.992000	1
62.361000	131.810000	-4.525500	2.991800	1
62.341000	131.900000	-3.488700	2.991600	1
62.322000	131.980000	-3.138500	2.991500	1
62.302000	132.060000	-3.828500	2.991400	1
62.282000	132.150000	-1.418300	2.991300	1
62.262000	132.230000	-3.138200	2.991300	1
62.242000	132.320000	-1.078000	2.991200	1
62.222000	132.400000	-1.757800	2.991300	1
62.202000	132.480000	-2.447700	2.991300	1
62.182000	132.570000	-0.387490	2.991300	1
62.162000	132.650000	-2.797400	2.991400	1
62.142000	132.740000	1.332800	2.991400	1
62.121000	132.820000	-1.417100	2.991500	1
62.101000	132.900000	-2.443400	2.991700	1
62.081000	132.990000	-3.823400	2.991700	1
59.151000	142.470000	1.648800	2.992800	1
59.125000	142.540000	5.429200	2.992800	1
59.099000	142.610000	9.927100	2.992800	1
59.072000	142.680000	9.219500	2.992800	1
59.046000	142.740000	8.526300	2.992800	1
59.020000	142.810000	7.499800	2.992800	1
58.993000	142.880000	7.146500	2.992700	1
58.967000	142.950000	5.426500	2.992700	1
58.940000	143.020000	5.776600	2.992700	1
58.914000	143.080000	8.865800	2.992700	1
58.887000	143.150000	5.086200	2.992800	1
58.861000	143.220000	6.806500	2.992800	1
58.834000	143.290000	7.836800	2.992800	1
58.807000	143.350000	6.117200	2.992800	1
58.781000	143.420000	7.497600	2.992800	1
58.754000	143.490000	9.908000	2.992800	1
58.727000	143.560000	8.528200	2.992800	1
58.700000	143.620000	7.498500	2.992800	1
58.673000	143.690000	8.528800	2.992800	1
58.646000	143.760000	8.189100	2.992900	1
58.619000	143.820000	7.499300	2.992800	1
58.592000	143.890000	7.839700	2.992900	1
58.565000	143.960000	6.809900	2.992800	1
58.538000	144.020000	7.500200	2.992800	1
58.511000	144.090000	8.530300	2.992800	1
58.484000	144.160000	8.866800	2.992800	1
58.457000	144.220000	11.280000	2.992900	1
58.430000	144.290000	11.967000	2.992800	1
58.403000	144.350000	11.630000	2.992700	1
58.375000	144.420000	7.496500	2.992800	1
58.348000	144.480000	7.836300	2.992700	1
58.321000	144.550000	8.864800	2.992800	1
58.293000	144.620000	9.214900	2.992800	1
58.266000	144.680000	8.184900	2.992800	1
58.238000	144.750000	6.458300	2.992900	1
58.211000	144.810000	8.865000	2.992900	1
58.183000	144.880000	13.345000	2.992800	1
58.156000	144.940000	9.214900	2.992900	1
58.128000	145.010000	7.834800	2.992800	1
58.101000	145.070000	6.114800	2.992800	1
58.073000	145.140000	5.774800	2.992800	1
58.045000	145.200000	8.184900	2.992800	1
62.577000	131.090000	-3.983800	3.748400	1
59.241000	142.390000	-0.179690	3.747800	1
59.214000	142.450000	6.700600	3.747800	1
59.188000	142.520000	12.564000	3.747800	1
59.162000	142.590000	7.744500	3.747800	1
59.136000	142.660000	6.701200	3.747800	1
59.109000	142.730000	7.391300	3.747700	1
59.083000	142.800000	7.041400	3.747700	1
59.057000	142.870000	8.421600	3.747800	1
59.030000	142.930000	5.670800	3.747700	1
59.004000	143.000000	5.321200	3.747600	1
58.977000	143.070000	3.601500	3.747700	1
58.951000	143.140000	4.981800	3.747600	1
58.924000	143.210000	7.042300	3.747800	1
58.897000	143.270000	6.702500	3.747700	1
58.871000	143.340000	5.322900	3.747700	1
58.844000	143.410000	4.983300	3.747800	1
58.817000	143.480000	4.983600	3.747800	1
58.791000	143.540000	6.364000	3.747800	1
58.764000	143.610000	5.324200	3.747800	1
58.737000	143.680000	5.324500	3.747800	1
58.710000	143.740000	6.364800	3.747800	1
58.683000	143.810000	7.045100	3.747800	1
58.656000	143.880000	7.395300	3.747700	1
58.629000	143.940000	6.365500	3.747800	1
58.602000	144.010000	5.675400	3.747800	1
58.575000	144.080000	7.031900	3.747700	1
58.548000	144.140000	6.351800	3.747800	1
58.521000	144.210000	8.071700	3.747700	1
62.619000	131.130000	-4.344800	4.502100	1
59.278000	142.440000	-0.911260	4.501400	1
59.252000	142.510000	0.468990	4.501400	1
59.225000	142.580000	11.446000	4.501400	1
59.199000	142.650000	10.066000	4.501300	1
59.173000	142.710000	5.629700	4.501400	1
59.146000	142.780000	7.349800	4.501300	1
59.120000	142.850000	5.289200	4.501300	1
59.094000	142.920000	5.596100	4.501400	1
59.067000	142.990000	4.216500	4.501200	1
59.041000	143.060000	2.156800	4.501200	1
59.014000	143.120000	5.597200	4.501200	1
58.988000	143.190000	4.907600	4.501200	1
58.961000	143.260000	5.598000	4.501300	1
58.934000	143.330000	5.938300	4.501300	1
58.908000	143.400000	5.598600	4.501300	1
58.881000	143.460000	3.895400	4.501400	1
58.854000	143.530000	4.909300	4.501400	1
58.827000	143.600000	4.909600	4.501400	1
58.800000	143.670000	4.569900	4.501400	1
58.773000	143.730000	5.260100	4.501300	1
58.747000	143.800000	5.600400	4.501400	1
58.720000	143.870000	5.260400	4.501400	1
58.693000	143.930000	5.956700	4.501300	1
58.666000	144.000000	5.600300	4.501400	1
58.638000	144.070000	4.926600	4.501300	1
58.611000	144.130000	5.940200	4.501300	1
58.584000	144.200000	4.926500	4.501300	1
58.557000	144.270000	5.616500	4.501300	1
58.530000	144.330000	12.495000	4.501400	1
58.503000	144.400000	7.675700	4.501300	1
58.475000	144.460000	5.599300	4.501200	1
58.448000	144.530000	5.276100	4.501300	1
58.421000	144.590000	4.586100	4.501200	1
62.661000	131.180000	1.675600	5.256900	1
62.641000	131.270000	-3.508300	5.256600	1
59.315000	142.490000	-0.708950	5.256200	1
59.289000	142.560000	0.324960	5.256200	1
59.263000	142.630000	2.381600	5.256200	1
59.236000	142.700000	10.305000	5.256200	1
59.210000	142.770000	2.735600	5.256200	1
59.184000	142.840000	3.748600	5.256100	1
59.157000	142.910000	4.115500	5.256100	1
59.131000	142.970000	5.836000	5.256200	1
59.104000	143.040000	3.426300	5.256100	1
59.078000	143.110000	1.356700	5.256100	1
59.051000	143.180000	2.737100	5.256100	1
59.024000	143.250000	4.117500	5.256000	1
58.998000	143.320000	8.238000	5.256200	1
58.971000	143.380000	5.484600	5.256100	1
58.944000	143.450000	3.428500	5.256100	1
58.918000	143.520000	2.735300	5.256200	1
58.891000	143.590000	1.709100	5.256200	1
58.864000	143.650000	3.079400	5.256200	1
58.837000	143.720000	4.799700	5.256200	1
58.810000	143.790000	4.116300	5.256100	1
58.783000	143.850000	3.429900	5.256200	1
58.756000	143.920000	5.146200	5.256200	1
58.729000	143.990000	4.456100	5.256100	1
58.702000	144.050000	4.796200	5.256200	1
58.675000	144.120000	4.456000	5.256100	1
62.702000	131.220000	-3.835300	6.010900	1
62.683000	131.310000	-4.185400	6.010600	1
59.300000	142.690000	-3.772500	6.010100	1
59.274000	142.760000	4.834400	6.010100	1
59.247000	142.820000	8.251300	6.010100	1
59.221000	142.890000	2.401700	6.010100	1
59.194000	142.960000	2.402100	6.010000	1
59.168000	143.030000	5.519000	6.010100	1
59.141000	143.100000	3.799300	6.010000	1
59.115000	143.170000	1.039700	6.010000	1
59.088000	143.230000	1.040000	6.010000	1
59.061000	143.300000	2.086800	6.010000	1
59.035000	143.370000	5.170900	6.010100	1
59.008000	143.440000	1.731200	6.010000	1
58.981000	143.510000	1.731600	6.010000	1
58.954000	143.570000	1.731900	6.010100	1
58.928000	143.640000	2.082100	6.010100	1
58.901000	143.710000	2.082400	6.010100	1
58.874000	143.780000	2.768900	6.010100	1
58.847000	143.840000	4.148900	6.010100	1
58.820000	143.910000	2.762500	6.010100	1
58.793000	143.980000	3.112400	6.010100	1
58.766000	144.040000	2.428600	6.010000	1
58.739000	144.110000	3.452400	6.010100	1
58.712000	144.180000	3.802200	6.010000	1
58.684000	144.240000	4.148500	6.010100	1
58.657000	144.310000	3.457400	6.010000	1
62.744000	131.270000	-3.937000	6.762900	1
59.363000	142.670000	-2.564500	6.762100	1
59.337000	142.740000	-2.214300	6.762000	1
59.311000	142.810000	-2.214900	6.762000	1
59.284000	142.880000	9.136000	6.762100	1
59.258000	142.950000	8.796400	6.762000	1
59.231000	143.020000	5.693100	6.762000	1
59.205000	143.080000	3.283600	6.762100	1
59.178000	143.150000	3.287600	6.761900	1
59.152000	143.220000	0.537960	6.761900	1
59.125000	143.290000	-0.841730	6.761900	1
59.098000	143.360000	0.888740	6.761900	1
59.072000	143.430000	3.285500	6.762000	1
59.045000	143.490000	4.329600	6.762000	1
59.018000	143.560000	0.199770	6.762000	1
58.991000	143.630000	1.566400	6.762000	1
58.964000	143.700000	0.890340	6.762000	1
58.937000	143.760000	0.540610	6.762100	1
58.911000	143.830000	0.890550	6.762000	1
58.884000	143.900000	1.570500	6.762000	1
58.857000	143.970000	0.536700	6.762000	1
58.829000	144.030000	0.886630	6.762000	1
58.802000	144.100000	2.256600	6.761900	1
58.775000	144.170000	2.260300	6.762100	1
58.748000	144.230000	3.636500	6.761900	1
58.721000	144.300000	2.945400	6.762000	1
58.694000	144.370000	2.949300	6.762000	1
58.666000	144.430000	1.915900	6.761900	1
58.639000	144.500000	2.950000	6.762000	1
58.612000	144.560000	5.020200	6.762000	1
62.786000	131.320000	-4.680500	7.522500	1
59.375000	142.800000	-1.581600	7.521600	1
59.348000	142.870000	-3.297900	7.521600	1
59.322000	142.930000	1.519000	7.521600	1
59.295000	143.000000	8.416000	7.521600	1
59.269000	143.070000	1.525100	7.521500	1
59.242000	143.140000	4.965700	7.521600	1
59.216000	143.210000	2.216000	7.521500	1
59.189000	143.280000	1.186400	7.521500	1
59.162000	143.350000	-1.229700	7.521500	1
59.136000	143.410000	1.520900	7.521500	1
59.109000	143.480000	1.861300	7.521500	1
59.082000	143.550000	0.497780	7.521500	1
59.055000	143.620000	-2.262200	7.521500	1
59.028000	143.690000	-0.887980	7.521600	1
59.002000	143.750000	-1.911600	7.521600	1
58.975000	143.820000	-3.291300	7.521600	1
58.948000	143.890000	0.832860	7.521600	1
58.921000	143.950000	1.189300	7.521600	1
58.894000	144.020000	2.553100	7.521600	1
58.867000	144.090000	1.523000	7.521600	1
58.839000	144.160000	1.522800	7.521500	1
58.812000	144.220000	1.869100	7.521600	1
58.785000	144.290000	1.869000	7.521500	1
58.758000	144.360000	1.862800	7.521600	1
58.731000	144.420000	1.862700	7.521500	1
58.703000	144.490000	2.217800	7.521400	1
58.676000	144.550000	3.248200	7.521600	1
58.648000	144.620000	1.868400	7.521500	1
58.621000	144.690000	1.864800	7.521400	1
58.594000	144.750000	2.558800	7.521500	1
62.828000	131.360000	-4.521100	8.275900	1
59.386000	142.920000	-4.565100	8.274900	1
59.359000	142.990000	-3.528500	8.275000	1
59.333000	143.060000	5.422200	8.274900	1
59.306000	143.130000	3.355300	8.274900	1
59.279000	143.200000	0.255660	8.275000	1
59.253000	143.270000	-0.094014	8.274800	1
59.226000	143.330000	-1.119900	8.274900	1
59.199000	143.400000	0.603060	8.274800	1
59.173000	143.470000	0.259690	8.274800	1
59.146000	143.540000	1.980100	8.274900	1
59.119000	143.610000	1.644100	8.274900	1
59.092000	143.670000	-2.842200	8.274800	1
59.065000	143.740000	-1.811800	8.274900	1
59.039000	143.810000	-0.085188	8.274900	1
59.012000	143.880000	-2.145000	8.275000	1
58.985000	143.940000	-2.834900	8.274900	1
58.958000	144.010000	-0.088169	8.274900	1
58.930000	144.080000	0.265820	8.274900	1
58.903000	144.140000	0.262000	8.274900	1
58.876000	144.210000	2.325800	8.274800	1
59.370000	143.120000	-4.165500	9.033800	1
59.344000	143.180000	6.829000	9.033700	1
59.317000	143.250000	3.739200	9.033800	1
59.290000	143.320000	4.772100	9.033700	1
59.264000	143.390000	-0.051408	9.033700	1
59.237000	143.460000	-0.374830	9.033600	1
59.210000	143.530000	0.305570	9.033700	1
59.183000	143.590000	-1.080500	9.033700	1
59.157000	143.660000	-2.791700	9.033700	1
59.130000	143.730000	0.996380	9.033700	1
59.103000	143.800000	-0.723430	9.033800	1
59.076000	143.870000	0.290650	9.033800	1
59.049000	143.930000	-1.753000	9.033800	1
59.022000	144.000000	-0.372650	9.033800	1
58.995000	144.070000	-1.062400	9.033700	1
58.968000	144.130000	-1.752200	9.033800	1
58.940000	144.200000	0.308210	9.033800	1
58.913000	144.270000	0.984690	9.033700	1
58.886000	144.340000	2.038600	9.033800	1
59.381000	143.240000	-2.408000	9.788000	1
59.355000	143.310000	0.688650	9.788100	1
59.328000	143.380000	3.776400	9.788000	1
59.301000	143.450000	5.504100	9.788000	1
59.274000	143.520000	3.784100	9.787900	1
59.248000	143.580000	2.757000	9.788000	1
59.221000	143.650000	5.857300	9.788000	1
59.194000	143.720000	6.883800	9.788000	1
59.167000	143.790000	-0.003741	9.787900	1
59.140000	143.850000	-1.723600	9.788100	1
59.113000	143.920000	-1.389500	9.788100	1
59.086000	143.990000	-0.002937	9.788100	1
59.059000	144.060000	-1.389000	9.788100	1
59.032000	144.120000	-2.769000	9.788000	1
59.005000	144.190000	-0.352240	9.788000	1
58.977000	144.260000	1.034300	9.788000	1
58.950000	144.330000	0.338310	9.787900	1
58.923000	144.390000	0.684890	9.788100	1
58.896000	144.460000	5.855300	9.787900	1
58.868000	144.530000	6.533200	9.788100	1
58.841000	144.590000	5.505600	9.787900	1
58.814000	144.660000	8.253100	9.787800	1
58.786000	144.730000	9.635500	9.788000	1
58.759000	144.790000	8.599100	9.788000	1
58.731000	144.860000	7.569000	9.787900	1
58.704000	144.920000	7.575100	9.787900	1
58.676000	144.990000	8.252400	9.787800	1
58.648000	145.060000	6.871100	9.787900	1
58.621000	145.120000	1.729700	9.787900	1
58.593000	145.190000	2.759800	9.787900	1
59.392000	143.370000	-2.146500	10.546000	1
59.365000	143.440000	-4.564300	10.546000	1
59.339000	143.500000	1.298000	10.546000	1
59.312000	143.570000	6.125600	10.546000	1
59.285000	143.640000	6.121800	10.546000	1
59.258000	143.710000	8.531800	10.546000	1
59.231000	143.780000	8.178000	10.546000	1
59.204000	143.840000	4.405400	10.546000	1
59.177000	143.910000	-2.485000	10.546000	1
59.150000	143.980000	-3.172300	10.546000	1
59.123000	144.050000	-4.903700	10.546000	1
59.096000	144.120000	-1.449100	10.546000	1
59.069000	144.180000	-1.105100	10.546000	1
59.042000	144.250000	-0.768610	10.546000	1
59.015000	144.320000	-0.772160	10.546000	1
58.988000	144.380000	-0.081852	10.546000	1
58.960000	144.450000	0.616060	10.546000	1
58.933000	144.520000	1.298800	10.546000	1
58.906000	144.580000	3.366800	10.546000	1
58.878000	144.650000	4.049500	10.546000	1
58.851000	144.720000	3.705900	10.546000	1
58.823000	144.780000	5.080100	10.546000	1
58.796000	144.850000	7.154100	10.546000	1
58.768000	144.920000	8.534200	10.546000	1
58.741000	144.980000	8.184100	10.546000	1
58.713000	145.050000	8.530100	10.545000	1
58.685000	145.110000	8.183700	10.546000	1
58.658000	145.180000	3.023300	10.546000	1
58.630000	145.240000	-0.770990	10.546000	1
59.430000	143.420000	-5.183900	11.298000	1
59.403000	143.490000	-2.755400	11.298000	1
59.376000	143.560000	-4.481600	11.298000	1
59.349000	143.630000	3.439400	11.298000	1
59.323000	143.700000	7.213500	11.298000	1
59.296000	143.770000	7.237400	11.298000	1
59.269000	143.830000	8.243600	11.298000	1
59.242000	143.900000	4.477300	11.298000	1
59.215000	143.970000	-4.481000	11.298000	1
59.188000	144.040000	-3.457200	11.298000	1
59.161000	144.110000	-5.503800	11.298000	1
59.134000	144.170000	-2.087200	11.298000	1
59.106000	144.240000	-1.381000	11.298000	1
59.079000	144.310000	-0.351780	11.298000	1
59.052000	144.370000	-1.714100	11.298000	1
59.025000	144.440000	-0.683770	11.298000	1
58.997000	144.510000	-0.707300	11.298000	1
58.970000	144.580000	1.719400	11.298000	1
58.943000	144.640000	3.786000	11.298000	1
63.040000	131.600000	-4.896600	12.055000	1
59.441000	143.550000	-5.627900	12.053000	1
59.414000	143.620000	-6.317900	12.053000	1
59.387000	143.690000	-2.550400	12.053000	1
59.360000	143.760000	3.681700	12.053000	1
59.333000	143.820000	7.454500	12.053000	1
59.306000	143.890000	7.098500	12.053000	1
59.279000	143.960000	5.378800	12.053000	1
59.252000	144.030000	1.612700	12.053000	1
59.225000	144.100000	-1.137300	12.053000	1
59.198000	144.160000	-3.913700	12.053000	1
59.171000	144.230000	-4.941500	12.053000	1
59.144000	144.300000	-1.827300	12.053000	1
59.117000	144.370000	-1.137300	12.053000	1
59.089000	144.430000	-0.787350	12.053000	1
59.062000	144.500000	0.582700	12.053000	1
59.035000	144.570000	0.565120	12.053000	1
59.007000	144.630000	3.977600	12.053000	1
58.980000	144.700000	-0.472230	12.053000	1
58.952000	144.770000	-1.169600	12.053000	1
58.925000	144.830000	0.224530	12.053000	1
58.897000	144.900000	-0.805220	12.053000	1
58.870000	144.970000	-0.138740	12.053000	1
63.084000	131.650000	-5.215600	12.815000	1
59.452000	143.680000	-4.157400	12.814000	1
59.425000	143.750000	-4.848800	12.814000	1
59.398000	143.820000	2.032700	12.814000	1
59.371000	143.880000	6.513100	12.814000	1
59.344000	143.950000	6.509600	12.814000	1
59.317000	144.020000	5.819800	12.814000	1
59.290000	144.090000	4.793800	12.814000	1
59.263000	144.160000	5.824100	12.814000	1
59.236000	144.220000	2.384200	12.814000	1
59.209000	144.290000	-4.160100	12.814000	1
59.182000	144.360000	-2.775800	12.814000	1
59.154000	144.430000	-0.715280	12.814000	1
59.127000	144.490000	1.667600	12.814000	1
59.100000	144.560000	-0.364720	12.814000	1
59.072000	144.630000	-1.054500	12.814000	1
59.045000	144.690000	-1.054300	12.814000	1
59.018000	144.760000	-0.714170	12.814000	1
58.990000	144.830000	3.076000	12.814000	1
58.963000	144.890000	4.099700	12.814000	1
58.935000	144.960000	-0.714390	12.814000	1
58.907000	145.030000	0.661860	12.814000	1
58.880000	145.090000	1.005500	12.814000	1
58.852000	145.160000	-0.366130	12.814000	1
58.824000	145.220000	1.004100	12.814000	1
58.797000	145.290000	2.696800	12.814000	1
59.464000	143.810000	-7.396500	13.572000	1
59.437000	143.880000	1.217200	13.572000	1
59.410000	143.940000	2.592100	13.572000	1
59.383000	144.010000	3.983500	13.572000	1
59.356000	144.080000	4.305900	13.572000	1
59.328000	144.150000	2.943400	13.573000	1
59.301000	144.220000	4.645800	13.572000	1
59.274000	144.280000	3.633300	13.573000	1
59.247000	144.350000	-3.604800	13.573000	1
59.220000	144.420000	-5.318900	13.572000	1
59.192000	144.490000	-1.527900	13.573000	1
59.165000	144.550000	-1.541300	13.572000	1
59.138000	144.620000	-2.217400	13.572000	1
59.110000	144.690000	-1.877100	13.572000	1
59.083000	144.750000	-0.850480	13.572000	1
59.055000	144.820000	2.586400	13.572000	1
59.028000	144.890000	-2.921500	13.572000	1
59.000000	144.950000	-1.185900	13.572000	1
58.973000	145.020000	-1.884300	13.572000	1
58.945000	145.090000	-2.233000	13.572000	1
58.917000	145.150000	-0.494980	13.572000	1
58.890000	145.220000	2.594100	13.572000	1
58.862000	145.280000	2.244200	13.572000	1
59.955000	142.690000	-7.298800	14.325000	1
59.928000	142.760000	-7.284600	14.325000	1
59.902000	142.830000	-7.624300	14.325000	1
59.876000	142.900000	-6.607500	14.325000	1
59.849000	142.970000	-6.243200	14.325000	1
59.823000	143.040000	-7.291200	14.325000	1
59.796000	143.110000	-8.327800	14.325000	1
59.770000	143.180000	-7.631300	14.325000	1
59.743000	143.250000	-7.963900	14.325000	1
59.716000	143.320000	-9.702600	14.325000	1
59.690000	143.380000	-7.280200	14.325000	1
59.663000	143.450000	-5.226100	14.325000	1
59.636000	143.520000	-5.902200	14.325000	1
59.609000	143.590000	-8.327300	14.325000	1
59.582000	143.660000	-7.307600	14.325000	1
59.556000	143.730000	-7.296100	14.325000	1
59.529000	143.800000	-4.878400	14.325000	1
59.502000	143.870000	-3.844200	14.324000	1
59.475000	143.930000	-4.187800	14.325000	1
59.448000	144.000000	-0.396840	14.324000	1
59.421000	144.070000	-4.552400	14.325000	1
59.394000	144.140000	1.650100	14.324000	1
59.366000	144.210000	2.348000	14.325000	1
59.339000	144.270000	2.694500	14.325000	1
59.312000	144.340000	1.332200	14.325000	1
59.285000	144.410000	1.675900	14.325000	1
59.257000	144.480000	-3.491100	14.325000	1
59.230000	144.540000	-3.828800	14.325000	1
59.203000	144.610000	-2.472300	14.324000	1
59.175000	144.680000	-2.466100	14.325000	1
59.148000	144.750000	-2.472400	14.325000	1
59.120000	144.810000	-2.472500	14.324000	1
59.093000	144.880000	-0.056829	14.325000	1
59.065000	144.950000	5.453800	14.324000	1
59.038000	145.010000	5.104000	14.324000	1
59.010000	145.080000	4.764400	14.324000	1
58.982000	145.150000	-2.472300	14.324000	1
58.955000	145.210000	-1.793200	14.324000	1
58.927000	145.280000	-0.409100	14.324000	1
58.899000	145.340000	1.651200	14.324000	1
58.871000	145.410000	1.665200	14.324000	1
60.020000	142.680000	-4.703600	15.086000	1
59.994000	142.750000	-7.776800	15.086000	1
59.968000	142.820000	-8.139400	15.086000	1
59.941000	142.890000	-6.745400	15.086000	1
59.915000	142.960000	-7.789300	15.086000	1
59.888000	143.030000	-8.465700	15.086000	1
59.862000	143.100000	-8.124900	15.086000	1
59.835000	143.170000	-7.787300	15.086000	1
59.809000	143.240000	-7.093700	15.086000	1
59.782000	143.310000	-7.773700	15.086000	1
59.755000	143.380000	-7.106600	15.086000	1
59.729000	143.440000	-6.419500	15.086000	1
59.702000	143.510000	-6.416700	15.086000	1
59.675000	143.580000	-7.449400	15.086000	1
59.648000	143.650000	-8.140000	15.086000	1
59.621000	143.720000	-6.741700	15.086000	1
59.594000	143.790000	-5.020700	15.086000	1
59.567000	143.860000	-4.007900	15.086000	1
59.540000	143.930000	-2.287700	15.086000	1
59.513000	144.000000	-5.732500	15.086000	1
59.486000	144.060000	-6.051300	15.086000	1
59.459000	144.130000	-6.415500	15.086000	1
59.432000	144.200000	-4.352900	15.086000	1
59.405000	144.270000	-6.402000	15.086000	1
59.378000	144.340000	-0.911520	15.086000	1
59.351000	144.400000	2.214000	15.086000	1
59.323000	144.470000	1.860500	15.086000	1
59.296000	144.540000	2.210800	15.086000	1
59.269000	144.610000	-0.545480	15.086000	1
59.241000	144.670000	-2.269300	15.086000	1
59.214000	144.740000	-2.269000	15.086000	1
59.186000	144.810000	-2.268800	15.086000	1
59.159000	144.870000	-4.001300	15.086000	1
59.131000	144.940000	-1.593000	15.086000	1
59.104000	145.010000	4.272800	15.086000	1
59.076000	145.070000	5.303100	15.086000	1
59.048000	145.140000	4.623200	15.086000	1
59.021000	145.210000	5.285700	15.086000	1
58.993000	145.270000	-2.971500	15.086000	1
58.965000	145.340000	-3.651800	15.086000	1
58.937000	145.410000	-2.608000	15.086000	1
60.059000	142.740000	-7.163800	15.843000	1
60.033000	142.810000	-6.829500	15.843000	1
60.007000	142.880000	-7.160700	15.843000	1
59.980000	142.950000	-6.486200	15.843000	1
59.954000	143.020000	-8.557600	15.843000	1
59.927000	143.090000	-7.151600	15.843000	1
59.901000	143.160000	-4.752700	15.843000	1
59.874000	143.230000	-6.473200	15.843000	1
59.848000	143.300000	-7.504000	15.843000	1
59.821000	143.370000	-7.852800	15.843000	1
59.794000	143.440000	-8.176000	15.843000	1
59.767000	143.510000	-6.823400	15.843000	1
59.741000	143.570000	-5.781300	15.843000	1
59.714000	143.640000	-4.424200	15.843000	1
59.687000	143.710000	-5.438100	15.842000	1
59.660000	143.780000	-4.073800	15.843000	1
59.633000	143.850000	-5.786800	15.842000	1
59.606000	143.920000	-4.057000	15.843000	1
59.579000	143.990000	-4.769600	15.842000	1
59.552000	144.060000	-2.343600	15.842000	1
59.525000	144.120000	-3.369800	15.842000	1
59.498000	144.190000	-8.188200	15.842000	1
59.471000	144.260000	-8.173100	15.842000	1
59.443000	144.330000	-8.191500	15.843000	1
59.416000	144.400000	-5.792300	15.842000	1
59.389000	144.460000	-5.776200	15.843000	1
59.362000	144.530000	1.105500	15.843000	1
59.334000	144.600000	2.126700	15.842000	1
59.307000	144.670000	1.120300	15.843000	1
63.302000	131.900000	-3.424500	16.598000	1
63.282000	131.990000	-2.730600	16.598000	1
60.204000	142.510000	-5.486200	16.597000	1
60.178000	142.580000	-5.524600	16.597000	1
60.152000	142.660000	-6.209300	16.597000	1
60.125000	142.730000	-6.207500	16.597000	1
60.099000	142.800000	-6.557400	16.597000	1
60.073000	142.870000	-7.896800	16.597000	1
60.046000	142.940000	-6.865600	16.597000	1
60.020000	143.010000	-7.580300	16.597000	1
59.993000	143.080000	-5.522500	16.597000	1
59.967000	143.150000	-6.211200	16.597000	1
59.940000	143.220000	-5.515500	16.597000	1
59.913000	143.290000	-7.894000	16.597000	1
59.887000	143.360000	-8.978200	16.597000	1
59.860000	143.430000	-8.926900	16.597000	1
59.833000	143.500000	-7.202300	16.597000	1
59.806000	143.570000	-4.494400	16.597000	1
59.780000	143.640000	-3.799100	16.597000	1
59.753000	143.710000	-7.234400	16.597000	1
59.726000	143.770000	-7.589800	16.597000	1
59.699000	143.840000	-7.930500	16.597000	1
59.672000	143.910000	-6.521800	16.597000	1
59.645000	143.980000	-6.893500	16.597000	1
59.618000	144.050000	-5.869200	16.597000	1
59.591000	144.120000	-4.489700	16.597000	1
59.564000	144.190000	-7.909900	16.597000	1
59.537000	144.250000	-6.862800	16.597000	1
59.509000	144.320000	-7.227900	16.597000	1
59.482000	144.390000	-7.227300	16.597000	1
59.455000	144.460000	-5.847700	16.597000	1
59.428000	144.530000	-5.480900	16.597000	1
59.400000	144.590000	-8.575000	16.597000	1
59.373000	144.660000	-0.706570	16.597000	1
59.345000	144.730000	0.340120	16.597000	1
63.347000	131.960000	-4.967700	17.363000	1
60.113000	142.930000	-6.369000	17.362000	1
60.086000	143.000000	-7.401900	17.361000	1
60.060000	143.070000	-5.692700	17.361000	1
60.033000	143.140000	-4.670400	17.362000	1
60.007000	143.210000	-6.391300	17.361000	1
59.980000	143.280000	-5.679600	17.362000	1
59.953000	143.350000	-6.394700	17.361000	1
59.927000	143.420000	-7.740500	17.361000	1
59.900000	143.490000	-7.054000	17.362000	1
59.873000	143.560000	-5.347500	17.361000	1
59.846000	143.630000	-6.388500	17.361000	1
59.819000	143.700000	-7.762700	17.361000	1
59.793000	143.770000	-7.741200	17.361000	1
59.766000	143.840000	-7.404500	17.361000	1
59.739000	143.910000	-7.738300	17.361000	1
59.712000	143.970000	-5.700200	17.361000	1
59.685000	144.040000	-3.292800	17.361000	1
59.657000	144.110000	-3.979000	17.361000	1
59.630000	144.180000	-5.703500	17.361000	1
59.603000	144.250000	-6.706400	17.361000	1
59.576000	144.320000	-7.743400	17.361000	1
59.549000	144.390000	-6.380700	17.361000	1
59.522000	144.450000	-6.021600	17.361000	1
59.494000	144.520000	-4.294100	17.361000	1
59.467000	144.590000	-4.671600	17.361000	1
59.439000	144.660000	-5.007800	17.361000	1
59.412000	144.720000	-9.117400	17.361000	1
59.385000	144.790000	-4.671300	17.361000	1
59.357000	144.860000	-0.162780	17.361000	1
59.313000	145.120000	-0.931090	18.121000	1
59.286000	145.190000	-0.241820	18.122000	1
59.258000	145.260000	1.496100	18.121000	1
59.230000	145.320000	2.169000	18.121000	1
59.202000	145.390000	2.173100	18.121000	1
59.175000	145.460000	1.837100	18.121000	1
59.147000	145.520000	2.177400	18.121000	1
59.119000	145.590000	1.830100	18.121000	1
59.091000	145.660000	1.490100	18.121000	1
59.063000	145.720000	-4.030100	18.121000	1
59.035000	145.790000	-4.371600	18.121000	1
59.007000	145.850000	-4.371900	18.121000	1
58.979000	145.920000	-1.635000	18.121000	1
58.951000	145.990000	1.121400	18.121000	1