La	Lo	Sig	Theta	Ice
64.022000	149.330000	-4.818900	-17.425000	1
64.023000	149.430000	-5.495800	-17.425000	1
64.024000	149.530000	-5.502500	-17.425000	1
64.025000	149.630000	-5.507500	-17.425000	1
64.026000	149.730000	-3.431800	-17.425000	1
64.027000	149.830000	-2.753000	-17.425000	1
64.028000	149.930000	-5.172600	-17.425000	1
64.028000	150.030000	-5.172600	-17.425000	1
64.029000	150.130000	-6.213100	-17.425000	1
64.029000	150.230000	-3.437000	-17.425000	1
64.030000	150.330000	-3.798400	-17.425000	1
64.030000	150.430000	-3.448000	-17.425000	1
64.030000	150.530000	-5.502700	-17.425000	1
64.031000	150.630000	-5.836700	-17.425000	1
64.031000	150.730000	-6.545400	-17.425000	1
64.031000	150.830000	-2.417200	-17.425000	1
64.031000	150.930000	-5.152100	-17.425000	1
64.031000	151.030000	-6.199900	-17.425000	1
64.030000	151.130000	-3.788700	-17.425000	1
64.030000	151.230000	-5.490700	-17.425000	1
64.072000	149.220000	-6.100000	-16.662000	1
64.073000	149.320000	-4.753500	-16.662000	1
64.074000	149.430000	-6.450900	-16.662000	1
64.075000	149.530000	-6.113500	-16.662000	1
64.076000	149.630000	-1.982000	-16.662000	1
64.077000	149.730000	-6.466400	-16.662000	1
64.078000	149.830000	-5.426000	-16.662000	1
64.078000	149.930000	-5.083500	-16.662000	1
64.079000	150.030000	-4.754700	-16.662000	1
64.080000	150.130000	-4.067700	-16.662000	1
64.080000	150.230000	-3.721400	-16.662000	1
64.080000	150.330000	-5.793400	-16.662000	1
64.081000	150.430000	-5.791900	-16.662000	1
64.081000	150.530000	-7.156500	-16.662000	1
64.081000	150.630000	-5.780700	-16.662000	1
64.081000	150.730000	-2.678100	-16.662000	1
64.081000	150.830000	-4.067200	-16.662000	1
64.081000	150.930000	-5.764200	-16.662000	1
64.081000	151.030000	-5.752700	-16.662000	1
64.081000	151.130000	-5.089700	-16.662000	1
64.081000	151.230000	-6.127700	-16.662000	1
64.081000	151.330000	-6.794000	-16.662000	1
64.080000	151.430000	-6.092200	-16.662000	1
64.080000	151.530000	-6.793700	-16.662000	1
64.079000	151.630000	-5.762700	-16.662000	1
64.078000	151.730000	-4.382000	-16.662000	1
64.078000	151.830000	-4.057600	-16.662000	1
64.077000	151.930000	-7.482700	-16.662000	1
64.076000	152.030000	-6.468000	-16.662000	1
64.075000	152.130000	-6.093800	-16.662000	1
64.074000	152.230000	-5.777200	-16.662000	1
64.073000	152.330000	-4.379800	-16.662000	1
64.072000	152.430000	-6.450500	-16.662000	1
64.131000	150.830000	-5.339300	-15.904000	1
64.131000	150.930000	-4.313800	-15.904000	1
64.131000	151.030000	-5.330300	-15.904000	1
64.131000	151.130000	-6.020800	-15.904000	1
64.131000	151.230000	-7.051300	-15.904000	1
64.131000	151.330000	-6.366800	-15.904000	1
64.130000	151.430000	-7.058100	-15.904000	1
64.130000	151.530000	-7.397100	-15.904000	1
64.129000	151.630000	-5.343200	-15.904000	1
64.129000	151.730000	-5.682900	-15.904000	1
64.128000	151.830000	-6.366700	-15.904000	1
64.127000	151.930000	-6.715300	-15.904000	1
64.126000	152.030000	-5.334300	-15.904000	1
64.125000	152.130000	-5.335300	-15.904000	1
64.124000	152.240000	-5.674800	-15.904000	1
64.123000	152.340000	-5.681000	-15.904000	1
64.122000	152.440000	-6.716100	-15.904000	1
64.121000	152.540000	-7.395300	-15.904000	1
64.120000	152.640000	-7.054800	-15.904000	1
64.118000	152.740000	-3.975300	-15.904000	1
63.814000	160.100000	-5.007500	-15.904000	1
63.808000	160.200000	-4.662300	-15.904000	1
63.801000	160.300000	-4.989800	-15.904000	1
63.794000	160.390000	-5.328500	-15.904000	1
63.787000	160.490000	-2.941400	-15.904000	1
63.780000	160.590000	-3.970200	-15.904000	1
63.772000	160.690000	-6.042200	-15.904000	1
63.765000	160.790000	-4.638900	-15.904000	1
64.181000	150.730000	-6.025800	-15.148000	1
64.181000	150.830000	-4.991400	-15.148000	1
64.181000	150.930000	-4.967700	-15.148000	1
64.181000	151.030000	-5.340300	-15.148000	1
64.181000	151.130000	-4.649800	-15.148000	1
64.180000	151.230000	-6.673200	-15.148000	1
64.180000	151.330000	-8.077700	-15.148000	1
64.180000	151.430000	-7.735100	-15.148000	1
64.179000	151.530000	-6.696400	-15.148000	1
64.179000	151.630000	-3.958700	-15.148000	1
64.178000	151.730000	-4.951200	-15.148000	1
64.177000	151.840000	-4.974500	-15.148000	1
64.177000	151.940000	-5.678400	-15.148000	1
64.176000	152.040000	-5.664300	-15.148000	1
64.175000	152.140000	-6.694700	-15.148000	1
64.226000	149.720000	-5.549000	-14.394000	1
64.226000	149.820000	-3.822300	-14.394000	1
64.227000	149.920000	-7.282700	-14.394000	1
64.228000	150.020000	-3.493600	-14.394000	1
64.228000	150.120000	-3.818700	-14.394000	1
64.229000	150.220000	-2.463300	-14.394000	1
64.229000	150.330000	-2.107100	-14.394000	1
64.230000	150.430000	-3.139600	-14.394000	1
64.230000	150.530000	-3.486100	-14.394000	1
64.230000	150.630000	-5.213900	-14.394000	1
64.230000	150.730000	-4.866400	-14.394000	1
64.230000	150.830000	-4.172300	-14.394000	1
64.230000	150.930000	-3.818400	-14.394000	1
64.230000	151.030000	-4.841100	-14.394000	1
63.932000	159.840000	-3.484100	-14.394000	1
63.925000	159.940000	-3.136400	-14.394000	1
63.919000	160.030000	-4.508200	-14.394000	1
63.912000	160.130000	-5.546900	-14.394000	1
63.905000	160.230000	-4.502900	-14.394000	1
63.898000	160.330000	-5.887000	-14.394000	1
63.891000	160.430000	-7.275100	-14.394000	1
63.884000	160.530000	-6.573300	-14.394000	1
63.877000	160.630000	-4.852400	-14.394000	1
63.870000	160.720000	-2.792900	-14.394000	1
63.863000	160.820000	-2.786500	-14.394000	1
63.994000	159.660000	-3.115600	-13.637000	1
63.987000	159.760000	-2.085500	-13.636000	1
63.981000	159.850000	-3.797000	-13.637000	1
63.974000	159.950000	-7.936200	-13.636000	1
63.967000	160.050000	-5.521300	-13.637000	1
63.960000	160.150000	-7.599700	-13.637000	1
63.954000	160.250000	-7.590900	-13.637000	1
63.947000	160.350000	-7.241600	-13.637000	1
63.940000	160.450000	-5.520800	-13.637000	1
63.933000	160.540000	-4.801700	-13.637000	1
63.925000	160.640000	-2.740800	-13.637000	1
64.320000	149.310000	-3.444400	-12.877000	1
64.321000	149.410000	-3.118200	-12.877000	1
64.322000	149.510000	-4.487300	-12.877000	1
64.323000	149.620000	-4.823900	-12.877000	1
64.324000	149.720000	-4.148900	-12.877000	1
64.324000	149.820000	-4.821700	-12.877000	1
64.325000	149.920000	-6.898700	-12.877000	1
64.326000	150.020000	-6.218600	-12.877000	1
64.326000	150.120000	-3.826600	-12.877000	1
64.327000	150.220000	-5.179400	-12.877000	1
64.327000	150.320000	-3.795400	-12.877000	1
64.327000	150.430000	-4.471700	-12.877000	1
64.328000	150.530000	-3.820400	-12.877000	1
64.328000	150.630000	-4.160500	-12.877000	1
64.328000	150.730000	-2.762600	-12.877000	1
64.328000	150.830000	-4.143000	-12.877000	1
64.328000	150.930000	-6.202200	-12.877000	1
64.328000	151.030000	-5.528100	-12.877000	1
64.328000	151.130000	-4.474100	-12.877000	1
64.328000	151.230000	-1.379600	-12.877000	1
64.327000	151.340000	-6.558300	-12.877000	1
64.327000	151.440000	-6.893400	-12.877000	1
64.326000	151.540000	-5.163800	-12.877000	1
64.326000	151.640000	-1.736500	-12.877000	1
64.325000	151.740000	-0.345530	-12.877000	1
64.324000	151.840000	-5.166100	-12.877000	1
64.324000	151.940000	-5.165900	-12.877000	1
64.371000	149.610000	-4.058600	-12.117000	1
64.372000	149.710000	-3.722400	-12.117000	1
64.373000	149.820000	-4.735200	-12.117000	1
64.374000	149.920000	-2.334800	-12.117000	1
64.374000	150.020000	-3.708900	-12.117000	1
64.375000	150.120000	-4.401600	-12.117000	1
64.375000	150.220000	-3.711400	-12.117000	1
64.376000	150.320000	-6.133300	-12.117000	1
64.376000	150.420000	-3.021200	-12.117000	1
64.376000	150.530000	-3.711400	-12.117000	1
64.377000	150.630000	-4.752900	-12.117000	1
64.377000	150.730000	-2.007300	-12.117000	1
64.377000	150.830000	-1.988700	-12.117000	1
64.377000	150.930000	-3.373800	-12.117000	1
64.377000	151.030000	-4.077700	-12.117000	1
64.376000	151.130000	-4.410200	-12.117000	1
64.376000	151.240000	-4.417700	-12.117000	1
64.376000	151.340000	-5.781700	-12.117000	1
64.375000	151.440000	-3.370900	-12.117000	1
64.473000	150.530000	-0.552660	-10.603000	1
64.473000	150.630000	-0.552670	-10.603000	1
64.473000	150.730000	-2.279100	-10.603000	1
64.473000	150.830000	-1.929200	-10.603000	1
64.473000	150.930000	-4.333400	-10.603000	1
64.473000	151.030000	-2.965500	-10.603000	1
64.473000	151.140000	-2.965500	-10.603000	1
64.472000	151.240000	-2.969200	-10.603000	1
64.472000	151.340000	-4.335700	-10.603000	1
64.472000	151.440000	-3.649200	-10.603000	1
64.471000	151.540000	-3.631600	-10.603000	1
64.471000	151.650000	-5.372400	-10.603000	1
64.521000	150.630000	-2.252500	-9.846500	1
64.521000	150.730000	-2.256400	-9.846500	1
64.521000	150.830000	-2.942700	-9.846400	1
64.521000	150.930000	-1.912600	-9.846400	1
64.521000	151.040000	-1.560100	-9.846600	1
64.520000	151.140000	-3.972900	-9.846500	1
64.520000	151.240000	-2.938800	-9.846600	1
64.520000	151.340000	-2.252500	-9.846400	1
64.519000	151.440000	-0.529790	-9.846600	1
64.519000	151.550000	-2.249800	-9.846400	1
64.518000	151.650000	-2.602000	-9.846500	1
64.518000	151.750000	-5.016000	-9.846300	1
64.517000	151.850000	-5.011800	-9.846500	1
64.516000	151.950000	0.499010	-9.846300	1
64.515000	152.060000	-3.953500	-9.846500	1
64.615000	150.320000	-0.269440	-8.335700	1
64.615000	150.420000	-3.369700	-8.335900	1
64.615000	150.530000	-4.056200	-8.335700	1
64.615000	150.630000	-2.682200	-8.335900	1
64.615000	150.730000	-3.706200	-8.335800	1
64.615000	150.830000	-3.016200	-8.335800	1
64.615000	150.940000	-2.332300	-8.335700	1
64.615000	151.040000	-3.022300	-8.335900	1
64.615000	151.140000	-3.022300	-8.335800	1
64.615000	151.240000	-2.682200	-8.335900	1
64.615000	151.350000	-3.712300	-8.335800	1
64.614000	151.450000	-2.331900	-8.335900	1
64.614000	151.550000	-1.991800	-8.335800	1
64.613000	151.650000	0.418660	-8.335800	1
64.612000	151.750000	-5.089300	-8.335700	1
64.612000	151.860000	-5.431400	-8.335800	1
64.611000	151.960000	0.761910	-8.335600	1
64.610000	152.060000	-4.752100	-8.335800	1
64.609000	152.160000	0.054958	-8.335700	1
64.608000	152.270000	-0.953530	-8.335900	1
64.607000	152.370000	-0.266970	-8.335800	1
64.606000	152.470000	-0.952920	-8.335900	1
64.707000	149.910000	-4.102800	-6.824700	1
64.707000	150.010000	-4.804100	-6.824700	1
64.708000	150.120000	1.390300	-6.824800	1
64.708000	150.220000	0.373900	-6.824800	1
64.709000	150.320000	-1.710000	-6.824800	1
64.709000	150.430000	-4.112900	-6.824900	1
64.709000	150.530000	-3.756600	-6.824800	1
64.709000	150.630000	-4.453000	-6.824900	1
64.710000	150.730000	-3.763000	-6.824800	1
64.710000	150.840000	-4.106800	-6.824800	1
64.710000	150.940000	-4.113100	-6.824800	1
64.709000	151.040000	-3.072900	-6.824900	1
64.709000	151.140000	-2.392800	-6.824800	1
64.709000	151.250000	-3.072700	-6.824900	1
64.709000	151.350000	-3.422700	-6.824800	1
64.708000	151.450000	-3.756300	-6.824900	1
64.708000	151.550000	-3.422400	-6.824800	1
64.707000	151.660000	-3.758500	-6.824800	1
64.753000	149.810000	-2.337100	-6.070000	1
64.753000	149.910000	-1.313600	-6.070000	1
64.754000	150.010000	-0.963660	-6.070000	1
64.755000	150.120000	1.446400	-6.070100	1
64.755000	150.220000	-0.963770	-6.070100	1
64.755000	150.320000	-3.020300	-6.070100	1
64.756000	150.430000	-1.643700	-6.070200	1
64.756000	150.530000	-3.024000	-6.070000	1
64.756000	150.630000	-3.030200	-6.070200	1
64.756000	150.730000	-2.340200	-6.070100	1
64.756000	150.840000	-3.030400	-6.070100	1
64.756000	150.940000	-2.680400	-6.070100	1
64.756000	151.040000	-1.990200	-6.070200	1
64.756000	151.150000	-3.704000	-6.070100	1
64.756000	151.250000	-3.030100	-6.070200	1
64.755000	151.350000	-1.303600	-6.070100	1
64.755000	151.450000	-2.673500	-6.070200	1
64.755000	151.560000	-3.029700	-6.070100	1
64.754000	151.660000	-1.989400	-6.070100	1
64.753000	151.760000	-2.332900	-6.070000	1
64.753000	151.870000	-2.678900	-6.070100	1
64.801000	150.010000	0.049115	-5.314900	1
64.801000	150.120000	-1.327400	-5.315000	1
64.802000	150.220000	-1.681100	-5.315000	1
64.802000	150.320000	-2.711300	-5.315000	1
64.803000	150.430000	-3.051200	-5.315100	1
64.803000	150.530000	-3.054900	-5.315000	1
64.803000	150.630000	-2.711200	-5.315100	1
64.803000	150.740000	-2.714900	-5.315000	1
64.803000	150.840000	-3.401400	-5.315000	1
64.803000	150.940000	-3.055000	-5.315000	1
64.803000	151.040000	-3.401300	-5.315100	1
64.803000	151.150000	-2.361200	-5.315000	1
64.803000	151.250000	-2.361000	-5.315100	1
64.802000	151.350000	-0.300880	-5.315000	1
64.802000	151.460000	-2.020700	-5.315200	1
64.492000	160.140000	-0.311510	-5.315100	1
64.485000	160.240000	-2.371500	-5.315100	1
64.478000	160.340000	2.438700	-5.315100	1
64.471000	160.440000	-2.045100	-5.315100	1
64.464000	160.540000	1.772400	-5.315200	1
64.457000	160.640000	4.522500	-5.315200	1
64.449000	160.740000	-1.677600	-5.315200	1
64.442000	160.840000	-4.781300	-5.315200	1
64.435000	160.950000	-7.191600	-5.315300	1
64.427000	161.050000	-2.700100	-5.315200	1
64.420000	161.150000	-1.683700	-5.315200	1
64.412000	161.250000	0.386470	-5.315200	1
64.405000	161.350000	-3.040100	-5.315200	1
64.846000	149.810000	3.335200	-4.560000	1
64.847000	149.910000	2.978600	-4.560000	1
64.847000	150.010000	-2.531700	-4.560000	1
64.848000	150.120000	-3.558300	-4.560100	1
64.848000	150.220000	-2.854800	-4.560100	1
64.849000	150.320000	-1.501900	-4.560100	1
64.849000	150.430000	-1.488300	-4.560200	1
64.849000	150.530000	-0.798430	-4.560100	1
64.850000	150.630000	-0.448340	-4.560200	1
64.850000	150.740000	0.581630	-4.560100	1
64.850000	150.840000	-1.138500	-4.560100	1
64.850000	150.940000	-3.222200	-4.560100	1
64.850000	151.050000	-0.798390	-4.560200	1
64.849000	151.150000	-0.798350	-4.560100	1
64.849000	151.250000	-1.828200	-4.560200	1
64.849000	151.360000	-0.798130	-4.560100	1
64.848000	151.460000	0.582180	-4.560200	1
64.848000	151.560000	0.582290	-4.560100	1
64.847000	151.670000	-2.177600	-4.560100	1
64.847000	151.770000	1.595700	-4.560000	1
64.846000	151.870000	-1.123500	-4.560100	1
64.845000	151.980000	0.923190	-4.560000	1
64.844000	152.080000	0.597080	-4.560100	1
64.843000	152.180000	0.233670	-4.560000	1
64.842000	152.280000	-0.446030	-4.560100	1
64.841000	152.390000	-0.445840	-4.560100	1
64.840000	152.490000	3.008100	-4.560100	1
64.839000	152.590000	1.628200	-4.560100	1
64.837000	152.700000	-0.431640	-4.560200	1
64.836000	152.800000	-3.531700	-4.560100	1
64.835000	152.900000	-4.911600	-4.560200	1
64.558000	159.860000	-4.928900	-4.560200	1
64.551000	159.960000	-4.238900	-4.560200	1
64.544000	160.060000	-3.195200	-4.560200	1
64.538000	160.160000	0.935040	-4.560200	1
64.531000	160.260000	1.965200	-4.560200	1
64.524000	160.360000	0.918740	-4.560200	1
64.517000	160.460000	1.948800	-4.560200	1
64.510000	160.560000	4.019000	-4.560300	1
64.502000	160.660000	4.359100	-4.560200	1
64.495000	160.760000	-0.784520	-4.560300	1
64.488000	160.860000	-3.194600	-4.560300	1
64.481000	160.960000	-2.857300	-4.560300	1
64.892000	149.810000	1.674400	-3.804200	1
64.893000	149.910000	0.984150	-3.804200	1
64.894000	150.010000	2.360500	-3.804200	1
64.894000	150.120000	-1.766200	-3.804200	1
64.895000	150.220000	-0.396250	-3.804300	1
64.895000	150.320000	-0.046342	-3.804200	1
64.896000	150.430000	-0.062857	-3.804400	1
64.896000	150.530000	-1.443100	-3.804200	1
64.896000	150.630000	-2.116500	-3.804400	1
64.896000	150.740000	-1.443100	-3.804300	1
64.896000	150.840000	-0.753120	-3.804300	1
64.896000	150.940000	-0.063105	-3.804300	1
64.896000	151.050000	0.967030	-3.804300	1
64.896000	151.150000	-0.062955	-3.804300	1
64.896000	151.260000	0.277300	-3.804400	1
64.895000	151.360000	0.277320	-3.804300	1
64.895000	151.460000	1.997600	-3.804400	1
64.894000	151.570000	0.967700	-3.804300	1
64.894000	151.670000	0.627950	-3.804300	1
64.893000	151.770000	1.998100	-3.804200	1
64.892000	151.880000	1.308400	-3.804200	1
64.892000	151.980000	1.308600	-3.804200	1
64.891000	152.080000	1.658900	-3.804300	1
64.890000	152.190000	0.652490	-3.804200	1
64.889000	152.290000	1.659400	-3.804300	1
64.888000	152.390000	1.309600	-3.804300	1
64.887000	152.500000	-4.517000	-3.804300	1
64.885000	152.600000	-1.073600	-3.804300	1
64.597000	159.980000	-3.143100	-3.804400	1
64.590000	160.080000	-0.719540	-3.804400	1
64.583000	160.180000	-0.719490	-3.804400	1
64.577000	160.280000	2.024100	-3.804400	1
64.570000	160.380000	3.064200	-3.804400	1
64.563000	160.480000	3.404200	-3.804400	1
64.556000	160.580000	2.024400	-3.804400	1
64.548000	160.680000	4.784500	-3.804400	1
64.541000	160.780000	0.661080	-3.804500	1
64.534000	160.880000	-3.142400	-3.804500	1
64.526000	160.980000	-4.508900	-3.804500	1
64.519000	161.080000	-0.385180	-3.804500	1
64.938000	149.700000	-0.680870	-3.048000	1
64.939000	149.810000	1.385700	-3.048100	1
64.940000	149.910000	4.825600	-3.048100	1
64.940000	150.010000	2.765400	-3.048100	1
64.941000	150.120000	2.428700	-3.048100	1
64.941000	150.220000	1.738600	-3.048100	1
64.942000	150.330000	3.121800	-3.048100	1
64.942000	150.430000	1.401800	-3.048300	1
64.942000	150.530000	0.711550	-3.048100	1
64.943000	150.640000	-1.008400	-3.048300	1
64.943000	150.740000	-0.658460	-3.048200	1
64.943000	150.840000	-0.658500	-3.048100	1
64.943000	150.950000	0.031487	-3.048100	1
64.943000	151.050000	2.781700	-3.048200	1
64.942000	151.150000	2.441700	-3.048100	1
64.942000	151.260000	2.091900	-3.048300	1
64.942000	151.360000	2.092000	-3.048100	1
64.941000	151.460000	2.442300	-3.048300	1
64.941000	151.570000	2.442400	-3.048200	1
64.940000	151.670000	0.372560	-3.048200	1
64.940000	151.780000	2.442800	-3.048100	1
64.939000	151.880000	3.123100	-3.048100	1
64.938000	151.980000	2.776500	-3.048000	1
64.937000	152.090000	0.373460	-3.048100	1
64.936000	152.190000	3.473700	-3.048000	1
64.935000	152.290000	1.753900	-3.048200	1
64.934000	152.400000	-2.376000	-3.048100	1
64.629000	160.200000	-0.327890	-3.048200	1
64.622000	160.300000	2.775600	-3.048200	1
64.616000	160.400000	2.435600	-3.048200	1
64.608000	160.500000	3.465700	-3.048200	1
64.601000	160.600000	2.435800	-3.048300	1
64.594000	160.700000	2.435900	-3.048300	1
64.587000	160.800000	3.112700	-3.048300	1
64.580000	160.900000	-6.180900	-3.048300	1
64.572000	161.000000	-4.797300	-3.048400	1
64.565000	161.100000	-5.827400	-3.048400	1
64.557000	161.200000	4.499700	-3.048300	1
64.984000	149.700000	2.555600	-2.296500	1
64.985000	149.810000	3.595500	-2.296600	1
64.986000	149.910000	2.215200	-2.296600	1
64.987000	150.010000	4.278200	-2.296500	1
64.987000	150.120000	4.628200	-2.296600	1
64.988000	150.220000	3.598100	-2.296600	1
64.988000	150.330000	2.907900	-2.296600	1
64.988000	150.430000	3.941100	-2.296700	1
64.989000	150.530000	2.560800	-2.296600	1
64.989000	150.640000	4.971000	-2.296700	1
64.989000	150.740000	1.190900	-2.296700	1
64.989000	150.840000	2.560800	-2.296600	1
64.989000	150.950000	2.220800	-2.296600	1
64.989000	151.050000	4.281000	-2.296700	1
64.989000	151.160000	5.661000	-2.296600	1
64.988000	151.260000	3.251300	-2.296800	1
64.988000	151.360000	3.941300	-2.296600	1
64.988000	151.470000	4.631600	-2.296800	1
64.987000	151.570000	3.251700	-2.296600	1
64.987000	151.670000	2.221900	-2.296600	1
64.986000	151.780000	2.912100	-2.296500	1
64.985000	151.880000	3.255500	-2.296600	1
64.984000	151.990000	3.602500	-2.296500	1
64.983000	152.090000	3.945900	-2.296600	1
65.032000	149.910000	2.357000	-1.541500	1
65.033000	150.010000	4.076900	-1.541500	1
65.034000	150.120000	4.429700	-1.541500	1
65.034000	150.220000	5.809600	-1.541500	1
65.034000	150.330000	6.839500	-1.541500	1
65.035000	150.430000	5.809500	-1.541700	1
65.035000	150.530000	4.429300	-1.541500	1
65.035000	150.640000	5.459400	-1.541700	1
65.035000	150.740000	6.499400	-1.541600	1
65.035000	150.850000	5.459300	-1.541600	1
65.035000	150.950000	5.459300	-1.541600	1
65.035000	151.050000	5.459400	-1.541600	1
65.035000	151.160000	6.839500	-1.541600	1
65.035000	151.260000	4.102600	-1.541700	1
65.034000	151.370000	4.792700	-1.541600	1
65.034000	151.470000	6.513000	-1.541700	1
65.034000	151.570000	6.853100	-1.541600	1
65.033000	151.680000	6.163400	-1.541600	1
65.032000	151.780000	5.823500	-1.541500	1
65.032000	151.890000	6.163800	-1.541500	1
65.031000	151.990000	5.474000	-1.541500	1
65.018000	146.590000	3.984100	-0.792890	1
65.021000	146.690000	9.158500	-0.792900	1
65.024000	146.790000	7.421500	-0.792840	1
65.027000	146.900000	5.011900	-0.792980	1
65.029000	147.000000	10.525000	-0.792860	1
65.032000	147.100000	18.245000	-0.792970	1
65.035000	147.210000	6.052000	-0.792870	1
65.038000	147.310000	-0.148110	-0.792970	1
65.040000	147.410000	-3.221000	-0.792900	1
65.043000	147.520000	-5.986700	-0.792870	1
65.045000	147.620000	-0.843680	-0.792770	1
65.079000	150.020000	6.427100	-0.792800	1
65.080000	150.120000	5.397000	-0.792830	1
65.080000	150.220000	6.776900	-0.792840	1
65.081000	150.330000	7.116800	-0.792870	1
65.081000	150.430000	6.426700	-0.792970	1
65.081000	150.540000	6.086600	-0.792870	1
65.081000	150.640000	7.789400	-0.792980	1
65.082000	150.740000	10.217000	-0.792940	1
65.082000	150.850000	9.176600	-0.792900	1
65.082000	150.950000	9.849300	-0.792870	1
65.081000	151.060000	8.129400	-0.792930	1
65.081000	151.160000	9.849500	-0.792880	1
65.081000	151.260000	7.789700	-0.792980	1
65.081000	151.370000	9.159800	-0.792890	1
65.080000	151.470000	9.850000	-0.793030	1
65.080000	151.580000	10.540000	-0.792890	1
65.079000	151.680000	10.891000	-0.792890	1
65.078000	151.790000	9.850700	-0.792770	1
65.078000	151.890000	9.161000	-0.792810	1
65.077000	151.990000	5.381200	-0.792770	1
65.064000	146.580000	8.294100	0.117990	1
65.067000	146.680000	14.144000	0.118150	1
65.070000	146.790000	17.272000	0.117880	1
65.073000	146.890000	7.255200	0.118190	1
65.075000	146.990000	17.275000	0.118060	1
65.078000	147.100000	15.875000	0.117940	1
65.081000	147.200000	5.885300	0.118240	1
65.084000	147.310000	5.885200	0.118030	1
65.086000	147.410000	0.032459	0.118050	1
65.089000	147.510000	-7.553200	0.118150	1
65.127000	150.430000	8.646200	0.118180	1
65.127000	150.540000	11.396000	0.118380	1
65.128000	150.640000	10.026000	0.118300	1
65.128000	150.750000	10.026000	0.118250	1
65.128000	150.850000	12.086000	0.118530	1
65.128000	150.950000	12.436000	0.118250	1
65.127000	151.060000	9.676200	0.118430	1
65.127000	151.160000	11.396000	0.118450	1
65.127000	151.270000	9.676500	0.118190	1
65.127000	151.370000	9.336700	0.118460	1
65.126000	151.480000	11.059000	0.118380	1
65.126000	151.580000	12.780000	0.118210	1
65.125000	151.690000	13.810000	0.118400	1
65.124000	151.790000	13.120000	0.118060	1
65.124000	151.890000	10.721000	0.118190	1
65.123000	152.000000	-3.741900	0.118290	1
65.107000	146.470000	-0.634170	0.732420	1
65.110000	146.570000	11.079000	0.732520	1
65.113000	146.680000	5.919400	0.732570	1
65.116000	146.780000	6.606300	0.732540	1
65.119000	146.890000	6.589200	0.732520	1
65.122000	146.990000	11.060000	0.732580	1
65.125000	147.090000	6.589500	0.732450	1
65.127000	147.200000	4.536800	0.732630	1
65.130000	147.300000	2.126700	0.732460	1
65.133000	147.410000	-6.489000	0.732540	1
65.135000	147.510000	-9.934800	0.732610	1
65.170000	149.810000	4.542400	0.732630	1
65.171000	149.910000	3.852200	0.732670	1
65.172000	150.020000	4.202100	0.732770	1
65.172000	150.120000	4.882000	0.732640	1
65.173000	150.230000	6.611900	0.732700	1
65.173000	150.330000	5.921800	0.732690	1
65.173000	150.430000	6.261700	0.732540	1
65.174000	150.540000	6.951700	0.732700	1
65.174000	150.640000	10.392000	0.732560	1
65.174000	150.750000	8.674300	0.732560	1
65.174000	150.850000	8.334400	0.732710	1
65.174000	150.960000	9.704400	0.732640	1
65.174000	151.060000	9.704500	0.732670	1
65.174000	151.170000	10.745000	0.732700	1
65.173000	151.270000	11.775000	0.732540	1
65.173000	151.380000	10.395000	0.732710	1
65.173000	151.480000	10.055000	0.732540	1
65.172000	151.580000	10.745000	0.732620	1
65.172000	151.690000	10.746000	0.732690	1
65.171000	151.790000	11.426000	0.732700	1
65.170000	151.900000	6.616400	0.732710	1
65.169000	152.000000	3.516700	0.732780	1
65.218000	149.910000	3.580100	1.487700	1
65.218000	150.020000	2.912900	1.487800	1
65.219000	150.120000	4.972800	1.487700	1
65.219000	150.230000	4.972700	1.487800	1
65.220000	150.330000	5.662600	1.487700	1
65.220000	150.440000	6.692500	1.487600	1
65.220000	150.540000	7.042500	1.487800	1
65.220000	150.650000	5.662400	1.487600	1
65.221000	150.750000	8.762500	1.487600	1
65.221000	150.850000	7.382500	1.487800	1
65.221000	150.960000	6.352500	1.487700	1
65.220000	151.060000	8.072700	1.487700	1
65.220000	151.170000	6.692800	1.487800	1
65.220000	151.270000	5.662900	1.487600	1
65.220000	151.380000	8.413200	1.487800	1
65.219000	151.480000	6.353300	1.487600	1
65.219000	151.590000	7.706500	1.487700	1
65.218000	151.690000	8.074000	1.487800	1
65.217000	151.800000	6.354400	1.487800	1
65.217000	151.900000	5.314700	1.487800	1
65.264000	150.020000	1.373500	2.237000	1
65.265000	150.120000	0.680190	2.236900	1
65.265000	150.230000	2.750200	2.236900	1
65.266000	150.330000	4.123200	2.236900	1
65.266000	150.440000	4.813100	2.236800	1
65.266000	150.540000	4.123100	2.236900	1
65.267000	150.650000	5.163100	2.236800	1
65.267000	150.750000	7.913100	2.236700	1
65.267000	150.860000	6.533200	2.236900	1
65.267000	150.960000	5.163200	2.236800	1
65.267000	151.070000	6.533300	2.236900	1
65.266000	151.170000	5.503500	2.236900	1
65.266000	151.280000	5.163600	2.236800	1
65.266000	151.380000	4.813800	2.236900	1
65.265000	151.490000	3.443900	2.236700	1
65.265000	151.590000	2.754300	2.236800	1
65.264000	151.700000	-2.405400	2.236900	1
64.175000	168.200000	2.074700	2.236900	1
64.163000	168.300000	3.453400	2.237000	1
64.150000	168.390000	4.499700	2.236800	1
64.137000	168.490000	6.897200	2.236900	1
64.124000	168.590000	5.857300	2.236900	1
64.112000	168.680000	6.544100	2.236800	1
64.099000	168.780000	5.514200	2.236900	1
65.309000	149.810000	0.987040	2.993100	1
65.310000	149.910000	1.677000	2.993100	1
65.311000	150.020000	0.986920	2.993200	1
65.311000	150.120000	1.010100	2.993100	1
65.312000	150.230000	0.660050	2.993200	1
65.312000	150.330000	1.349900	2.993100	1
65.313000	150.440000	2.039800	2.993000	1
65.313000	150.540000	1.696500	2.993200	1
65.313000	150.650000	3.066400	2.993000	1
65.313000	150.750000	3.416400	2.993000	1
65.313000	150.860000	0.316500	2.993100	1
65.313000	150.960000	1.696500	2.993100	1
65.313000	151.070000	3.066700	2.993100	1
65.313000	151.170000	3.756900	2.993100	1
65.312000	151.280000	3.417000	2.993000	1
65.312000	151.380000	2.727300	2.993200	1
65.312000	151.490000	3.417400	2.993000	1
65.311000	151.590000	-2.455700	2.993100	1
65.311000	151.700000	-0.395180	2.993200	1
65.008000	160.140000	-1.407400	2.993000	1
65.001000	160.240000	3.062900	2.993100	1
64.994000	160.340000	5.139600	2.993100	1
64.987000	160.450000	4.443000	2.993100	1
64.980000	160.550000	4.443000	2.993100	1
64.973000	160.650000	-1.746900	2.993200	1
64.966000	160.750000	0.306440	2.993100	1
64.207000	168.330000	4.450300	2.993300	1
64.194000	168.420000	4.103500	2.993100	1
64.182000	168.520000	5.127000	2.993200	1
64.169000	168.620000	4.437000	2.993200	1
64.156000	168.710000	5.127000	2.993100	1
64.143000	168.810000	4.777100	2.993200	1
65.353000	149.490000	-2.253900	3.748100	1
65.354000	149.600000	-2.250600	3.748100	1
65.355000	149.700000	-1.217100	3.748200	1
65.356000	149.810000	-0.537210	3.748200	1
65.357000	149.910000	0.152740	3.748200	1
65.357000	150.020000	0.502740	3.748300	1
65.358000	150.120000	0.502590	3.748200	1
65.358000	150.230000	0.156020	3.748200	1
65.359000	150.340000	0.502470	3.748200	1
65.359000	150.440000	1.185800	3.748100	1
65.359000	150.550000	-0.534200	3.748200	1
65.359000	150.650000	1.185800	3.748100	1
65.360000	150.760000	0.845750	3.748000	1
65.360000	150.860000	1.185900	3.748200	1
65.360000	150.970000	-0.187640	3.748100	1
65.359000	151.070000	2.226100	3.748200	1
65.359000	151.180000	1.182900	3.748200	1
65.359000	151.280000	-0.187000	3.748100	1
65.359000	151.390000	0.843320	3.748200	1
65.358000	151.490000	1.533500	3.748100	1
65.358000	151.600000	0.150390	3.748100	1
65.357000	151.700000	-0.182630	3.748200	1
65.356000	151.810000	-2.942400	3.748200	1
65.356000	151.910000	-4.312000	3.748200	1
65.355000	152.020000	2.222000	3.748300	1
65.354000	152.120000	-2.251500	3.748200	1
65.353000	152.230000	-0.181140	3.748300	1
65.352000	152.340000	4.972600	3.748200	1
65.402000	149.810000	-1.581900	4.501800	1
65.403000	149.910000	-1.232000	4.501800	1
65.404000	150.020000	0.138070	4.501900	1
65.404000	150.130000	0.137950	4.501800	1
65.405000	150.230000	0.487960	4.501900	1
65.405000	150.340000	0.841420	4.501800	1
65.405000	150.440000	0.151280	4.501800	1
65.406000	150.550000	1.871400	4.501900	1
65.406000	150.650000	0.841300	4.501800	1
65.406000	150.760000	-0.528750	4.501700	1
65.406000	150.860000	-1.908700	4.501800	1
65.406000	150.970000	-0.188650	4.501800	1
65.406000	151.080000	0.151550	4.501900	1
65.406000	151.180000	0.151730	4.501800	1
65.405000	151.290000	0.151870	4.501800	1
65.405000	151.390000	1.192200	4.501900	1
65.405000	151.500000	-0.527730	4.501700	1
65.404000	151.600000	0.149440	4.501800	1
65.403000	151.710000	0.482820	4.501900	1
65.403000	151.810000	2.203300	4.501900	1
65.402000	151.920000	0.133630	4.501900	1
65.401000	152.020000	-1.586100	4.501900	1
65.400000	152.130000	0.800560	4.501900	1
65.399000	152.240000	1.854400	4.502000	1
65.398000	152.340000	2.521000	4.501900	1
65.397000	152.450000	-0.895450	4.501900	1
64.283000	168.490000	-0.543170	4.501800	1
64.270000	168.590000	1.840500	4.501900	1
64.257000	168.680000	-1.599600	4.501900	1
64.244000	168.780000	1.524100	4.501800	1
64.231000	168.880000	2.907700	4.501900	1
65.447000	149.600000	-1.415600	5.256700	1
65.448000	149.700000	-1.062000	5.256800	1
65.449000	149.810000	-1.752200	5.256700	1
65.450000	149.920000	-2.092300	5.256700	1
65.450000	150.020000	-2.432300	5.256800	1
65.451000	150.130000	-0.372270	5.256700	1
65.451000	150.230000	-1.062300	5.256800	1
65.452000	150.340000	-1.068800	5.256700	1
65.452000	150.440000	-0.372440	5.256700	1
65.452000	150.550000	0.651250	5.256700	1
65.452000	150.660000	1.347600	5.256700	1
65.453000	150.760000	0.657590	5.256600	1
65.453000	150.870000	-0.028693	5.256700	1
65.453000	150.970000	0.311290	5.256700	1
65.452000	151.080000	-1.068600	5.256800	1
65.452000	151.180000	-2.098400	5.256700	1
65.452000	151.290000	-0.718190	5.256700	1
65.452000	151.400000	-0.027869	5.256800	1
65.451000	151.500000	-1.407800	5.256600	1
65.451000	151.610000	-2.097300	5.256700	1
65.450000	151.710000	-0.383980	5.256800	1
65.449000	151.820000	0.996510	5.256800	1
65.449000	151.920000	-0.386490	5.256800	1
65.448000	152.030000	1.333900	5.256800	1
65.447000	152.130000	0.644030	5.256800	1
65.446000	152.240000	0.980670	5.256900	1
65.445000	152.350000	-1.443000	5.256800	1
65.444000	152.450000	-3.825700	5.256800	1
65.442000	152.560000	-1.075400	5.256800	1
65.441000	152.660000	-0.711830	5.256700	1
65.493000	149.490000	-0.732900	6.010600	1
65.494000	149.600000	-3.143100	6.010700	1
65.495000	149.710000	-3.143100	6.010700	1
65.496000	149.810000	-2.109400	6.010700	1
65.496000	149.920000	-1.429400	6.010700	1
65.497000	150.020000	-2.459500	6.010800	1
65.497000	150.130000	-2.109600	6.010700	1
65.498000	150.230000	-0.739460	6.010800	1
65.498000	150.340000	-0.739540	6.010700	1
65.499000	150.450000	-1.429700	6.010700	1
65.499000	150.550000	-1.769600	6.010700	1
65.499000	150.660000	-3.132400	6.010700	1
65.499000	150.760000	-2.456000	6.010600	1
65.499000	150.870000	-2.796000	6.010700	1
65.499000	150.980000	-1.752200	6.010700	1
65.499000	151.080000	-1.079300	6.010800	1
65.499000	151.190000	-2.455500	6.010700	1
65.499000	151.290000	-1.075300	6.010700	1
65.498000	151.400000	-0.371280	6.010800	1
65.498000	151.500000	-3.144900	6.010700	1
65.497000	151.610000	-2.458100	6.010700	1
65.497000	151.720000	-2.103900	6.010800	1
65.589000	149.710000	-2.262700	7.522400	1
65.589000	149.810000	-3.632900	7.522400	1
65.590000	149.920000	-2.589100	7.522400	1
65.591000	150.030000	-3.275400	7.522500	1
65.591000	150.130000	-1.899000	7.522300	1
65.592000	150.240000	-1.209000	7.522500	1
65.592000	150.340000	-2.589100	7.522400	1
65.593000	150.450000	-2.929200	7.522400	1
65.593000	150.560000	-3.275500	7.522400	1
65.593000	150.660000	-2.245400	7.522400	1
65.593000	150.770000	-1.559000	7.522300	1
65.593000	150.880000	-2.249000	7.522400	1
65.593000	150.980000	-0.865170	7.522300	1
65.593000	151.090000	-1.555000	7.522400	1
65.593000	151.190000	-0.528450	7.522400	1
65.592000	151.300000	-2.588500	7.522400	1
65.592000	151.410000	-2.250700	7.522400	1
65.592000	151.510000	-2.928000	7.522300	1
65.591000	151.620000	0.162710	7.522400	1
65.590000	151.730000	-1.896900	7.522400	1
65.590000	151.830000	-4.674300	7.522400	1
65.589000	151.940000	-2.589500	7.522500	1
65.588000	152.040000	-1.222800	7.522500	1
65.587000	152.150000	0.497480	7.522400	1
65.586000	152.260000	-4.322800	7.522500	1
65.585000	152.360000	0.494080	7.522500	1
65.584000	152.470000	-0.545810	7.522500	1
65.583000	152.580000	-5.350000	7.522500	1
64.461000	168.620000	1.864900	7.522400	1
64.448000	168.720000	2.912400	7.522500	1
64.435000	168.820000	4.299900	7.522500	1
64.422000	168.910000	-1.890400	7.522400	1
64.409000	169.010000	-1.890300	7.522500	1
65.636000	149.710000	-4.510300	8.275800	1
65.636000	149.810000	-3.820200	8.275800	1
65.637000	149.920000	-2.796400	8.275800	1
65.638000	150.030000	-3.820200	8.275900	1
65.638000	150.130000	-3.122700	8.275800	1
65.639000	150.240000	-3.486400	8.275900	1
65.639000	150.350000	-3.122700	8.275800	1
65.640000	150.450000	-2.106400	8.275800	1
65.640000	150.560000	-3.826500	8.275800	1
65.640000	150.670000	-3.122600	8.275800	1
65.640000	150.770000	-3.122700	8.275700	1
65.640000	150.880000	-2.796200	8.275800	1
65.640000	150.990000	-3.808900	8.275700	1
65.640000	151.090000	-1.398400	8.275900	1
65.640000	151.200000	-3.472100	8.275800	1
65.639000	151.300000	-3.812100	8.275800	1
65.639000	151.410000	-3.471800	8.275900	1
65.639000	151.520000	-4.161700	8.275800	1
65.638000	151.620000	-4.168700	8.275800	1
65.637000	151.730000	-4.851600	8.275900	1
65.637000	151.840000	-4.851300	8.275800	1
65.636000	151.940000	-4.514500	8.275900	1
65.635000	152.050000	-3.134000	8.275900	1
65.634000	152.160000	-4.861600	8.275900	1
65.633000	152.260000	-1.763500	8.276000	1
65.632000	152.370000	-4.525000	8.275900	1
65.631000	152.470000	-0.045554	8.275900	1
65.630000	152.580000	-2.099400	8.276000	1
65.628000	152.690000	-3.825900	8.275800	1
65.627000	152.790000	-4.515900	8.275900	1
65.625000	152.900000	-2.795700	8.275800	1
65.624000	153.010000	-4.169600	8.275700	1
65.622000	153.110000	-3.819300	8.275800	1
65.621000	153.220000	-3.140400	8.275800	1
65.619000	153.330000	-3.126600	8.275800	1
65.617000	153.430000	-1.072400	8.275900	1
65.615000	153.540000	-3.478800	8.275700	1
65.344000	160.070000	-1.758500	8.275800	1
65.337000	160.170000	-2.098400	8.275900	1
65.330000	160.270000	-3.461100	8.275800	1
65.323000	160.380000	-1.408300	8.275900	1
65.316000	160.480000	-2.782200	8.275900	1
65.309000	160.590000	-2.438300	8.275800	1
65.302000	160.690000	-1.744400	8.275900	1
65.295000	160.790000	-2.785700	8.275900	1
65.287000	160.900000	-1.751800	8.275900	1
65.280000	161.000000	-2.788100	8.275900	1
65.273000	161.100000	-1.751600	8.275900	1
65.265000	161.210000	-3.125400	8.275900	1
65.257000	161.310000	-4.159100	8.275900	1
64.519000	168.560000	0.997430	8.276000	1
64.506000	168.660000	-0.037696	8.275900	1
64.493000	168.750000	2.374900	8.275900	1
64.480000	168.850000	1.692400	8.275900	1
64.467000	168.950000	-0.363940	8.275800	1
64.454000	169.050000	1.706200	8.275900	1
64.564000	168.590000	-0.388860	9.034900	1
64.551000	168.690000	-3.483100	9.034800	1
64.538000	168.790000	-1.422800	9.034900	1
64.525000	168.890000	-0.048882	9.034900	1
64.512000	168.980000	-1.741500	9.034800	1
64.499000	169.080000	1.677400	9.034900	1
65.734000	150.460000	-3.738900	9.789100	1
65.735000	150.560000	-1.012300	9.789100	1
65.735000	150.670000	-3.766400	9.789100	1
65.735000	150.780000	-3.422500	9.789000	1
65.735000	150.890000	1.058000	9.789100	1
65.735000	150.990000	-2.732300	9.789000	1
65.735000	151.100000	-3.422200	9.789200	1
65.735000	151.210000	-3.048200	9.789100	1
65.734000	151.310000	-2.381700	9.789100	1
65.734000	151.420000	-2.045200	9.789200	1
65.733000	151.530000	-2.731200	9.789100	1
65.733000	151.630000	-4.101100	9.789100	1
65.732000	151.740000	-5.144600	9.789200	1
65.732000	151.850000	-3.427700	9.789100	1
65.731000	151.950000	0.030638	9.789200	1
65.730000	152.060000	-2.383100	9.789200	1
65.729000	152.170000	-2.044200	9.789200	1
65.728000	152.270000	-4.454300	9.789300	1
65.727000	152.380000	-1.357600	9.789200	1
65.726000	152.490000	-3.085200	9.789200	1
65.724000	152.590000	-4.100200	9.789300	1
65.723000	152.700000	-3.766400	9.789200	1
65.782000	150.460000	-4.534100	10.547000	1
65.783000	150.570000	-4.527800	10.547000	1
65.783000	150.670000	-4.884000	10.547000	1
65.783000	150.780000	-4.877800	10.547000	1
65.783000	150.890000	-2.467300	10.547000	1
65.783000	151.000000	-3.837400	10.547000	1
65.783000	151.100000	-2.807100	10.547000	1
65.782000	151.210000	-1.426700	10.547000	1
65.782000	151.320000	-2.122900	10.547000	1
65.782000	151.420000	-3.162700	10.547000	1
65.781000	151.530000	-4.186600	10.547000	1
65.781000	151.640000	-4.199900	10.547000	1
65.780000	151.740000	-2.811700	10.547000	1
65.779000	151.850000	-3.842900	10.547000	1
65.779000	151.960000	-1.465800	10.547000	1
65.778000	152.070000	-3.508300	10.547000	1
65.777000	152.170000	-2.496900	10.547000	1
65.776000	152.280000	-1.459000	10.547000	1
65.775000	152.390000	-6.252300	10.547000	1
65.773000	152.490000	-3.188900	10.547000	1
65.772000	152.600000	-2.463700	10.547000	1
64.745000	168.730000	-1.461300	12.055000	1
64.732000	168.830000	-0.427520	12.055000	1
64.719000	168.930000	-2.136400	12.055000	1
64.706000	169.030000	-2.469000	12.055000	1
64.693000	169.120000	-0.410040	12.055000	1
64.680000	169.220000	-0.410020	12.055000	1
66.024000	150.470000	-4.884700	14.326000	1
66.024000	150.580000	-4.195700	14.326000	1
66.025000	150.690000	-2.125200	14.326000	1
66.025000	150.800000	-2.468900	14.326000	1
66.025000	150.910000	-3.507700	14.326000	1
66.025000	151.020000	-2.831200	14.326000	1
66.024000	151.120000	-2.814800	14.326000	1
66.024000	151.230000	-3.861200	14.326000	1
66.024000	151.340000	-3.507200	14.326000	1
66.023000	151.450000	-3.520800	14.326000	1
66.023000	151.560000	-4.197000	14.326000	1
66.022000	151.660000	-3.504000	14.326000	1
66.022000	151.770000	-4.550100	14.326000	1
66.021000	151.880000	-1.776700	14.326000	1
66.020000	151.990000	-3.845500	14.326000	1
66.019000	152.100000	1.655600	14.326000	1
66.018000	152.200000	-3.842700	14.326000	1
66.017000	152.310000	-3.850000	14.326000	1
66.016000	152.420000	-3.162100	14.326000	1
66.015000	152.530000	-4.217400	14.326000	1
66.123000	150.260000	-2.687700	15.844000	1
66.123000	150.370000	-4.030500	15.844000	1
66.123000	150.480000	-5.092000	15.844000	1
66.124000	150.590000	-4.404200	15.844000	1
66.124000	150.700000	-3.027400	15.844000	1
66.124000	150.810000	-1.997100	15.844000	1
66.124000	150.920000	-2.659700	15.844000	1
66.124000	151.020000	-3.714800	15.844000	1
66.124000	151.130000	-4.057300	15.844000	1
66.123000	151.240000	-4.379700	15.844000	1
66.123000	151.350000	-4.053300	15.844000	1
66.123000	151.460000	-4.403200	15.844000	1
66.122000	151.570000	-4.379200	15.844000	1
66.122000	151.680000	-4.056300	15.844000	1
66.121000	151.780000	-4.740000	15.844000	1
66.120000	151.890000	-4.745900	15.844000	1