La	Lo	Sig	Theta	Ice
63.881000	149.920000	-3.282500	-18.183000	1
63.877000	150.020000	-5.009200	-18.183000	1
63.874000	150.120000	-5.348100	-18.183000	1
63.870000	150.220000	-5.336600	-18.183000	1
63.865000	150.320000	-5.674000	-18.183000	1
63.861000	150.420000	-4.997100	-18.183000	1
63.857000	150.520000	-6.023700	-18.183000	1
63.853000	150.620000	-4.982900	-18.183000	1
63.849000	150.710000	-4.979000	-18.183000	1
63.844000	150.810000	-6.359400	-18.183000	1
63.840000	150.910000	-5.672700	-18.183000	1
63.835000	151.010000	-6.688300	-18.183000	1
63.831000	151.110000	-6.705500	-18.183000	1
63.826000	151.210000	-2.255700	-18.183000	1
63.821000	151.310000	-3.964900	-18.183000	1
62.170000	166.360000	-6.289500	-18.182000	1
62.155000	166.450000	-6.624700	-18.182000	1
62.139000	166.530000	-6.676100	-18.182000	1
62.123000	166.620000	-8.745500	-18.182000	1
62.108000	166.710000	-8.747900	-18.182000	1
62.092000	166.800000	-8.040100	-18.182000	1
62.076000	166.880000	-7.364300	-18.183000	1
62.060000	166.970000	-8.376500	-18.182000	1
62.044000	167.060000	-7.012600	-18.183000	1
62.028000	167.150000	-5.274000	-18.182000	1
62.012000	167.230000	-4.612100	-18.182000	1
61.996000	167.320000	-3.581600	-18.182000	1
61.980000	167.410000	-0.494300	-18.182000	1
61.964000	167.490000	-4.619000	-18.182000	1
61.947000	167.580000	-8.389500	-18.183000	1
61.931000	167.670000	-8.406600	-18.182000	1
61.914000	167.750000	-7.036200	-18.182000	1
61.898000	167.840000	-7.022200	-18.182000	1
61.881000	167.920000	-5.303500	-18.182000	1
62.202000	166.480000	-5.444400	-17.425000	1
62.187000	166.570000	-7.201900	-17.425000	1
62.171000	166.660000	-7.898700	-17.425000	1
62.155000	166.750000	-7.544800	-17.425000	1
62.139000	166.840000	-7.895800	-17.425000	1
62.124000	166.920000	-5.843600	-17.425000	1
62.108000	167.010000	-7.545300	-17.425000	1
62.092000	167.100000	-8.586300	-17.425000	1
62.076000	167.180000	-4.112200	-17.425000	1
62.060000	167.270000	-7.214300	-17.425000	1
62.043000	167.360000	-6.847700	-17.425000	1
62.027000	167.440000	-6.512700	-17.425000	1
62.011000	167.530000	-5.493300	-17.425000	1
61.995000	167.620000	-8.245300	-17.425000	1
61.978000	167.700000	-6.853300	-17.425000	1
61.962000	167.790000	-4.451700	-17.425000	1
61.945000	167.880000	-4.798500	-17.425000	1
61.929000	167.960000	-4.803300	-17.425000	1
64.004000	149.340000	-5.806200	-16.662000	1
64.000000	149.440000	-5.452500	-16.662000	1
63.997000	149.540000	-6.461800	-16.662000	1
63.993000	149.640000	-6.146400	-16.662000	1
63.990000	149.740000	-6.481100	-16.662000	1
63.986000	149.840000	-5.104500	-16.662000	1
63.982000	149.940000	-6.830000	-16.662000	1
63.979000	150.040000	-6.468600	-16.662000	1
63.975000	150.140000	-4.747500	-16.662000	1
63.971000	150.240000	-3.381700	-16.662000	1
63.967000	150.340000	-4.077900	-16.662000	1
63.962000	150.440000	-5.448400	-16.662000	1
63.958000	150.540000	-5.078100	-16.662000	1
63.954000	150.640000	-4.762700	-16.662000	1
63.950000	150.740000	-5.768200	-16.662000	1
63.945000	150.840000	-4.388700	-16.662000	1
63.941000	150.940000	-1.977800	-16.662000	1
63.936000	151.030000	-3.039100	-16.662000	1
63.932000	151.130000	-3.004100	-16.662000	1
63.927000	151.230000	-2.675200	-16.662000	1
63.922000	151.330000	-3.357700	-16.662000	1
63.917000	151.430000	-6.108900	-16.662000	1
63.912000	151.530000	-5.797500	-16.662000	1
62.218000	167.000000	0.521820	-15.904000	1
62.202000	167.090000	-2.912700	-15.904000	1
62.186000	167.170000	-1.549900	-15.904000	1
62.170000	167.260000	-4.633400	-15.904000	1
62.154000	167.350000	-4.311700	-15.904000	1
62.138000	167.440000	-4.311600	-15.904000	1
62.121000	167.520000	-6.710200	-15.904000	1
62.105000	167.610000	-6.012100	-15.904000	1
62.089000	167.700000	-5.304100	-15.904000	1
62.072000	167.780000	-6.704600	-15.904000	1
62.056000	167.870000	-4.656000	-15.904000	1
62.039000	167.960000	-2.239000	-15.904000	1
62.022000	168.040000	-5.339900	-15.904000	1
62.310000	167.070000	-4.826100	-14.394000	1
62.294000	167.160000	-4.136000	-14.394000	1
62.278000	167.250000	-1.743000	-14.394000	1
62.262000	167.340000	1.005900	-14.394000	1
62.246000	167.420000	-0.366950	-14.394000	1
62.230000	167.510000	-0.027063	-14.394000	1
62.213000	167.600000	-1.743600	-14.394000	1
62.197000	167.690000	-2.085100	-14.394000	1
62.180000	167.770000	-4.157400	-14.394000	1
62.164000	167.860000	-5.889200	-14.394000	1
62.147000	167.950000	-3.441800	-14.394000	1
62.131000	168.030000	-6.196600	-14.394000	1
62.114000	168.120000	-3.122800	-14.394000	1
62.529000	166.140000	-3.384700	-13.636000	1
62.513000	166.230000	-3.726900	-13.636000	1
62.498000	166.310000	-3.030000	-13.636000	1
62.482000	166.400000	-3.718400	-13.636000	1
62.467000	166.490000	-4.401300	-13.636000	1
62.451000	166.580000	-1.323400	-13.636000	1
62.435000	166.670000	-0.617540	-13.636000	1
62.420000	166.760000	-3.710200	-13.636000	1
62.404000	166.850000	-4.767400	-13.636000	1
62.388000	166.930000	-3.369000	-13.636000	1
62.372000	167.020000	-4.077800	-13.636000	1
62.356000	167.110000	-5.147600	-13.636000	1
62.340000	167.200000	-3.769800	-13.636000	1
62.324000	167.290000	-4.797600	-13.636000	1
62.308000	167.370000	-2.035500	-13.636000	1
62.292000	167.460000	1.754900	-13.636000	1
62.275000	167.550000	1.378700	-13.636000	1
62.259000	167.640000	-1.016400	-13.636000	1
62.243000	167.720000	-0.339960	-13.636000	1
62.226000	167.810000	-1.717600	-13.636000	1
62.210000	167.900000	-2.069200	-13.636000	1
62.193000	167.990000	-7.566000	-13.636000	1
62.176000	168.070000	-5.501400	-13.636000	1
62.160000	168.160000	-4.114900	-13.636000	1
62.544000	166.350000	-4.759000	-12.877000	1
62.528000	166.440000	-4.063800	-12.877000	1
62.513000	166.530000	-3.726500	-12.877000	1
62.497000	166.620000	-3.045900	-12.877000	1
62.481000	166.710000	-2.351400	-12.877000	1
62.465000	166.800000	-0.301410	-12.877000	1
62.450000	166.880000	-2.704800	-12.877000	1
62.434000	166.970000	-2.007900	-12.877000	1
62.418000	167.060000	-3.735900	-12.877000	1
62.402000	167.150000	-4.421400	-12.877000	1
62.386000	167.240000	-4.438300	-12.877000	1
62.370000	167.320000	-3.402500	-12.877000	1
62.353000	167.410000	-3.086200	-12.877000	1
62.337000	167.500000	-1.708600	-12.877000	1
62.321000	167.590000	-1.708700	-12.877000	1
62.304000	167.680000	-2.395100	-12.877000	1
62.288000	167.760000	-1.027700	-12.877000	1
62.271000	167.850000	0.342450	-12.877000	1
62.255000	167.940000	-3.430800	-12.877000	1
62.238000	168.020000	-0.337890	-12.877000	1
62.222000	168.110000	-1.045800	-12.877000	1
62.205000	168.200000	-3.814000	-12.877000	1
62.542000	166.650000	-4.669200	-12.117000	1
62.527000	166.740000	-3.309000	-12.117000	1
62.511000	166.830000	0.128720	-12.117000	1
62.495000	166.920000	-0.536360	-12.117000	1
62.479000	167.010000	-3.991200	-12.117000	1
62.463000	167.100000	-3.609100	-12.117000	1
62.447000	167.190000	-4.005700	-12.117000	1
62.431000	167.270000	-4.007700	-12.117000	1
62.415000	167.360000	-3.670700	-12.117000	1
62.399000	167.450000	-4.020000	-12.117000	1
62.382000	167.540000	-3.360800	-12.117000	1
62.366000	167.630000	-4.685900	-12.117000	1
62.350000	167.710000	-4.029400	-12.117000	1
62.333000	167.800000	-3.346700	-12.117000	1
62.317000	167.890000	-2.316300	-12.117000	1
62.300000	167.980000	0.443970	-12.117000	1
62.284000	168.060000	1.811600	-12.117000	1
62.267000	168.150000	1.139100	-12.117000	1
62.250000	168.240000	0.096642	-12.117000	1
62.603000	166.600000	-4.265800	-11.363000	1
62.587000	166.690000	-1.870600	-11.363000	1
62.572000	166.780000	-2.238800	-11.363000	1
62.556000	166.870000	-1.201200	-11.363000	1
62.540000	166.960000	-2.203400	-11.363000	1
62.524000	167.050000	-4.269300	-11.363000	1
62.508000	167.140000	-3.578300	-11.363000	1
62.492000	167.220000	-1.171700	-11.363000	1
62.476000	167.310000	-3.236400	-11.363000	1
62.460000	167.400000	-2.898400	-11.363000	1
62.443000	167.490000	-2.901500	-11.363000	1
62.427000	167.580000	-3.273100	-11.363000	1
62.411000	167.660000	-3.967000	-11.363000	1
62.394000	167.750000	-2.933300	-11.363000	1
62.378000	167.840000	-3.619700	-11.363000	1
62.361000	167.930000	-2.933300	-11.363000	1
62.345000	168.010000	-1.557200	-11.363000	1
62.328000	168.100000	-0.519660	-11.363000	1
62.311000	168.190000	-1.553800	-11.363000	1
62.295000	168.280000	-2.931700	-11.363000	1
62.664000	166.550000	-1.866100	-10.603000	1
62.648000	166.640000	-2.539900	-10.603000	1
62.632000	166.730000	-2.532000	-10.603000	1
62.617000	166.820000	-3.241700	-10.603000	1
62.601000	166.910000	-2.556200	-10.603000	1
62.585000	167.000000	-1.854400	-10.603000	1
62.569000	167.080000	-0.477410	-10.603000	1
62.553000	167.170000	-2.203100	-10.603000	1
62.537000	167.260000	-3.572600	-10.603000	1
62.521000	167.350000	-2.888000	-10.603000	1
62.505000	167.440000	-2.540800	-10.603000	1
62.488000	167.530000	-2.218900	-10.603000	1
62.472000	167.610000	-2.554400	-10.603000	1
62.456000	167.700000	-2.943900	-10.603000	1
62.439000	167.790000	-3.970500	-10.603000	1
62.423000	167.880000	-4.314400	-10.603000	1
62.406000	167.970000	-3.620500	-10.603000	1
62.389000	168.050000	-3.968500	-10.602000	1
62.373000	168.140000	-2.252100	-10.603000	1
62.356000	168.230000	-2.248600	-10.602000	1
62.339000	168.320000	-1.558700	-10.603000	1
62.629000	167.030000	-0.468970	-9.846400	1
62.613000	167.120000	-0.131520	-9.846400	1
62.597000	167.210000	-0.460980	-9.846400	1
62.581000	167.300000	-1.843200	-9.846500	1
62.565000	167.390000	-4.593800	-9.846400	1
62.549000	167.480000	-1.834900	-9.846500	1
62.533000	167.560000	-2.550900	-9.846500	1
62.516000	167.650000	-2.203200	-9.846500	1
62.500000	167.740000	-3.922600	-9.846500	1
62.483000	167.830000	-2.591400	-9.846400	1
62.467000	167.920000	-3.620700	-9.846400	1
62.450000	168.000000	-2.586600	-9.846500	1
62.434000	168.090000	-2.236700	-9.846300	1
62.417000	168.180000	-2.590500	-9.846500	1
62.400000	168.270000	-3.274300	-9.846300	1
62.383000	168.350000	-2.930500	-9.846400	1
64.459000	150.240000	-1.642600	-9.092200	1
64.455000	150.340000	-3.362600	-9.092200	1
64.451000	150.450000	-4.735100	-9.092200	1
64.447000	150.550000	1.796700	-9.092200	1
64.443000	150.650000	1.796800	-9.092400	1
64.438000	150.750000	-0.605900	-9.092100	1
64.434000	150.850000	-1.975800	-9.092400	1
64.429000	150.950000	-1.312100	-9.092200	1
64.425000	151.050000	-3.029700	-9.092300	1
64.420000	151.150000	-3.722300	-9.092200	1
64.415000	151.250000	-0.938240	-9.092200	1
64.411000	151.350000	-3.032300	-9.092100	1
64.406000	151.460000	-0.961980	-9.092300	1
64.401000	151.560000	-3.029700	-9.092100	1
62.721000	166.800000	-3.291600	-9.092100	1
62.705000	166.890000	-3.278100	-9.092100	1
62.690000	166.980000	-1.897400	-9.092000	1
62.674000	167.070000	-2.257500	-9.092100	1
62.658000	167.160000	-1.220400	-9.092000	1
62.642000	167.250000	-0.889760	-9.092100	1
62.625000	167.340000	-2.295100	-9.092100	1
62.609000	167.430000	-3.632700	-9.092000	1
62.593000	167.510000	-2.258000	-9.092200	1
62.577000	167.600000	-1.562700	-9.092100	1
62.560000	167.690000	-2.262800	-9.092100	1
62.544000	167.780000	-2.953600	-9.092100	1
62.527000	167.870000	-2.952700	-9.092100	1
62.511000	167.950000	-2.634800	-9.092000	1
62.494000	168.040000	-3.688600	-9.092200	1
62.478000	168.130000	-4.031200	-9.091900	1
62.461000	168.220000	-2.642300	-9.092100	1
62.444000	168.310000	-1.618500	-9.091900	1
62.427000	168.390000	-2.302300	-9.092000	1
64.498000	150.460000	-0.967310	-8.335900	1
64.494000	150.560000	0.412820	-8.335900	1
64.490000	150.660000	1.436600	-8.336100	1
64.485000	150.760000	-0.623650	-8.335800	1
64.481000	150.860000	-0.623600	-8.336100	1
64.476000	150.960000	-2.343900	-8.335900	1
64.472000	151.060000	-2.700200	-8.336000	1
64.467000	151.170000	-2.344000	-8.335900	1
64.463000	151.270000	-0.617660	-8.335900	1
64.458000	151.370000	-3.724400	-8.335800	1
64.453000	151.470000	-0.277680	-8.336000	1
64.448000	151.570000	-2.344200	-8.335800	1
64.443000	151.670000	-1.663800	-8.336000	1
64.438000	151.770000	-0.281010	-8.335900	1
64.433000	151.870000	-1.669700	-8.335900	1
64.427000	151.970000	-2.699700	-8.335900	1
64.422000	152.070000	-3.044400	-8.335900	1
64.417000	152.180000	-1.324100	-8.335900	1
64.411000	152.280000	0.753890	-8.336000	1
64.406000	152.380000	0.064008	-8.335800	1
64.400000	152.480000	-2.357100	-8.336000	1
64.394000	152.580000	-5.117300	-8.335900	1
64.389000	152.680000	-3.379100	-8.335900	1
64.383000	152.780000	-2.341300	-8.336000	1
64.377000	152.880000	-3.715500	-8.336000	1
62.797000	166.660000	-1.627200	-8.335900	1
62.781000	166.750000	-2.278600	-8.335700	1
62.766000	166.840000	-2.968100	-8.335800	1
62.750000	166.930000	-2.274300	-8.335800	1
62.734000	167.020000	-2.270500	-8.335700	1
62.718000	167.110000	-0.552840	-8.335800	1
62.702000	167.200000	-2.625500	-8.335700	1
62.686000	167.290000	-2.657600	-8.335800	1
62.670000	167.370000	-1.924500	-8.335800	1
62.653000	167.460000	-1.227400	-8.335700	1
62.637000	167.550000	-2.613500	-8.335900	1
62.621000	167.640000	-1.918600	-8.335800	1
62.604000	167.730000	-1.581000	-8.335800	1
62.588000	167.820000	-2.270000	-8.335800	1
62.571000	167.910000	-3.315200	-8.335700	1
62.555000	167.990000	-4.020200	-8.335700	1
62.538000	168.080000	-4.012900	-8.335900	1
62.521000	168.170000	-4.037600	-8.335600	1
62.505000	168.260000	-2.661200	-8.335800	1
62.488000	168.340000	-1.627700	-8.335600	1
62.471000	168.430000	-1.968000	-8.335700	1
64.545000	150.470000	-0.279250	-7.579300	1
64.541000	150.570000	2.480900	-7.579200	1
64.537000	150.670000	-0.279230	-7.579400	1
64.532000	150.770000	-0.265700	-7.579200	1
64.528000	150.870000	-1.635700	-7.579400	1
64.523000	150.980000	0.424260	-7.579200	1
64.519000	151.080000	-1.999700	-7.579300	1
64.514000	151.180000	-2.302400	-7.579300	1
64.509000	151.280000	-1.272400	-7.579300	1
64.505000	151.380000	-1.986300	-7.579200	1
64.500000	151.480000	-1.649900	-7.579400	1
64.495000	151.580000	-3.706300	-7.579100	1
64.490000	151.680000	-0.279440	-7.579300	1
64.485000	151.790000	-0.588110	-7.579200	1
64.479000	151.890000	2.481000	-7.579200	1
64.474000	151.990000	-2.006500	-7.579300	1
64.469000	152.090000	0.417630	-7.579200	1
64.463000	152.190000	-1.998600	-7.579200	1
64.458000	152.290000	-1.648300	-7.579300	1
64.452000	152.390000	-3.712100	-7.579100	1
64.447000	152.490000	-3.375400	-7.579300	1
64.441000	152.590000	-0.284940	-7.579200	1
64.435000	152.690000	-0.950920	-7.579300	1
62.681000	167.590000	-1.231400	-7.579200	1
62.665000	167.680000	-1.233800	-7.579200	1
62.648000	167.770000	-0.533270	-7.579100	1
62.632000	167.860000	-1.931900	-7.579200	1
62.615000	167.940000	-2.267800	-7.579100	1
62.598000	168.030000	-2.246300	-7.579100	1
62.582000	168.120000	-2.955200	-7.579200	1
62.565000	168.210000	-1.933700	-7.579000	1
62.548000	168.300000	-1.586400	-7.579200	1
62.531000	168.380000	-1.614500	-7.579000	1
62.515000	168.470000	-0.930930	-7.579100	1
64.600000	150.280000	-1.384400	-6.824900	1
64.596000	150.380000	-0.333010	-6.824900	1
64.592000	150.480000	0.697290	-6.824900	1
64.588000	150.580000	-2.402900	-6.824900	1
64.583000	150.680000	-2.052700	-6.825100	1
64.579000	150.780000	-0.332690	-6.824800	1
64.575000	150.890000	-1.016300	-6.825100	1
64.570000	150.990000	-1.356600	-6.824900	1
64.565000	151.090000	-1.016600	-6.825000	1
64.561000	151.190000	-3.083100	-6.824900	1
64.556000	151.290000	-0.000357	-6.824900	1
64.551000	151.390000	0.013238	-6.824800	1
64.546000	151.490000	-0.333040	-6.825000	1
64.541000	151.600000	-1.359400	-6.824800	1
64.536000	151.700000	-2.405400	-6.825000	1
64.531000	151.800000	-2.739000	-6.824900	1
64.526000	151.900000	1.380300	-6.824900	1
64.521000	152.000000	2.418000	-6.824900	1
64.647000	150.290000	0.065886	-6.070200	1
64.643000	150.390000	-1.654000	-6.070200	1
64.638000	150.490000	-2.683900	-6.070200	1
64.634000	150.590000	-2.690200	-6.070200	1
64.630000	150.690000	-2.690100	-6.070300	1
64.626000	150.800000	-2.000100	-6.070100	1
64.621000	150.900000	-0.966160	-6.070400	1
64.617000	151.000000	0.060128	-6.070200	1
64.612000	151.100000	-0.969900	-6.070200	1
64.607000	151.200000	-2.000000	-6.070200	1
64.603000	151.300000	0.063766	-6.070200	1
64.598000	151.410000	-1.656500	-6.070100	1
64.593000	151.510000	-0.630020	-6.070300	1
64.588000	151.610000	-1.996400	-6.070100	1
64.583000	151.710000	-1.656100	-6.070300	1
64.578000	151.810000	-0.969560	-6.070100	1
64.572000	151.910000	-2.349400	-6.070200	1
64.567000	152.020000	-4.070400	-6.070200	1
64.562000	152.120000	0.750120	-6.070200	1
64.556000	152.220000	-4.766400	-6.070100	1
64.551000	152.320000	-0.629430	-6.070300	1
64.545000	152.420000	0.054372	-6.070000	1
64.540000	152.520000	-6.843400	-6.070300	1
64.534000	152.620000	-0.628740	-6.070100	1
64.528000	152.720000	-1.664900	-6.070200	1
64.522000	152.820000	0.419260	-6.070300	1
64.516000	152.930000	-3.037000	-6.070200	1
62.751000	167.750000	-0.554730	-6.070100	1
62.735000	167.840000	0.479610	-6.070100	1
62.718000	167.930000	-3.996400	-6.070100	1
62.702000	168.020000	-2.965300	-6.070100	1
62.685000	168.110000	-1.580700	-6.070100	1
62.668000	168.200000	-1.239500	-6.070200	1
62.652000	168.290000	-1.908000	-6.070000	1
62.635000	168.370000	-0.200240	-6.070100	1
62.618000	168.460000	-1.925300	-6.070000	1
62.601000	168.550000	-0.259550	-6.070000	1
64.705000	149.990000	-7.203500	-5.315000	1
64.701000	150.090000	0.027552	-5.315200	1
64.697000	150.200000	2.785000	-5.315100	1
64.693000	150.300000	0.021473	-5.315100	1
64.689000	150.400000	-1.344800	-5.315100	1
64.685000	150.500000	-3.751100	-5.315100	1
64.681000	150.600000	-3.061100	-5.315100	1
64.676000	150.710000	-3.060900	-5.315200	1
64.672000	150.810000	-2.377300	-5.315000	1
64.668000	150.910000	-1.690700	-5.315300	1
64.663000	151.010000	-1.007200	-5.315100	1
64.658000	151.110000	-1.340700	-5.315200	1
64.654000	151.220000	-2.037200	-5.315100	1
64.649000	151.320000	-2.030900	-5.315100	1
64.644000	151.420000	-2.030900	-5.315000	1
63.050000	166.360000	4.536100	-5.315000	1
63.035000	166.450000	-1.321100	-5.315100	1
63.019000	166.540000	0.406290	-5.315100	1
63.004000	166.630000	-1.313700	-5.315000	1
62.988000	166.720000	3.189500	-5.315000	1
62.972000	166.810000	7.317200	-5.315100	1
62.956000	166.900000	1.467600	-5.314900	1
62.940000	166.990000	0.448130	-5.315100	1
62.925000	167.080000	0.445720	-5.315000	1
62.909000	167.170000	3.160000	-5.315000	1
62.892000	167.260000	2.860500	-5.315000	1
62.876000	167.350000	2.860700	-5.315000	1
62.860000	167.440000	1.478700	-5.315000	1
62.844000	167.530000	0.069325	-5.315000	1
62.828000	167.610000	-0.233880	-5.314900	1
62.811000	167.700000	1.150800	-5.315100	1
62.795000	167.790000	4.245000	-5.315000	1
62.778000	167.880000	3.899100	-5.315000	1
62.762000	167.970000	-5.057700	-5.315100	1
62.745000	168.060000	-2.289200	-5.315000	1
62.728000	168.150000	-2.291300	-5.315000	1
62.712000	168.240000	-2.290100	-5.315100	1
62.695000	168.320000	-0.939260	-5.314900	1
62.678000	168.410000	-0.587950	-5.315000	1
62.661000	168.500000	-0.582400	-5.314900	1
62.644000	168.590000	1.450500	-5.314900	1
64.763000	149.690000	-1.846300	-4.560200	1
64.759000	149.800000	-2.876300	-4.560100	1
64.755000	149.900000	-2.196100	-4.560300	1
64.751000	150.000000	-0.816050	-4.560100	1
64.748000	150.100000	2.977900	-4.560300	1
64.744000	150.210000	-0.122080	-4.560100	1
64.740000	150.310000	0.581700	-4.560200	1
64.735000	150.410000	-0.461740	-4.560200	1
64.731000	150.510000	-1.488100	-4.560200	1
64.727000	150.620000	-2.178100	-4.560100	1
64.723000	150.720000	-2.517900	-4.560300	1
64.718000	150.820000	-3.208100	-4.560100	1
64.714000	150.920000	-1.814200	-4.560400	1
64.709000	151.020000	-0.797840	-4.560200	1
64.705000	151.130000	-1.124200	-4.560200	1
64.700000	151.230000	-1.827900	-4.560200	1
64.695000	151.330000	-1.474400	-4.560200	1
64.690000	151.430000	-1.138000	-4.560100	1
63.031000	166.750000	3.022700	-4.560100	1
63.016000	166.840000	0.651530	-4.560200	1
63.000000	166.940000	2.366800	-4.560000	1
62.984000	167.030000	4.783800	-4.560200	1
62.968000	167.120000	2.018300	-4.560100	1
62.952000	167.210000	3.362800	-4.560100	1
62.936000	167.290000	2.686300	-4.560100	1
62.920000	167.380000	1.642600	-4.560100	1
62.903000	167.470000	2.377600	-4.560100	1
62.887000	167.560000	2.361500	-4.560100	1
62.871000	167.650000	1.689200	-4.560000	1
62.854000	167.740000	1.339800	-4.560200	1
62.838000	167.830000	4.424300	-4.560100	1
62.821000	167.920000	4.084900	-4.560100	1
64.802000	149.910000	-0.410190	-3.804500	1
64.798000	150.010000	0.956730	-3.804300	1
64.794000	150.110000	1.297000	-3.804500	1
64.790000	150.220000	0.267070	-3.804300	1
64.786000	150.320000	0.617280	-3.804400	1
64.782000	150.420000	1.297400	-3.804400	1
64.778000	150.520000	0.617560	-3.804400	1
64.773000	150.630000	-0.072400	-3.804300	1
64.769000	150.730000	-0.072241	-3.804500	1
64.765000	150.830000	-1.452500	-3.804300	1
64.760000	150.930000	-0.762300	-3.804500	1
64.756000	151.040000	-0.072471	-3.804300	1
64.751000	151.140000	-1.102500	-3.804400	1
64.746000	151.240000	-2.119200	-3.804400	1
64.741000	151.340000	-0.762640	-3.804300	1
63.075000	166.790000	3.070800	-3.804300	1
63.059000	166.880000	2.017900	-3.804400	1
63.043000	166.970000	5.148500	-3.804200	1
63.027000	167.060000	2.748600	-3.804400	1
63.011000	167.150000	3.099400	-3.804200	1
62.995000	167.240000	3.770800	-3.804300	1
62.979000	167.330000	3.737900	-3.804300	1
62.963000	167.420000	4.122200	-3.804300	1
62.947000	167.510000	1.722500	-3.804300	1
62.930000	167.600000	3.799900	-3.804300	1
62.914000	167.690000	2.427400	-3.804200	1
62.898000	167.780000	2.775000	-3.804400	1
62.881000	167.870000	4.155700	-3.804300	1
62.864000	167.960000	3.460000	-3.804300	1
64.852000	149.820000	3.454800	-3.048200	1
64.848000	149.920000	3.798400	-3.048300	1
64.844000	150.020000	-0.658480	-3.048100	1
64.840000	150.130000	-1.021600	-3.048300	1
64.836000	150.230000	1.061800	-3.048200	1
64.832000	150.330000	3.472000	-3.048300	1
64.828000	150.430000	2.442100	-3.048200	1
64.824000	150.540000	0.712100	-3.048200	1
64.820000	150.640000	1.752100	-3.048200	1
64.815000	150.740000	-0.317900	-3.048300	1
64.811000	150.840000	1.062000	-3.048200	1
64.806000	150.950000	1.062100	-3.048400	1
64.802000	151.050000	-0.658120	-3.048200	1
64.797000	151.150000	-0.664780	-3.048300	1
64.792000	151.250000	1.055200	-3.048200	1
64.788000	151.360000	-0.318260	-3.048200	1
64.783000	151.460000	0.371700	-3.048200	1
64.778000	151.560000	1.055200	-3.048300	1
64.773000	151.660000	1.745200	-3.048100	1
64.768000	151.770000	3.472100	-3.048300	1
64.763000	151.870000	-0.317900	-3.048200	1
64.757000	151.970000	-2.734600	-3.048200	1
64.752000	152.070000	-4.117700	-3.048200	1
64.747000	152.170000	-1.347400	-3.048200	1
64.741000	152.280000	-0.330470	-3.048200	1
64.736000	152.380000	-1.006900	-3.048300	1
64.730000	152.480000	0.026553	-3.048100	1
63.118000	166.830000	5.911900	-3.048200	1
63.102000	166.920000	4.872100	-3.048300	1
63.086000	167.010000	4.553400	-3.048100	1
63.070000	167.100000	5.250200	-3.048300	1
63.054000	167.190000	5.600100	-3.048100	1
63.038000	167.280000	4.221600	-3.048200	1
63.022000	167.370000	3.535500	-3.048200	1
63.006000	167.460000	4.901000	-3.048200	1
62.990000	167.550000	5.946900	-3.048100	1
62.973000	167.640000	3.884100	-3.048200	1
62.957000	167.730000	3.534800	-3.048100	1
62.941000	167.820000	3.535700	-3.048200	1
62.924000	167.910000	5.593200	-3.048200	1
62.907000	168.000000	6.284200	-3.048200	1
62.891000	168.090000	-0.944990	-3.048200	1
62.874000	168.180000	-4.034100	-3.048200	1
62.857000	168.260000	1.467300	-3.048200	1
62.841000	168.350000	0.101570	-3.048200	1
62.824000	168.440000	1.136000	-3.048100	1
62.807000	168.530000	-0.249480	-3.048200	1
62.790000	168.620000	1.464900	-3.048100	1
62.773000	168.710000	1.808900	-3.048100	1
64.894000	149.930000	4.617200	-2.296800	1
64.890000	150.030000	3.927100	-2.296600	1
64.886000	150.140000	2.550500	-2.296800	1
64.882000	150.240000	2.210500	-2.296700	1
64.878000	150.340000	4.960700	-2.296700	1
64.874000	150.450000	3.590700	-2.296700	1
64.870000	150.550000	0.490720	-2.296700	1
64.866000	150.650000	2.213900	-2.296700	1
64.861000	150.750000	4.274000	-2.296800	1
64.857000	150.860000	3.240600	-2.296600	1
64.852000	150.960000	2.550800	-2.296900	1
64.848000	151.060000	2.553700	-2.296700	1
64.843000	151.160000	2.553800	-2.296700	1
64.838000	151.270000	2.553700	-2.296700	1
64.833000	151.370000	2.900500	-2.296700	1
64.829000	151.470000	2.903600	-2.296600	1
64.824000	151.570000	3.243700	-2.296800	1
64.819000	151.680000	3.593700	-2.296500	1
64.814000	151.780000	-2.256200	-2.296800	1
64.808000	151.880000	1.517600	-2.296600	1
64.803000	151.980000	-1.229200	-2.296600	1
64.798000	152.090000	3.241100	-2.296700	1
64.792000	152.190000	2.211300	-2.296700	1
64.787000	152.290000	-0.199610	-2.296700	1
64.781000	152.390000	2.554000	-2.296800	1
64.776000	152.500000	2.214200	-2.296600	1
64.770000	152.600000	3.594700	-2.296700	1
64.764000	152.700000	3.595100	-2.296600	1
64.758000	152.800000	4.272400	-2.296700	1
64.752000	152.900000	4.272900	-2.296800	1
64.746000	153.010000	3.246400	-2.296700	1
64.740000	153.110000	1.876800	-2.296700	1
64.734000	153.210000	-7.082700	-2.296800	1
62.917000	168.210000	-5.985600	-2.296600	1
62.900000	168.300000	-0.124330	-2.296600	1
62.883000	168.390000	1.946500	-2.296700	1
62.866000	168.480000	0.217430	-2.296600	1
62.849000	168.570000	3.312100	-2.296700	1
62.832000	168.660000	2.966200	-2.296500	1
62.815000	168.750000	4.000700	-2.296600	1
64.944000	149.840000	2.695100	-1.541600	1
64.940000	149.940000	4.765200	-1.541700	1
64.936000	150.040000	3.058100	-1.541500	1
64.932000	150.150000	5.458300	-1.541700	1
64.928000	150.250000	5.118300	-1.541600	1
64.924000	150.350000	5.457000	-1.541600	1
64.920000	150.460000	7.527100	-1.541600	1
64.916000	150.560000	3.410100	-1.541600	1
64.912000	150.660000	5.820200	-1.541600	1
64.907000	150.770000	5.130300	-1.541700	1
64.903000	150.870000	3.750300	-1.541600	1
64.898000	150.970000	4.440500	-1.541800	1
64.894000	151.080000	6.850400	-1.541600	1
64.889000	151.180000	6.850500	-1.541700	1
64.884000	151.280000	4.790500	-1.541600	1
64.880000	151.380000	4.100500	-1.541600	1
64.875000	151.490000	7.200500	-1.541600	1
64.870000	151.590000	4.440700	-1.541700	1
64.865000	151.690000	1.690600	-1.541500	1
64.860000	151.790000	-0.392030	-1.541700	1
64.854000	151.900000	2.031000	-1.541600	1
64.849000	152.000000	6.851200	-1.541600	1
64.844000	152.100000	6.851600	-1.541600	1
64.838000	152.200000	6.851900	-1.541600	1
64.833000	152.310000	6.852200	-1.541600	1
64.827000	152.410000	5.822600	-1.541700	1
64.822000	152.510000	8.572800	-1.541500	1
64.816000	152.610000	6.853300	-1.541700	1
64.810000	152.720000	7.543700	-1.541600	1
64.804000	152.820000	9.264200	-1.541600	1
64.798000	152.920000	8.574700	-1.541700	1
63.189000	166.990000	3.087400	-1.541700	1
63.173000	167.090000	6.867200	-1.541500	1
63.157000	167.180000	7.217200	-1.541700	1
63.140000	167.270000	4.837200	-1.541500	1
63.124000	167.360000	6.558000	-1.541600	1
63.108000	167.450000	6.898700	-1.541600	1
63.092000	167.540000	8.283500	-1.541600	1
63.076000	167.630000	6.566300	-1.541600	1
63.059000	167.720000	7.599500	-1.541600	1
63.043000	167.810000	4.850200	-1.541500	1
63.026000	167.900000	6.567900	-1.541700	1
63.010000	167.990000	5.195100	-1.541600	1
62.993000	168.080000	5.536100	-1.541700	1
62.976000	168.160000	4.490800	-1.541600	1
62.960000	168.250000	-3.411400	-1.541600	1
62.943000	168.340000	-3.059900	-1.541600	1
62.926000	168.430000	3.474100	-1.541700	1
62.909000	168.520000	3.811400	-1.541500	1
62.892000	168.610000	4.163200	-1.541600	1
62.875000	168.700000	2.431800	-1.541500	1
62.858000	168.790000	4.848300	-1.541500	1
64.986000	149.950000	2.974100	-0.793020	1
64.982000	150.060000	5.384200	-0.792830	1
64.978000	150.160000	5.034400	-0.793010	1
64.974000	150.260000	5.707200	-0.792900	1
64.970000	150.370000	7.087300	-0.792930	1
64.966000	150.470000	4.337400	-0.792930	1
64.962000	150.570000	9.147500	-0.792920	1
64.958000	150.680000	8.117600	-0.792880	1
64.953000	150.780000	3.987700	-0.793010	1
64.949000	150.880000	6.057700	-0.792860	1
64.944000	150.980000	7.087900	-0.793040	1
64.940000	151.090000	8.807900	-0.792920	1
64.935000	151.190000	9.497900	-0.792950	1
64.930000	151.290000	6.397900	-0.792910	1
64.925000	151.400000	7.777900	-0.792860	1
64.920000	151.500000	8.807900	-0.792850	1
64.915000	151.600000	8.118100	-0.792960	1
64.910000	151.710000	7.428100	-0.792770	1
64.905000	151.810000	8.808400	-0.792960	1
64.900000	151.910000	10.188000	-0.792850	1
64.895000	152.010000	9.838600	-0.792850	1
64.889000	152.120000	8.809000	-0.792910	1
64.884000	152.220000	9.839300	-0.792880	1
64.879000	152.320000	10.530000	-0.792870	1
64.873000	152.420000	10.190000	-0.792970	1
64.867000	152.530000	0.550200	-0.792810	1
64.862000	152.630000	-3.229400	-0.792940	1
63.215000	167.120000	2.987700	-0.792840	1
63.199000	167.210000	-1.142400	-0.792980	1
63.183000	167.300000	5.397600	-0.792860	1
63.167000	167.390000	7.474800	-0.792920	1
63.151000	167.490000	8.884000	-0.792870	1
63.135000	167.580000	8.544800	-0.792930	1
63.118000	167.670000	8.555000	-0.792850	1
63.102000	167.760000	7.165100	-0.792970	1
63.085000	167.850000	8.216600	-0.792840	1
63.069000	167.940000	8.547700	-0.792970	1
63.052000	168.020000	6.148000	-0.792920	1
63.036000	168.110000	7.185700	-0.792970	1
63.019000	168.200000	5.456200	-0.792950	1
63.002000	168.290000	-1.785500	-0.792920	1
62.985000	168.380000	-1.090400	-0.792900	1
62.968000	168.470000	-0.396670	-0.792980	1
62.951000	168.560000	9.581100	-0.792840	1
62.934000	168.650000	8.548000	-0.792910	1
62.917000	168.740000	3.712200	-0.792820	1
62.900000	168.830000	2.684000	-0.792830	1
65.016000	150.380000	4.506300	0.118040	1
65.012000	150.480000	5.199000	0.118180	1
65.008000	150.580000	8.979000	0.118320	1
65.003000	150.690000	9.329000	0.117990	1
64.999000	150.790000	9.669000	0.118220	1
64.994000	150.890000	6.919000	0.118080	1
64.990000	151.000000	7.608900	0.117980	1
64.985000	151.100000	15.177000	0.118270	1
64.981000	151.200000	10.017000	0.117940	1
64.976000	151.310000	8.297500	0.117960	1
64.971000	151.410000	11.048000	0.118090	1
64.966000	151.510000	11.388000	0.117810	1
64.961000	151.620000	11.048000	0.118110	1
64.956000	151.720000	17.678000	0.118030	1
64.951000	151.820000	7.607900	0.117900	1
64.946000	151.930000	12.428000	0.118160	1
64.941000	152.030000	10.708000	0.117930	1
64.935000	152.130000	17.679000	0.118060	1
64.930000	152.230000	17.679000	0.118190	1
64.924000	152.340000	15.519000	0.117940	1
64.919000	152.440000	7.259500	0.118210	1
64.913000	152.540000	-3.088100	0.118150	1
63.290000	166.980000	12.104000	0.118100	1
63.274000	167.070000	5.914300	0.118340	1
63.258000	167.160000	1.784200	0.118320	1
63.242000	167.250000	4.535900	0.118140	1
63.226000	167.340000	8.666000	0.118440	1
63.210000	167.430000	11.766000	0.118220	1
63.194000	167.520000	12.796000	0.118210	1
63.177000	167.610000	12.796000	0.118520	1
63.161000	167.700000	12.491000	0.118160	1
63.144000	167.790000	12.151000	0.118430	1
63.128000	167.880000	11.819000	0.118430	1
63.111000	167.970000	5.949600	0.118250	1
63.095000	168.060000	6.640500	0.118540	1
63.078000	168.150000	8.711300	0.118380	1
63.061000	168.240000	8.347400	0.118300	1
63.045000	168.330000	0.783570	0.118550	1
63.028000	168.420000	-4.030800	0.118220	1
63.011000	168.510000	4.559500	0.118480	1
62.994000	168.600000	11.784000	0.118440	1
62.977000	168.690000	14.198000	0.118180	1
62.960000	168.780000	9.022500	0.118430	1
62.943000	168.870000	9.021300	0.118170	1
65.062000	150.390000	4.192600	0.732540	1
65.058000	150.490000	6.602700	0.732580	1
65.054000	150.600000	8.322800	0.732650	1
65.049000	150.700000	12.103000	0.732570	1
65.045000	150.800000	7.633000	0.732520	1
65.041000	150.910000	9.353100	0.732620	1
65.036000	151.010000	4.193100	0.732410	1
65.031000	151.110000	9.003200	0.732620	1
65.027000	151.220000	8.323200	0.732490	1
65.022000	151.320000	4.873300	0.732530	1
65.017000	151.420000	7.973400	0.732640	1
65.012000	151.530000	7.633400	0.732540	1
65.007000	151.630000	9.353500	0.732550	1
65.002000	151.730000	7.283600	0.732700	1
64.997000	151.840000	6.603600	0.732470	1
64.992000	151.940000	7.973800	0.732680	1
64.986000	152.040000	10.384000	0.732600	1
64.981000	152.150000	10.044000	0.732560	1
64.976000	152.250000	9.354600	0.732660	1
64.970000	152.350000	0.064868	0.732570	1
64.965000	152.460000	-0.977530	0.732560	1
63.333000	167.020000	6.630300	0.732580	1
63.317000	167.110000	7.310200	0.732570	1
63.301000	167.200000	6.280200	0.732710	1
63.285000	167.290000	8.000000	0.732500	1
63.269000	167.380000	9.030100	0.732740	1
63.253000	167.470000	9.380000	0.732590	1
63.237000	167.560000	11.121000	0.732630	1
63.220000	167.650000	9.379900	0.732670	1
63.204000	167.740000	8.031400	0.732650	1
63.187000	167.830000	9.431800	0.732600	1
63.171000	167.920000	9.772800	0.732760	1
63.154000	168.010000	8.056800	0.732530	1
63.138000	168.100000	8.728600	0.732710	1
63.121000	168.190000	9.418900	0.732570	1
63.104000	168.280000	7.346300	0.732600	1
63.087000	168.370000	3.894000	0.732690	1
63.070000	168.460000	-2.634400	0.732610	1
63.053000	168.550000	2.875800	0.732610	1
63.036000	168.640000	6.663600	0.732750	1
63.019000	168.730000	12.157000	0.732580	1
63.002000	168.820000	9.049700	0.732760	1
62.985000	168.910000	10.774000	0.732670	1
65.124000	149.990000	2.912300	1.487600	1
65.120000	150.090000	1.872500	1.487800	1
65.117000	150.190000	2.222400	1.487500	1
65.113000	150.300000	1.532700	1.487800	1
65.108000	150.400000	3.925600	1.487600	1
65.104000	150.510000	5.985700	1.487700	1
65.100000	150.610000	4.955700	1.487700	1
65.096000	150.710000	6.675700	1.487700	1
65.091000	150.820000	6.675700	1.487600	1
65.087000	150.920000	6.335800	1.487700	1
65.082000	151.020000	4.265600	1.487500	1
65.078000	151.130000	5.294300	1.487700	1
65.073000	151.230000	5.644200	1.487600	1
65.068000	151.330000	6.334300	1.487600	1
65.063000	151.440000	5.294400	1.487700	1
65.058000	151.540000	6.334400	1.487700	1
65.053000	151.650000	5.644500	1.487700	1
65.048000	151.750000	5.984700	1.487800	1
65.043000	151.850000	7.024600	1.487600	1
65.038000	151.960000	7.364800	1.487800	1
65.033000	152.060000	-0.555080	1.487700	1
63.377000	167.060000	4.297700	1.487700	1
63.361000	167.150000	5.327600	1.487600	1
63.345000	167.240000	0.517630	1.487800	1
63.328000	167.330000	6.032300	1.487600	1
63.312000	167.420000	9.132500	1.487800	1
63.296000	167.510000	7.412500	1.487700	1
63.280000	167.600000	7.768500	1.487700	1
63.263000	167.690000	7.437300	1.487700	1
63.247000	167.780000	7.412800	1.487700	1
63.230000	167.870000	10.195000	1.487700	1
63.214000	167.960000	9.515600	1.487800	1
63.197000	168.050000	7.122800	1.487600	1
63.181000	168.140000	6.070600	1.487800	1
63.164000	168.230000	9.852000	1.487600	1
63.147000	168.320000	9.150000	1.487700	1
63.130000	168.410000	2.283800	1.487700	1
63.113000	168.500000	-2.185200	1.487700	1
63.096000	168.590000	-0.477340	1.487700	1
63.079000	168.680000	4.013700	1.487800	1
63.062000	168.770000	5.051300	1.487700	1
63.045000	168.860000	8.476300	1.487800	1
63.028000	168.950000	5.727300	1.487700	1
65.178000	149.790000	1.021000	2.236900	1
65.174000	149.890000	2.054200	2.236800	1
65.170000	150.000000	1.714200	2.236800	1
65.166000	150.100000	2.054400	2.236900	1
65.162000	150.210000	2.744400	2.236700	1
65.158000	150.310000	0.677720	2.236900	1
65.154000	150.410000	0.674600	2.236800	1
65.150000	150.520000	3.434700	2.236800	1
65.146000	150.620000	4.117900	2.236900	1
65.141000	150.730000	3.777900	2.236800	1
65.137000	150.830000	3.437900	2.236800	1
65.133000	150.930000	5.158000	2.236800	1
65.128000	151.040000	4.117800	2.236700	1
65.123000	151.140000	4.117900	2.236800	1
65.119000	151.250000	2.747800	2.236700	1
65.114000	151.350000	3.777900	2.236800	1
65.109000	151.450000	4.467900	2.236900	1
65.104000	151.560000	5.837900	2.236800	1
65.099000	151.660000	4.117900	2.236800	1
65.094000	151.760000	4.118100	2.236900	1
65.089000	151.870000	3.437900	2.236700	1
65.084000	151.970000	1.368100	2.236900	1
63.387000	167.280000	2.421400	2.236900	1
63.371000	167.370000	4.494500	2.236700	1
63.355000	167.460000	6.904800	2.236900	1
63.339000	167.550000	7.244700	2.236800	1
63.322000	167.640000	7.594800	2.236800	1
63.306000	167.730000	6.904900	2.236800	1
63.289000	167.820000	7.595000	2.236900	1
63.273000	167.910000	7.964900	2.236800	1
63.256000	168.000000	6.951800	2.236900	1
63.240000	168.090000	7.295900	2.236700	1
63.223000	168.180000	8.663600	2.236900	1
63.206000	168.270000	11.405000	2.236700	1
63.189000	168.360000	9.682600	2.236800	1
63.173000	168.450000	4.526900	2.236800	1
63.156000	168.540000	-3.049600	2.236800	1
63.139000	168.630000	-0.635110	2.236800	1
63.122000	168.720000	-0.633850	2.236900	1
63.104000	168.810000	2.127100	2.236800	1
63.087000	168.900000	4.181600	2.236900	1
63.070000	168.990000	6.931900	2.236900	1
65.216000	150.010000	-0.022501	2.993100	1
65.213000	150.110000	0.317760	2.993200	1
65.209000	150.220000	1.007700	2.993000	1
65.205000	150.320000	2.038100	2.993200	1
65.200000	150.430000	-0.021951	2.993100	1
65.196000	150.530000	1.698200	2.993100	1
65.192000	150.640000	2.728400	2.993100	1
65.188000	150.740000	2.038500	2.993100	1
65.183000	150.840000	2.038600	2.993100	1
65.179000	150.950000	1.348700	2.993100	1
65.174000	151.050000	1.008700	2.993000	1
65.170000	151.160000	2.722200	2.993100	1
65.165000	151.260000	2.382200	2.993000	1
65.160000	151.360000	3.752300	2.993100	1
65.155000	151.470000	2.722400	2.993200	1
65.150000	151.570000	2.032400	2.993100	1
65.145000	151.670000	2.382500	2.993100	1
65.140000	151.780000	3.412700	2.993200	1
63.147000	168.850000	1.418900	2.993100	1
63.130000	168.940000	1.416600	2.993200	1
63.113000	169.030000	5.890200	2.993100	1
65.266000	149.920000	-0.196490	3.748200	1
65.263000	150.020000	-0.546460	3.748100	1
65.259000	150.130000	-1.229700	3.748200	1
65.255000	150.230000	-0.886250	3.748000	1
65.251000	150.340000	0.494090	3.748200	1
65.247000	150.440000	1.174100	3.748100	1
65.242000	150.540000	0.494270	3.748100	1
65.238000	150.650000	1.864500	3.748200	1
65.234000	150.750000	2.228000	3.748100	1
65.229000	150.860000	1.864700	3.748100	1
65.225000	150.960000	-0.181780	3.748200	1
65.220000	151.060000	0.494790	3.748000	1
65.216000	151.170000	0.834970	3.748100	1
65.211000	151.270000	1.188400	3.748100	1
65.206000	151.380000	1.525100	3.748100	1
65.201000	151.480000	1.525200	3.748200	1
65.196000	151.590000	1.525200	3.748100	1
65.191000	151.690000	1.878800	3.748100	1
63.172000	168.980000	4.034700	3.748200	1
63.155000	169.070000	5.401800	3.748200	1
65.327000	149.510000	-1.938000	4.502000	1
65.324000	149.610000	-1.594600	4.501800	1
65.320000	149.720000	-0.904510	4.501800	1
65.316000	149.820000	-1.230900	4.501900	1
65.313000	149.930000	0.139110	4.501800	1
65.309000	150.030000	-1.580900	4.501800	1
65.305000	150.140000	-0.540660	4.501900	1
65.301000	150.240000	-0.890690	4.501700	1
65.297000	150.350000	-1.580400	4.501900	1
65.293000	150.450000	-1.920400	4.501800	1
65.289000	150.560000	-0.540190	4.501800	1
65.284000	150.660000	1.180100	4.501900	1
65.280000	150.770000	1.180200	4.501800	1
65.275000	150.870000	1.860300	4.501800	1
65.271000	150.970000	0.140420	4.501800	1
65.266000	151.080000	1.180400	4.501700	1
65.262000	151.180000	0.140570	4.501800	1
65.257000	151.290000	0.490600	4.501800	1
65.252000	151.390000	-0.539370	4.501800	1
65.247000	151.500000	0.140810	4.501900	1
65.242000	151.600000	2.900900	4.501800	1
65.237000	151.700000	1.167400	4.501800	1
65.232000	151.810000	3.591200	4.501900	1
63.215000	169.020000	3.667600	4.501900	1
63.198000	169.110000	4.352500	4.501800	1
65.331000	150.670000	-1.770000	5.256800	1
65.326000	150.780000	-0.389870	5.256700	1
65.322000	150.880000	-0.376100	5.256700	1
65.317000	150.990000	-1.769600	5.256700	1
65.313000	151.090000	-0.025918	5.256600	1
65.308000	151.200000	-0.039385	5.256700	1
65.303000	151.300000	0.314290	5.256700	1
65.298000	151.410000	-1.079300	5.256700	1
65.293000	151.510000	0.654520	5.256800	1
65.288000	151.610000	-0.382740	5.256700	1
65.283000	151.720000	-0.396210	5.256700	1
65.278000	151.820000	2.354000	5.256800	1
65.273000	151.930000	-0.038812	5.256700	1
65.268000	152.030000	-1.418600	5.256800	1
65.262000	152.140000	-0.714830	5.256800	1
65.257000	152.240000	-2.798400	5.256700	1
65.251000	152.340000	-4.851900	5.256800	1
65.246000	152.450000	-4.865500	5.256700	1
65.240000	152.550000	-3.495000	5.256700	1
65.234000	152.660000	3.722200	5.256800	1
65.229000	152.760000	2.002600	5.256700	1
65.223000	152.860000	0.973030	5.256800	1
65.217000	152.970000	2.017100	5.256800	1
65.211000	153.070000	-2.099100	5.256700	1
65.205000	153.170000	-1.082100	5.256800	1
65.198000	153.280000	-4.196500	5.256600	1
65.192000	153.380000	-3.512300	5.256700	1
65.186000	153.490000	-4.157400	5.256800	1
65.179000	153.590000	1.665800	5.256700	1
63.624000	167.070000	5.468900	5.256600	1
63.608000	167.160000	2.732600	5.256700	1
63.592000	167.250000	2.746200	5.256700	1
63.576000	167.340000	3.086200	5.256700	1
63.559000	167.430000	3.776300	5.256800	1
63.543000	167.530000	3.776200	5.256600	1
63.527000	167.620000	4.466300	5.256800	1
63.510000	167.710000	4.806300	5.256700	1
63.494000	167.800000	3.086300	5.256700	1
63.477000	167.890000	3.086300	5.256700	1
63.461000	167.980000	4.148800	5.256700	1
63.444000	168.070000	4.492400	5.256600	1
63.428000	168.160000	3.126000	5.256800	1
63.411000	168.250000	2.783900	5.256600	1
63.394000	168.350000	4.851800	5.256800	1
63.377000	168.440000	6.231900	5.256600	1
63.360000	168.530000	4.507000	5.256700	1
63.343000	168.620000	7.244200	5.256700	1
63.326000	168.710000	6.215000	5.256700	1
63.309000	168.800000	0.728830	5.256600	1
63.292000	168.890000	-1.347000	5.256800	1
63.275000	168.980000	0.036903	5.256600	1
63.257000	169.070000	2.810800	5.256800	1
63.240000	169.160000	3.497600	5.256700	1
65.405000	149.950000	-3.491800	6.010700	1
65.401000	150.060000	-0.391550	6.010700	1
65.398000	150.160000	-2.107800	6.010800	1
65.394000	150.270000	-1.767700	6.010600	1
65.389000	150.370000	-1.427400	6.010800	1
65.385000	150.480000	-2.797500	6.010700	1
65.381000	150.580000	-3.133600	6.010700	1
65.377000	150.690000	-2.797100	6.010800	1
65.372000	150.790000	-2.107000	6.010700	1
65.368000	150.900000	-3.133200	6.010700	1
65.363000	151.000000	-3.133000	6.010700	1
65.359000	151.110000	-1.766600	6.010600	1
65.354000	151.210000	-2.796500	6.010700	1
65.349000	151.320000	-2.796500	6.010700	1
65.345000	151.420000	-1.062600	6.010700	1
65.340000	151.530000	-0.046075	6.010800	1
65.335000	151.630000	-3.823600	6.010700	1
65.330000	151.730000	-2.459700	6.010800	1
65.324000	151.840000	-1.766900	6.010800	1
65.319000	151.940000	0.986990	6.010700	1
65.314000	152.050000	-3.483100	6.010800	1
65.309000	152.150000	-1.072700	6.010800	1
65.303000	152.260000	-2.455400	6.010700	1
65.298000	152.360000	-4.515300	6.010900	1
65.292000	152.460000	-4.865200	6.010700	1
65.286000	152.570000	-5.558700	6.010700	1
65.281000	152.670000	-5.201800	6.010800	1
65.275000	152.780000	-3.487600	6.010700	1
65.269000	152.880000	-1.431600	6.010800	1
63.602000	167.470000	3.419100	6.010700	1
63.586000	167.570000	4.459100	6.010600	1
63.570000	167.660000	3.769200	6.010800	1
63.553000	167.750000	4.109100	6.010700	1
63.537000	167.840000	3.419200	6.010700	1
63.520000	167.930000	3.769200	6.010700	1
63.504000	168.020000	3.442500	6.010700	1
63.487000	168.110000	6.218800	6.010600	1
63.471000	168.200000	1.049800	6.010800	1
63.454000	168.300000	6.220700	6.010600	1
63.437000	168.390000	4.838700	6.010800	1
63.420000	168.480000	5.542900	6.010600	1
63.403000	168.570000	4.156600	6.010700	1
63.386000	168.660000	6.223700	6.010700	1
63.369000	168.750000	7.601900	6.010700	1
63.352000	168.840000	2.785300	6.010600	1
63.335000	168.930000	5.207200	6.010800	1
63.317000	169.020000	0.734200	6.010600	1
63.300000	169.110000	2.130400	6.010800	1
63.283000	169.200000	6.253400	6.010700	1
63.726000	167.050000	-1.524200	6.762600	1
63.710000	167.150000	1.916000	6.762700	1
63.694000	167.240000	2.629800	6.762700	1
63.678000	167.330000	2.977200	6.762700	1
63.662000	167.420000	4.007300	6.762700	1
63.646000	167.510000	3.317300	6.762800	1
63.629000	167.610000	2.637200	6.762600	1
63.613000	167.700000	2.641100	6.762800	1
63.596000	167.790000	2.287300	6.762700	1
63.580000	167.880000	2.287300	6.762700	1
63.563000	167.970000	2.637300	6.762700	1
63.547000	168.060000	4.007400	6.762700	1
63.530000	168.150000	4.034300	6.762600	1
63.513000	168.250000	3.022400	6.762800	1
63.497000	168.340000	1.306700	6.762600	1
63.480000	168.430000	2.684100	6.762800	1
63.463000	168.520000	4.038200	6.762600	1
63.446000	168.610000	6.472700	6.762700	1
63.429000	168.700000	5.787100	6.762700	1
63.412000	168.790000	5.424200	6.762700	1
63.395000	168.880000	3.367800	6.762600	1
63.377000	168.970000	2.326000	6.762800	1
63.360000	169.060000	-0.764250	6.762600	1
63.343000	169.150000	-2.157500	6.762800	1
63.325000	169.240000	1.654500	6.762700	1
65.523000	149.240000	-0.216120	7.522400	1
65.520000	149.340000	0.827990	7.522500	1
65.517000	149.450000	-1.588200	7.522300	1
65.513000	149.560000	-0.204140	7.522500	1
65.510000	149.660000	-2.937000	7.522400	1
65.506000	149.770000	-3.293300	7.522400	1
65.502000	149.870000	-2.597000	7.522500	1
65.499000	149.980000	-3.293400	7.522400	1
65.495000	150.080000	-2.597000	7.522400	1
65.491000	150.190000	-2.596800	7.522500	1
65.487000	150.290000	-0.876530	7.522300	1
65.483000	150.400000	-2.260100	7.522500	1
65.479000	150.500000	-2.936400	7.522400	1
65.474000	150.610000	-1.222300	7.522400	1
65.470000	150.720000	-2.596000	7.522500	1
65.466000	150.820000	-3.285900	7.522400	1
65.461000	150.930000	-1.905600	7.522400	1
65.457000	151.030000	-1.911700	7.522400	1
65.452000	151.140000	-3.631800	7.522300	1
65.447000	151.240000	-2.595300	7.522400	1
65.442000	151.350000	-1.571400	7.522400	1
65.438000	151.450000	-3.625300	7.522400	1
65.433000	151.560000	-2.595000	7.522500	1
65.428000	151.660000	-2.935000	7.522400	1
65.423000	151.770000	-3.642400	7.522500	1
65.417000	151.870000	-1.229500	7.522500	1
65.412000	151.980000	-4.668600	7.522400	1
65.407000	152.080000	-0.895490	7.522500	1
65.401000	152.180000	-0.555380	7.522500	1
65.396000	152.290000	-2.951700	7.522400	1
65.390000	152.390000	-0.885060	7.522600	1
65.385000	152.500000	-1.893900	7.522400	1
63.722000	167.370000	0.879980	7.522300	1
63.705000	167.460000	2.260100	7.522300	1
63.689000	167.560000	1.896400	7.522400	1
63.673000	167.650000	2.260000	7.522300	1
63.656000	167.740000	0.526340	7.522400	1
63.640000	167.830000	0.176270	7.522300	1
63.623000	167.920000	-0.149960	7.522400	1
63.607000	168.010000	0.880090	7.522300	1
63.590000	168.110000	2.260100	7.522300	1
63.574000	168.200000	2.582600	7.522300	1
63.557000	168.290000	2.974400	7.522400	1
63.540000	168.380000	0.919030	7.522200	1
63.523000	168.470000	-0.089345	7.522500	1
63.506000	168.560000	2.300600	7.522300	1
63.489000	168.650000	1.975800	7.522400	1
63.472000	168.740000	2.309200	7.522300	1
63.455000	168.830000	6.094000	7.522300	1
63.438000	168.920000	4.363800	7.522300	1
63.421000	169.010000	1.954800	7.522400	1
63.403000	169.100000	-0.813170	7.522300	1
63.386000	169.190000	-3.215000	7.522500	1
63.368000	169.280000	-2.176400	7.522400	1
65.560000	149.570000	1.675200	8.276000	1
65.556000	149.670000	-2.451400	8.275800	1
65.553000	149.780000	-3.837800	8.275900	1
65.549000	149.880000	-4.187900	8.275900	1
65.545000	149.990000	-2.794100	8.275800	1
65.541000	150.100000	-2.790100	8.275900	1
65.538000	150.200000	-3.133800	8.275900	1
65.534000	150.310000	-1.087200	8.275800	1
65.529000	150.410000	-2.793400	8.275900	1
65.525000	150.520000	-3.483400	8.275800	1
65.521000	150.620000	-3.483200	8.275800	1
65.517000	150.730000	-2.792900	8.275900	1
65.512000	150.830000	-3.482900	8.275800	1
65.508000	150.940000	-3.478900	8.275800	1
65.503000	151.050000	-2.792400	8.275900	1
65.499000	151.150000	-4.172500	8.275800	1
65.494000	151.260000	-3.128500	8.275800	1
65.489000	151.360000	-2.442100	8.275800	1
65.484000	151.470000	-2.442100	8.275800	1
65.479000	151.570000	-4.168400	8.275900	1
65.474000	151.680000	-3.822100	8.275800	1
65.469000	151.780000	-2.791700	8.275900	1
65.464000	151.890000	-1.416500	8.275900	1
65.459000	151.990000	-2.449000	8.275800	1
65.453000	152.100000	0.641420	8.276000	1
65.448000	152.200000	1.681600	8.275900	1
65.443000	152.310000	0.987830	8.275800	1
65.437000	152.410000	-4.870100	8.276000	1
65.431000	152.520000	-3.138500	8.275800	1
65.426000	152.620000	-4.184400	8.275900	1
63.749000	167.500000	1.019300	8.275800	1
63.733000	167.600000	-0.020694	8.275800	1
63.716000	167.690000	-1.050800	8.275700	1
63.700000	167.780000	-0.013169	8.275900	1
63.683000	167.870000	1.703100	8.275700	1
63.667000	167.960000	2.397000	8.275800	1
63.650000	168.060000	1.013100	8.275800	1
63.633000	168.150000	2.043100	8.275800	1
63.617000	168.240000	-0.020777	8.275700	1
63.600000	168.330000	0.336730	8.275900	1
63.583000	168.420000	1.352900	8.275700	1
63.566000	168.510000	0.379590	8.275900	1
63.549000	168.600000	1.413400	8.275700	1
63.532000	168.690000	0.034245	8.275800	1
63.515000	168.780000	2.806100	8.275800	1
63.498000	168.870000	2.455500	8.275800	1
63.481000	168.970000	-3.057800	8.275700	1
63.463000	169.060000	-2.026200	8.275900	1
63.446000	169.150000	-2.029000	8.275700	1
63.429000	169.240000	-1.692000	8.275900	1
63.411000	169.330000	0.390310	8.275800	1
65.614000	149.370000	-2.464900	9.034800	1
65.611000	149.470000	-1.438300	9.034700	1
65.607000	149.580000	-1.084400	9.034900	1
65.604000	149.690000	-3.158500	9.034800	1
65.600000	149.790000	-4.507400	9.034800	1
65.596000	149.900000	-3.821100	9.034900	1
65.593000	150.000000	-3.131100	9.034800	1
65.589000	150.110000	-3.130900	9.034800	1
65.585000	150.210000	-2.440600	9.034800	1
65.581000	150.320000	-2.090600	9.034700	1
65.577000	150.430000	-3.136700	9.034900	1
65.572000	150.530000	-3.820300	9.034700	1
65.568000	150.640000	-4.500400	9.034700	1
65.564000	150.740000	-3.136100	9.034900	1
65.559000	150.850000	-3.142300	9.034700	1
65.555000	150.950000	-3.819700	9.034800	1
65.550000	151.060000	-2.439300	9.034800	1
65.546000	151.170000	-3.129400	9.034700	1
65.541000	151.270000	-0.368950	9.034800	1
65.536000	151.380000	-2.791600	9.034800	1
65.531000	151.480000	-3.831600	9.034700	1
65.526000	151.590000	-3.135200	9.034900	1
65.521000	151.690000	-3.818900	9.034700	1
65.516000	151.800000	-2.088500	9.034900	1
65.511000	151.900000	-4.872600	9.034900	1
63.727000	167.910000	1.696300	9.034700	1
63.710000	168.010000	0.690010	9.034700	1
63.694000	168.100000	1.356300	9.034700	1
63.677000	168.190000	2.048700	9.034700	1
63.660000	168.280000	1.696200	9.034700	1
63.644000	168.370000	1.002400	9.034800	1
63.627000	168.460000	1.696000	9.034600	1
63.610000	168.550000	-1.380500	9.034800	1
63.593000	168.650000	-1.352000	9.034600	1
63.576000	168.740000	1.756000	9.034700	1
63.559000	168.830000	-0.659220	9.034700	1
63.541000	168.920000	10.684000	9.034700	1
63.524000	169.010000	5.549700	9.034600	1
63.507000	169.100000	-0.674750	9.034800	1
63.489000	169.190000	-3.438600	9.034600	1
63.472000	169.280000	-1.352300	9.034800	1
63.455000	169.370000	-2.715400	9.034700	1
65.628000	150.330000	-3.055900	9.789100	1
65.624000	150.440000	-2.025500	9.789200	1
65.619000	150.550000	-3.405700	9.789100	1
65.615000	150.650000	-4.459400	9.789100	1
65.611000	150.760000	-4.085400	9.789200	1
65.606000	150.860000	-4.435300	9.789100	1
65.602000	150.970000	-2.714800	9.789200	1
65.597000	151.070000	-3.428600	9.789200	1
65.593000	151.180000	-1.698200	9.789100	1
65.588000	151.290000	-1.698100	9.789200	1
65.583000	151.390000	-4.450900	9.789100	1
65.578000	151.500000	-3.744400	9.789100	1
65.573000	151.600000	-3.760500	9.789200	1
65.568000	151.710000	-3.744300	9.789100	1
65.563000	151.810000	-4.434300	9.789200	1
65.558000	151.920000	-4.111800	9.789200	1
65.553000	152.020000	-3.431700	9.789200	1
65.547000	152.130000	-2.051500	9.789300	1
65.542000	152.240000	-4.108000	9.789200	1
65.536000	152.340000	-4.798100	9.789100	1
65.531000	152.450000	-4.111700	9.789400	1
65.525000	152.550000	-0.328730	9.789100	1
65.519000	152.660000	-5.147800	9.789200	1
63.636000	168.690000	-2.023600	9.789000	1
63.619000	168.780000	-0.944380	9.789100	1
63.602000	168.870000	-0.930430	9.789000	1
63.585000	168.960000	1.824500	9.789000	1
63.567000	169.050000	6.651800	9.789000	1
63.550000	169.140000	0.110260	9.789100	1
63.533000	169.230000	-2.665000	9.789000	1
63.515000	169.320000	-0.582700	9.789200	1
63.498000	169.410000	-3.349600	9.789100	1
63.913000	167.440000	1.344900	10.547000	1
63.897000	167.540000	2.711400	10.547000	1
63.880000	167.630000	-2.130100	10.547000	1
63.864000	167.720000	-2.108600	10.547000	1
63.848000	167.810000	-2.458400	10.547000	1
63.831000	167.910000	-2.444500	10.547000	1
63.815000	168.000000	-2.458100	10.547000	1
63.798000	168.090000	-0.724050	10.547000	1
63.781000	168.180000	-1.064000	10.547000	1
63.765000	168.270000	-0.380150	10.547000	1
63.748000	168.370000	-0.373800	10.547000	1
63.731000	168.460000	-1.753900	10.547000	1
63.714000	168.550000	-1.404100	10.547000	1
63.697000	168.640000	-2.100500	10.547000	1
63.680000	168.730000	-1.718700	10.547000	1
63.663000	168.820000	-0.680660	10.547000	1
63.646000	168.910000	-1.362700	10.547000	1
63.628000	169.010000	-1.383600	10.547000	1
63.611000	169.100000	0.326160	10.547000	1
63.594000	169.190000	1.407600	10.547000	1
63.576000	169.280000	0.354090	10.547000	1
63.559000	169.370000	-3.806900	10.547000	1
63.541000	169.460000	-1.389500	10.547000	1
63.908000	167.760000	-4.424300	11.300000	1
63.891000	167.860000	-3.381800	11.299000	1
63.875000	167.950000	-4.054100	11.300000	1
63.858000	168.040000	-4.071600	11.299000	1
63.842000	168.130000	-2.007500	11.299000	1
63.825000	168.230000	-1.303500	11.299000	1
63.808000	168.320000	-0.970970	11.299000	1
63.791000	168.410000	-1.320900	11.299000	1
63.775000	168.500000	-2.010800	11.300000	1
63.758000	168.590000	-2.354700	11.299000	1
63.741000	168.680000	-3.023400	11.300000	1
63.723000	168.780000	-3.023400	11.299000	1
63.706000	168.870000	-2.303900	11.299000	1
63.689000	168.960000	-2.646300	11.299000	1
63.672000	169.050000	-1.601900	11.299000	1
63.654000	169.140000	-1.947300	11.299000	1
63.637000	169.230000	-2.643800	11.300000	1
63.620000	169.320000	-2.642400	11.299000	1
63.602000	169.410000	-1.962200	11.300000	1
63.585000	169.500000	-2.991700	11.299000	1
65.766000	150.480000	-4.563700	12.055000	1
65.762000	150.590000	-4.559700	12.055000	1
65.758000	150.700000	-4.563400	12.055000	1
65.753000	150.800000	-3.851600	12.055000	1
65.749000	150.910000	-2.485100	12.055000	1
65.744000	151.010000	-3.528700	12.055000	1
65.740000	151.120000	-3.868800	12.055000	1
65.735000	151.230000	-3.514800	12.055000	1
65.730000	151.330000	-3.532200	12.055000	1
65.725000	151.440000	-3.178200	12.055000	1
65.721000	151.550000	-3.854500	12.055000	1
65.716000	151.650000	-5.234600	12.055000	1
65.710000	151.760000	-5.590000	12.055000	1
65.705000	151.860000	-4.555700	12.055000	1
65.700000	151.970000	-3.175200	12.055000	1
65.695000	152.080000	-1.457400	12.055000	1
65.689000	152.180000	-4.898100	12.055000	1
65.684000	152.290000	-0.424700	12.055000	1
65.678000	152.390000	-0.764720	12.055000	1
65.673000	152.500000	-2.838600	12.055000	1
65.667000	152.600000	-6.275500	12.055000	1
65.661000	152.710000	-5.251100	12.055000	1
64.001000	167.530000	1.305300	12.055000	1
63.985000	167.620000	-0.758680	12.055000	1
63.969000	167.710000	0.288960	12.055000	1
63.952000	167.810000	-4.871800	12.055000	1
63.936000	167.900000	-5.206800	12.054000	1
63.919000	167.990000	-5.218100	12.055000	1
63.903000	168.080000	-3.497800	12.055000	1
63.886000	168.180000	-1.433700	12.055000	1
63.869000	168.270000	-1.089900	12.055000	1
63.852000	168.360000	-1.780100	12.054000	1
63.835000	168.450000	-1.416300	12.055000	1
63.819000	168.540000	-2.117800	12.055000	1
63.802000	168.640000	-2.468000	12.054000	1
63.784000	168.730000	-2.474400	12.055000	1
63.767000	168.820000	-2.814600	12.054000	1
63.750000	168.910000	-3.789100	12.055000	1
63.733000	169.000000	-1.721900	12.055000	1
63.716000	169.090000	-3.087600	12.054000	1
63.698000	169.180000	0.003800	12.054000	1
63.681000	169.280000	-1.033300	12.055000	1
63.663000	169.370000	-2.418500	12.054000	1
63.646000	169.460000	-2.068600	12.055000	1
63.628000	169.550000	-2.775400	12.054000	1
65.815000	150.500000	-4.866700	12.815000	1
65.810000	150.600000	-4.165000	12.815000	1
65.806000	150.710000	-3.148400	12.815000	1
65.802000	150.820000	-2.760500	12.815000	1
65.797000	150.920000	-4.164600	12.815000	1
65.793000	151.030000	-3.838000	12.815000	1
65.788000	151.140000	-2.801400	12.815000	1
65.783000	151.240000	-3.491500	12.815000	1
65.779000	151.350000	-2.801200	12.815000	1
65.774000	151.460000	-3.151000	12.815000	1
65.769000	151.560000	-4.177400	12.815000	1
65.764000	151.670000	-4.521200	12.815000	1
65.759000	151.770000	-4.514900	12.815000	1
65.753000	151.880000	-2.801900	12.815000	1
65.748000	151.990000	-0.391490	12.815000	1
65.743000	152.090000	-0.391410	12.815000	1
65.737000	152.200000	-3.835600	12.815000	1
65.732000	152.310000	-2.469100	12.815000	1
65.726000	152.410000	-2.816700	12.815000	1
65.721000	152.520000	-4.530900	12.816000	1
65.715000	152.620000	-4.518100	12.815000	1
65.709000	152.730000	-5.554400	12.815000	1
64.046000	167.570000	-2.428900	12.815000	1
64.030000	167.660000	-3.821800	12.815000	1
64.013000	167.760000	0.322670	12.815000	1
63.997000	167.850000	-2.767700	12.815000	1
63.980000	167.940000	-4.490600	12.815000	1
63.964000	168.040000	-4.490500	12.815000	1
63.947000	168.130000	-3.462800	12.815000	1
63.931000	168.220000	-3.462900	12.815000	1
63.914000	168.310000	-1.396300	12.815000	1
63.897000	168.410000	-1.396400	12.815000	1
63.880000	168.500000	-1.742600	12.815000	1
63.863000	168.590000	-2.426700	12.815000	1
63.846000	168.680000	-1.725400	12.815000	1
63.829000	168.770000	-4.151100	12.815000	1
63.812000	168.860000	-4.487700	12.815000	1
63.795000	168.960000	-4.439400	12.815000	1
63.777000	169.050000	-5.127400	12.815000	1
63.760000	169.140000	-2.029200	12.815000	1
63.743000	169.230000	-1.671900	12.815000	1
63.725000	169.320000	-0.640680	12.815000	1
63.708000	169.410000	-0.986780	12.815000	1
63.690000	169.500000	-1.345800	12.815000	1
63.672000	169.590000	-2.370000	12.815000	1
65.871000	150.300000	-3.950000	13.574000	1
65.867000	150.410000	-4.987800	13.574000	1
65.863000	150.510000	-3.616000	13.574000	1
65.859000	150.620000	-4.643800	13.574000	1
65.854000	150.730000	-4.293600	13.574000	1
65.850000	150.830000	-2.233000	13.574000	1
65.846000	150.940000	-2.576800	13.574000	1
65.841000	151.050000	-2.576700	13.574000	1
65.836000	151.150000	-3.263100	13.574000	1
65.832000	151.260000	-0.162530	13.574000	1
65.827000	151.370000	-2.572800	13.574000	1
65.822000	151.470000	-4.298300	13.574000	1
65.817000	151.580000	-4.290800	13.574000	1
65.812000	151.690000	-3.956900	13.574000	1
65.807000	151.790000	-4.985800	13.574000	1
65.802000	151.900000	-2.575200	13.574000	1
65.797000	152.000000	-4.985700	13.574000	1
65.791000	152.110000	-3.265200	13.574000	1
64.107000	167.520000	-4.958800	13.574000	1
64.091000	167.610000	-0.133910	13.574000	1
64.075000	167.710000	-1.181500	13.574000	1
64.058000	167.800000	-0.825070	13.574000	1
64.042000	167.890000	-2.891400	13.574000	1
64.025000	167.990000	-4.615400	13.574000	1
64.009000	168.080000	-6.339700	13.574000	1
63.992000	168.170000	-4.957800	13.574000	1
63.975000	168.260000	-4.611500	13.574000	1
63.959000	168.360000	-3.581000	13.574000	1
63.942000	168.450000	-1.513100	13.574000	1
63.925000	168.540000	-2.893200	13.574000	1
63.908000	168.630000	-2.543100	13.574000	1
63.891000	168.730000	-1.174200	13.574000	1
63.874000	168.820000	-3.932100	13.574000	1
63.856000	168.910000	-3.242000	13.574000	1
63.839000	169.000000	-2.898300	13.574000	1
63.822000	169.090000	-2.499000	13.574000	1
63.804000	169.180000	-0.076487	13.574000	1
63.787000	169.280000	-5.239100	13.574000	1
63.770000	169.370000	-2.180600	13.574000	1
63.752000	169.460000	-1.454200	13.574000	1
63.734000	169.550000	-0.766800	13.574000	1
63.717000	169.640000	-2.839800	13.574000	1
65.924000	150.210000	-5.251300	14.326000	1
65.920000	150.310000	-4.894700	14.326000	1
65.916000	150.420000	-4.893600	14.326000	1
65.911000	150.530000	-3.856700	14.326000	1
65.907000	150.630000	0.274090	14.326000	1
65.903000	150.740000	-3.176400	14.326000	1
65.898000	150.850000	-4.206300	14.326000	1
65.894000	150.950000	-4.560200	14.326000	1
65.889000	151.060000	-2.825700	14.326000	1
65.885000	151.170000	-3.848300	14.326000	1
65.880000	151.280000	-3.853200	14.326000	1
65.875000	151.380000	-3.852900	14.326000	1
65.870000	151.490000	-3.855300	14.326000	1
65.865000	151.600000	-4.543000	14.326000	1
64.103000	167.850000	-2.794800	14.326000	1
64.087000	167.940000	-1.418300	14.326000	1
64.070000	168.030000	-5.555600	14.326000	1
64.053000	168.120000	-6.919900	14.326000	1
64.037000	168.220000	-5.549400	14.326000	1
64.020000	168.310000	-4.515400	14.326000	1
64.003000	168.400000	-4.509200	14.326000	1
63.986000	168.490000	-3.139000	14.326000	1
63.969000	168.590000	-2.795100	14.326000	1
63.952000	168.680000	-1.441200	14.326000	1
63.935000	168.770000	-3.819500	14.326000	1
63.918000	168.860000	-5.208700	14.326000	1
63.901000	168.960000	-5.235400	14.326000	1
63.884000	169.050000	-5.214200	14.326000	1
63.866000	169.140000	-4.183800	14.326000	1
63.849000	169.230000	-5.148200	14.326000	1
63.831000	169.320000	-6.177300	14.326000	1
63.814000	169.410000	-4.456300	14.326000	1
63.796000	169.500000	-6.519800	14.326000	1
63.779000	169.600000	-3.459700	14.326000	1
63.761000	169.690000	-3.451500	14.326000	1
65.965000	150.430000	-5.700000	15.088000	1
65.961000	150.540000	-5.359600	15.088000	1
65.956000	150.650000	-3.985300	15.088000	1
65.952000	150.760000	-4.325200	15.088000	1
65.948000	150.860000	-3.991200	15.088000	1
65.943000	150.970000	-3.300900	15.088000	1
65.938000	151.080000	-1.574200	15.088000	1
65.934000	151.190000	-3.978500	15.088000	1
65.929000	151.290000	-3.987200	15.088000	1
65.924000	151.400000	-5.705300	15.088000	1
65.919000	151.510000	-4.342100	15.088000	1
65.914000	151.610000	-4.327100	15.088000	1
65.909000	151.720000	-4.668500	15.088000	1
65.904000	151.830000	-5.382500	15.088000	1
65.899000	151.930000	-6.412800	15.088000	1
65.894000	152.040000	-5.365000	15.088000	1
65.888000	152.150000	-5.043600	15.088000	1
65.883000	152.250000	-5.014900	15.088000	1
65.877000	152.360000	-6.039000	15.088000	1
65.872000	152.470000	-4.336000	15.088000	1
65.866000	152.570000	-6.070200	15.088000	1
65.860000	152.680000	-6.056400	15.088000	1
65.855000	152.790000	-5.358500	15.088000	1
65.849000	152.890000	-6.051200	15.088000	1
65.843000	153.000000	-6.038500	15.088000	1
65.837000	153.110000	-5.704400	15.088000	1
65.830000	153.210000	-5.024800	15.088000	1
65.824000	153.320000	-4.347900	15.088000	1
65.818000	153.420000	-6.418400	15.088000	1
65.812000	153.530000	-5.387600	15.088000	1
65.805000	153.640000	-7.076900	15.088000	1
65.799000	153.740000	-6.757900	15.088000	1
65.792000	153.850000	-6.053400	15.088000	1
64.132000	167.980000	-0.545030	15.088000	1
64.115000	168.080000	-6.041700	15.088000	1
64.099000	168.170000	-6.378100	15.088000	1
64.082000	168.260000	-6.724400	15.088000	1
64.065000	168.350000	-4.979800	15.088000	1
64.048000	168.450000	-5.003700	15.088000	1
64.032000	168.540000	-5.330200	15.088000	1
64.015000	168.630000	-4.657600	15.088000	1
63.997000	168.730000	-3.967600	15.088000	1
63.980000	168.820000	-4.319100	15.088000	1
63.963000	168.910000	-2.598700	15.088000	1
63.946000	169.000000	-0.191050	15.088000	1
63.929000	169.090000	-1.235100	15.088000	1
63.911000	169.190000	-2.937900	15.088000	1
63.894000	169.280000	-2.867200	15.088000	1
63.876000	169.370000	-5.297700	15.088000	1
63.859000	169.460000	-6.674300	15.088000	1
63.841000	169.550000	-5.975300	15.088000	1
63.824000	169.640000	-4.941000	15.088000	1
63.806000	169.730000	-5.290200	15.088000	1
66.022000	150.240000	-5.419400	15.845000	1
66.018000	150.340000	-4.752700	15.844000	1
66.014000	150.450000	-2.695600	15.844000	1
66.010000	150.560000	-5.078800	15.844000	1
66.006000	150.670000	-3.719300	15.844000	1
66.001000	150.770000	-2.695300	15.844000	1
65.997000	150.880000	-3.375100	15.844000	1
65.992000	150.990000	-4.751800	15.844000	1
65.988000	151.090000	-3.374800	15.844000	1
65.983000	151.200000	-4.058700	15.844000	1
65.978000	151.310000	-5.417900	15.844000	1
65.973000	151.420000	-4.751200	15.844000	1
65.968000	151.520000	-5.101100	15.844000	1
65.963000	151.630000	-4.748500	15.844000	1
65.958000	151.740000	-5.442200	15.845000	1
65.953000	151.850000	-4.036800	15.844000	1
64.144000	168.210000	-6.120200	15.844000	1
64.128000	168.310000	-5.432400	15.844000	1
64.111000	168.400000	-5.432500	15.844000	1
64.094000	168.490000	-6.105100	15.844000	1
64.077000	168.590000	-5.428900	15.844000	1
64.060000	168.680000	-1.639200	15.844000	1
64.043000	168.770000	-5.770500	15.844000	1
64.026000	168.860000	-4.740300	15.844000	1
64.008000	168.960000	-2.313500	15.844000	1
63.991000	169.050000	-4.049200	15.844000	1
63.974000	169.140000	-3.016100	15.844000	1
63.956000	169.230000	-5.090400	15.844000	1
63.939000	169.320000	-5.005700	15.844000	1
63.921000	169.420000	-5.362600	15.844000	1
63.904000	169.510000	-5.698400	15.844000	1
63.886000	169.600000	-3.636300	15.844000	1
63.869000	169.690000	-5.699300	15.844000	1
63.851000	169.780000	-4.667900	15.844000	1
64.207000	168.170000	-0.691450	16.598000	1
64.190000	168.260000	-5.149100	16.599000	1
64.173000	168.350000	-6.501100	16.598000	1
64.156000	168.450000	-6.508500	16.598000	1
64.139000	168.540000	-8.228600	16.598000	1
64.122000	168.630000	-6.845100	16.598000	1
64.105000	168.730000	-6.162400	16.598000	1
64.088000	168.820000	-4.105300	16.598000	1
64.071000	168.910000	-5.841500	16.598000	1
64.054000	169.000000	-5.123800	16.598000	1
64.036000	169.100000	-2.381700	16.598000	1
64.019000	169.190000	-2.721900	16.598000	1
64.002000	169.280000	-3.756000	16.598000	1
63.984000	169.370000	-6.556100	16.598000	1
63.967000	169.460000	-6.156000	16.598000	1
63.949000	169.560000	-5.758600	16.598000	1
63.931000	169.650000	-5.407500	16.598000	1
63.914000	169.740000	-6.100300	16.599000	1
63.896000	169.830000	-6.088200	16.598000	1
64.253000	168.210000	-2.171600	17.363000	1
64.236000	168.310000	-7.361300	17.363000	1
64.220000	168.400000	-6.643500	17.363000	1
64.203000	168.490000	-8.052000	17.363000	1
64.186000	168.590000	-6.646100	17.363000	1
64.169000	168.680000	-6.986300	17.363000	1
64.152000	168.770000	-8.024600	17.363000	1
64.134000	168.870000	-5.619600	17.363000	1
64.117000	168.960000	-2.543500	17.363000	1
64.100000	169.050000	-3.202600	17.363000	1
64.083000	169.140000	-6.984600	17.363000	1
64.065000	169.240000	-6.987500	17.363000	1
64.048000	169.330000	-7.362700	17.363000	1
64.030000	169.420000	-6.647400	17.363000	1
64.013000	169.510000	-7.335600	17.363000	1
63.995000	169.600000	-5.619500	17.363000	1
63.977000	169.700000	-5.909400	17.363000	1
63.960000	169.790000	-6.257600	17.363000	1
63.942000	169.880000	-6.930900	17.363000	1
64.266000	168.450000	-5.329700	18.124000	1
64.249000	168.540000	-6.686800	18.124000	1
64.232000	168.640000	-2.904800	18.124000	1
64.215000	168.730000	-4.650400	18.124000	1
64.198000	168.820000	-7.044500	18.124000	1
64.181000	168.910000	-8.075400	18.124000	1
64.164000	169.010000	-7.734700	18.124000	1
64.146000	169.100000	-6.694200	18.124000	1
64.129000	169.190000	-6.020100	18.124000	1
64.112000	169.280000	-8.075400	18.124000	1
64.094000	169.380000	-7.040000	18.124000	1
64.076000	169.470000	-6.353600	18.123000	1
64.059000	169.560000	-6.006700	18.124000	1
64.041000	169.650000	-7.013100	18.124000	1
64.023000	169.750000	-5.282600	18.124000	1
64.006000	169.840000	-5.260200	18.124000	1
63.988000	169.930000	-6.296400	18.124000	1