La	Lo	Sig	Theta	Ice
49.069000	147.020000	-3.387100	-18.167000	1
49.103000	147.070000	-2.025300	-18.167000	1
49.137000	147.110000	-1.334700	-18.167000	1
49.171000	147.150000	-0.637900	-18.167000	1
49.204000	147.190000	-2.357900	-18.167000	1
49.238000	147.240000	-2.398800	-18.167000	1
49.272000	147.280000	-1.694500	-18.167000	1
49.305000	147.320000	-2.019100	-18.167000	1
49.339000	147.370000	-2.022500	-18.167000	1
49.373000	147.410000	-1.672700	-18.167000	1
49.406000	147.460000	-4.076300	-18.167000	1
49.440000	147.500000	-4.429600	-18.167000	1
49.473000	147.540000	-3.051300	-18.167000	1
49.507000	147.590000	-1.670600	-18.167000	1
49.541000	147.630000	-2.696700	-18.167000	1
49.574000	147.680000	0.054131	-18.167000	1
49.608000	147.720000	-1.333100	-18.167000	1
49.641000	147.760000	-1.666700	-18.167000	1
49.675000	147.810000	-2.015600	-18.167000	1
49.708000	147.850000	-1.329700	-18.167000	1
49.741000	147.900000	-2.706000	-18.167000	1
49.775000	147.940000	-3.055800	-18.167000	1
49.808000	147.980000	0.051459	-18.167000	1
46.327000	143.430000	-5.564100	-15.133000	1
46.362000	143.470000	-4.149300	-15.133000	1
46.397000	143.510000	-4.488800	-15.133000	1
46.433000	143.550000	-6.559400	-15.133000	1
46.468000	143.590000	-6.558600	-15.133000	1
46.503000	143.620000	-5.874200	-15.133000	1
46.538000	143.660000	-3.109400	-15.133000	1
46.574000	143.700000	-2.759400	-15.133000	1
46.609000	143.740000	-5.170500	-15.133000	1
46.644000	143.780000	-5.523500	-15.133000	1
46.679000	143.820000	-6.217300	-15.133000	1
46.714000	143.860000	-5.876900	-15.133000	1
46.749000	143.890000	-6.205300	-15.133000	1
46.785000	143.930000	-5.870000	-15.133000	1
46.820000	143.970000	-4.831600	-15.133000	1
46.855000	144.010000	-4.481200	-15.133000	1
46.890000	144.050000	-6.551900	-15.133000	1
46.925000	144.090000	-6.905700	-15.133000	1
46.960000	144.130000	-7.242800	-15.133000	1
46.995000	144.170000	-6.218600	-15.133000	1
47.030000	144.210000	-7.592900	-15.133000	1
47.065000	144.250000	-6.895000	-15.133000	1
47.100000	144.290000	-7.244800	-15.133000	1
47.135000	144.320000	-7.584800	-15.133000	1
47.170000	144.360000	-6.902900	-15.133000	1
47.205000	144.400000	-6.203800	-15.133000	1
47.240000	144.440000	-5.865900	-15.133000	1
47.275000	144.480000	-5.878000	-15.133000	1
47.310000	144.520000	-6.900200	-15.133000	1
47.344000	144.560000	-6.557300	-15.133000	1
47.379000	144.600000	-6.209600	-15.133000	1
47.414000	144.640000	-6.223200	-15.133000	1
47.449000	144.680000	-6.559100	-15.133000	1
47.484000	144.720000	-6.209000	-15.134000	1
47.518000	144.760000	-5.848700	-15.134000	1
47.553000	144.800000	-6.538900	-15.134000	1
47.588000	144.840000	-6.538900	-15.134000	1
47.623000	144.880000	-6.904800	-15.134000	1
47.657000	144.920000	-6.538600	-15.134000	1
47.692000	144.960000	-7.569700	-15.134000	1
47.727000	145.000000	-7.595900	-15.134000	1
47.761000	145.040000	-7.912200	-15.134000	1
47.796000	145.080000	-7.257500	-15.134000	1
47.830000	145.120000	-7.213500	-15.134000	1
47.865000	145.170000	-7.257300	-15.134000	1
47.900000	145.210000	-7.596900	-15.134000	1
47.934000	145.250000	-9.274100	-15.134000	1
47.969000	145.290000	-7.596100	-15.134000	1
48.004000	145.330000	-6.905900	-15.134000	1
48.038000	145.370000	-6.220300	-15.134000	1
48.073000	145.410000	-5.879500	-15.134000	1
48.107000	145.450000	-6.564400	-15.134000	1
48.141000	145.490000	-5.185500	-15.134000	1
48.176000	145.530000	-5.863600	-15.134000	1
48.210000	145.570000	-5.830700	-15.134000	1
48.245000	145.620000	-5.489900	-15.134000	1
48.279000	145.660000	-5.139200	-15.134000	1
48.314000	145.700000	-4.845400	-15.134000	1
48.348000	145.740000	-5.185700	-15.134000	1
48.382000	145.780000	-5.141700	-15.134000	1
48.417000	145.820000	-4.451000	-15.134000	1
48.451000	145.860000	-5.140800	-15.134000	1
48.485000	145.910000	-3.759800	-15.134000	1
48.520000	145.950000	-4.496000	-15.134000	1
48.554000	145.990000	-6.202700	-15.134000	1
48.588000	146.030000	-7.256800	-15.134000	1
48.622000	146.070000	-6.877600	-15.135000	1
48.656000	146.120000	-6.520500	-15.134000	1
48.691000	146.160000	-4.484700	-15.135000	1
48.725000	146.200000	-6.555200	-15.135000	1
48.759000	146.240000	-6.200900	-15.134000	1
48.793000	146.280000	-6.218200	-15.134000	1
48.827000	146.330000	-8.961700	-15.135000	1
48.861000	146.370000	-8.587500	-15.135000	1
48.895000	146.410000	-5.145300	-15.135000	1
48.929000	146.450000	-5.490200	-15.135000	1
48.964000	146.500000	-5.495300	-15.135000	1
48.998000	146.540000	-4.832900	-15.135000	1
49.032000	146.580000	-6.868100	-15.135000	1
49.066000	146.620000	-7.256400	-15.135000	1
49.099000	146.670000	-4.847500	-15.135000	1
49.133000	146.710000	-5.519400	-15.135000	1
49.167000	146.750000	-4.828800	-15.135000	1
49.201000	146.800000	-3.788000	-15.135000	1
49.235000	146.840000	-4.495200	-15.135000	1
49.269000	146.880000	-1.363000	-15.135000	1
49.303000	146.920000	-1.404700	-15.135000	1
49.337000	146.970000	0.336700	-15.135000	1
49.437000	147.000000	-0.564290	-14.382000	1
49.470000	147.040000	-0.903290	-14.382000	1
49.504000	147.090000	-0.567270	-14.381000	1
49.538000	147.130000	2.208700	-14.382000	1
49.572000	147.170000	3.571400	-14.382000	1
49.605000	147.220000	2.209400	-14.382000	1
49.639000	147.260000	1.502100	-14.382000	1
49.673000	147.300000	0.458540	-14.382000	1
49.707000	147.350000	-1.255100	-14.382000	1
49.740000	147.390000	1.192200	-14.382000	1
49.774000	147.440000	0.799040	-14.382000	1
49.807000	147.480000	0.489950	-14.382000	1
49.841000	147.520000	1.181700	-14.382000	1
49.875000	147.570000	1.182000	-14.382000	1
49.908000	147.610000	-2.279400	-14.382000	1
49.942000	147.660000	0.148910	-14.382000	1
49.198000	146.600000	1.877500	-13.625000	1
49.232000	146.640000	1.881800	-13.625000	1
49.266000	146.680000	1.514600	-13.625000	1
49.300000	146.730000	-2.616000	-13.625000	1
49.334000	146.770000	-3.290400	-13.625000	1
49.367000	146.810000	-0.191950	-13.625000	1
49.401000	146.860000	0.496210	-13.625000	1
49.435000	146.900000	1.876800	-13.625000	1
49.469000	146.940000	3.257300	-13.625000	1
49.503000	146.990000	-0.831100	-13.625000	1
49.537000	147.030000	2.225600	-13.625000	1
49.570000	147.070000	1.514600	-13.625000	1
49.604000	147.120000	-0.173910	-13.625000	1
49.638000	147.160000	2.218200	-13.625000	1
49.672000	147.210000	1.537700	-13.625000	1
49.705000	147.250000	2.607400	-13.625000	1
49.739000	147.290000	-1.220200	-13.625000	1
49.773000	147.340000	3.600500	-13.625000	1
49.806000	147.380000	-1.223200	-13.625000	1
49.840000	147.430000	-3.591900	-13.625000	1
49.874000	147.470000	1.191600	-13.625000	1
49.907000	147.510000	-0.872110	-13.625000	1
49.941000	147.560000	0.889410	-13.625000	1
49.974000	147.600000	-1.555200	-13.625000	1
50.008000	147.650000	0.852750	-13.625000	1
50.041000	147.690000	0.196940	-13.625000	1
50.075000	147.740000	1.539700	-13.625000	1
48.305000	145.410000	-4.335600	-12.865000	1
48.339000	145.450000	-4.008700	-12.865000	1
48.374000	145.490000	-4.348300	-12.865000	1
48.408000	145.530000	-3.657600	-12.865000	1
48.443000	145.570000	-3.657000	-12.865000	1
48.477000	145.620000	-4.341000	-12.865000	1
48.512000	145.660000	-4.665400	-12.865000	1
48.546000	145.700000	-3.653800	-12.866000	1
48.580000	145.740000	-3.281900	-12.865000	1
48.615000	145.780000	-4.003300	-12.866000	1
48.649000	145.820000	-4.667100	-12.866000	1
48.683000	145.870000	-3.305100	-12.865000	1
48.718000	145.910000	-5.025300	-12.866000	1
48.752000	145.950000	-3.304700	-12.865000	1
48.786000	145.990000	-4.334800	-12.866000	1
48.820000	146.030000	-3.305100	-12.866000	1
48.855000	146.080000	-3.284000	-12.866000	1
48.889000	146.120000	-6.034300	-12.866000	1
48.923000	146.160000	-4.351200	-12.866000	1
48.957000	146.200000	-3.996900	-12.866000	1
48.991000	146.250000	-5.040500	-12.866000	1
49.026000	146.290000	-3.646000	-12.866000	1
49.060000	146.330000	-3.281500	-12.866000	1
49.094000	146.370000	-5.353700	-12.866000	1
49.128000	146.420000	-3.658700	-12.866000	1
49.162000	146.460000	-2.247300	-12.866000	1
49.196000	146.500000	2.543600	-12.866000	1
49.230000	146.540000	-0.553670	-12.866000	1
49.264000	146.590000	2.204600	-12.866000	1
49.298000	146.630000	-1.889900	-12.866000	1
49.332000	146.670000	-1.545600	-12.866000	1
49.366000	146.720000	0.163550	-12.866000	1
49.400000	146.760000	-1.923800	-12.866000	1
49.434000	146.800000	2.547000	-12.866000	1
49.467000	146.850000	3.272100	-12.866000	1
49.501000	146.890000	-0.854830	-12.866000	1
49.535000	146.930000	-2.252300	-12.866000	1
49.569000	146.980000	3.269900	-12.866000	1
49.603000	147.020000	3.585100	-12.866000	1
49.637000	147.060000	3.609300	-12.866000	1
49.670000	147.110000	2.919700	-12.866000	1
49.704000	147.150000	0.163720	-12.866000	1
49.738000	147.190000	-2.221000	-12.866000	1
49.772000	147.240000	-0.865990	-12.866000	1
49.805000	147.280000	2.217600	-12.866000	1
49.839000	147.330000	-1.210800	-12.866000	1
49.873000	147.370000	-0.219980	-12.866000	1
49.906000	147.410000	3.262100	-12.866000	1
49.940000	147.460000	0.519970	-12.866000	1
49.973000	147.500000	-2.222300	-12.866000	1
50.007000	147.550000	2.934700	-12.866000	1
50.040000	147.590000	3.953600	-12.866000	1
48.371000	145.400000	-4.298100	-12.106000	1
48.405000	145.440000	-3.251200	-12.106000	1
48.440000	145.480000	-4.623300	-12.106000	1
48.474000	145.520000	-3.946400	-12.106000	1
48.509000	145.560000	-3.599700	-12.106000	1
48.543000	145.600000	-3.945800	-12.106000	1
48.578000	145.640000	-3.591600	-12.106000	1
48.612000	145.690000	-3.241700	-12.106000	1
48.646000	145.730000	-3.242300	-12.106000	1
48.681000	145.770000	-4.273600	-12.106000	1
48.715000	145.810000	-2.904600	-12.106000	1
48.749000	145.850000	-3.244400	-12.106000	1
48.784000	145.900000	-3.258000	-12.106000	1
48.818000	145.940000	-3.244000	-12.106000	1
48.852000	145.980000	-4.631700	-12.106000	1
48.886000	146.020000	-3.593600	-12.106000	1
48.920000	146.060000	-3.593300	-12.106000	1
48.955000	146.110000	-3.249800	-12.106000	1
48.989000	146.150000	-8.769500	-12.106000	1
49.023000	146.190000	-6.349000	-12.106000	1
49.057000	146.230000	-1.527500	-12.106000	1
49.091000	146.280000	-2.217100	-12.106000	1
49.126000	146.320000	0.897700	-12.106000	1
49.160000	146.360000	1.928300	-12.106000	1
49.194000	146.400000	1.929000	-12.107000	1
49.228000	146.450000	1.247000	-12.106000	1
49.262000	146.490000	0.907150	-12.107000	1
49.296000	146.530000	-0.838560	-12.106000	1
49.330000	146.570000	-3.583700	-12.106000	1
49.364000	146.620000	-3.233100	-12.107000	1
49.398000	146.660000	1.220200	-12.106000	1
49.432000	146.700000	0.884490	-12.107000	1
49.466000	146.750000	2.605000	-12.107000	1
49.500000	146.790000	4.325600	-12.107000	1
49.533000	146.830000	6.046000	-12.107000	1
49.567000	146.880000	0.900060	-12.107000	1
49.601000	146.920000	2.253800	-12.106000	1
49.635000	146.960000	2.253400	-12.107000	1
49.669000	147.010000	3.631100	-12.107000	1
49.703000	147.050000	5.351600	-12.107000	1
49.736000	147.100000	3.291900	-12.107000	1
49.770000	147.140000	-1.836700	-12.107000	1
49.804000	147.180000	-3.921900	-12.107000	1
49.838000	147.230000	-0.141040	-12.107000	1
49.871000	147.270000	1.587100	-12.107000	1
49.905000	147.310000	4.347600	-12.107000	1
49.939000	147.360000	-1.503100	-12.107000	1
49.972000	147.400000	0.910410	-12.107000	1
50.006000	147.450000	-1.879500	-12.107000	1
50.039000	147.490000	1.585000	-12.107000	1
50.073000	147.540000	3.291600	-12.107000	1
50.106000	147.580000	1.585800	-12.107000	1
48.505000	145.470000	-3.900400	-11.353000	1
48.540000	145.510000	-3.546100	-11.353000	1
48.574000	145.550000	-2.179600	-11.353000	1
48.609000	145.590000	-3.545700	-11.353000	1
48.643000	145.630000	-3.549400	-11.353000	1
48.677000	145.670000	-2.178900	-11.353000	1
48.712000	145.720000	-2.868800	-11.353000	1
48.746000	145.760000	-2.481800	-11.353000	1
48.780000	145.800000	-1.794500	-11.353000	1
48.815000	145.840000	-3.902400	-11.353000	1
48.849000	145.880000	-2.834200	-11.353000	1
48.883000	145.930000	-2.517800	-11.353000	1
48.917000	145.970000	-3.901600	-11.353000	1
48.952000	146.010000	-4.900100	-11.353000	1
48.986000	146.050000	-4.209600	-11.353000	1
49.020000	146.090000	-4.926900	-11.353000	1
49.054000	146.140000	-2.832600	-11.353000	1
49.089000	146.180000	1.259900	-11.353000	1
49.123000	146.220000	1.645400	-11.353000	1
49.157000	146.260000	-1.828100	-11.354000	1
49.191000	146.310000	-0.082148	-11.354000	1
49.225000	146.350000	0.258520	-11.354000	1
49.259000	146.390000	1.291400	-11.354000	1
49.293000	146.430000	2.672100	-11.354000	1
49.327000	146.480000	3.022600	-11.354000	1
49.361000	146.520000	4.053100	-11.354000	1
49.395000	146.560000	0.262640	-11.354000	1
49.429000	146.610000	-1.454000	-11.354000	1
49.463000	146.650000	0.610310	-11.354000	1
49.497000	146.690000	4.740900	-11.354000	1
49.531000	146.740000	1.987400	-11.354000	1
49.565000	146.780000	-0.768570	-11.354000	1
49.599000	146.820000	1.979700	-11.354000	1
49.633000	146.870000	5.422500	-11.354000	1
49.667000	146.910000	1.296600	-11.354000	1
49.700000	146.950000	3.335500	-11.354000	1
49.734000	147.000000	3.020400	-11.354000	1
49.768000	147.040000	2.338400	-11.354000	1
49.802000	147.080000	1.294100	-11.354000	1
49.836000	147.130000	-0.081783	-11.354000	1
49.869000	147.170000	-2.145400	-11.354000	1
49.903000	147.220000	1.982900	-11.354000	1
49.937000	147.260000	4.055700	-11.354000	1
49.971000	147.300000	3.362300	-11.354000	1
50.004000	147.350000	-0.076093	-11.354000	1
50.038000	147.390000	-1.460000	-11.354000	1
50.071000	147.440000	-2.150500	-11.354000	1
50.105000	147.480000	-2.491100	-11.354000	1
50.139000	147.530000	2.334000	-11.354000	1
50.172000	147.570000	1.641900	-11.354000	1
50.206000	147.610000	5.084800	-11.354000	1
50.239000	147.660000	4.048900	-11.354000	1
48.502000	145.370000	-3.822800	-10.593000	1
48.536000	145.410000	-2.456800	-10.593000	1
48.571000	145.450000	-2.107300	-10.593000	1
48.605000	145.490000	-2.799700	-10.593000	1
48.640000	145.540000	-2.803300	-10.593000	1
48.674000	145.580000	-2.105400	-10.593000	1
48.709000	145.620000	-2.455100	-10.593000	1
48.743000	145.660000	-1.414800	-10.593000	1
48.777000	145.700000	-2.462300	-10.593000	1
48.812000	145.740000	-2.462100	-10.593000	1
48.846000	145.790000	-2.108400	-10.593000	1
48.880000	145.830000	-3.829100	-10.593000	1
48.915000	145.870000	-3.835600	-10.593000	1
48.949000	145.910000	-3.490100	-10.593000	1
48.983000	145.960000	-2.797500	-10.593000	1
49.017000	146.000000	-3.147100	-10.593000	1
49.052000	146.040000	-4.866900	-10.593000	1
49.086000	146.080000	1.678300	-10.593000	1
49.120000	146.120000	1.334900	-10.593000	1
49.154000	146.170000	-0.730780	-10.593000	1
49.189000	146.210000	-1.417100	-10.594000	1
49.868000	147.070000	-0.040300	-10.594000	1
49.901000	147.120000	-1.063200	-10.594000	1
49.935000	147.160000	4.439100	-10.594000	1
49.969000	147.210000	2.375600	-10.594000	1
50.003000	147.250000	-1.404300	-10.594000	1
50.036000	147.290000	-1.063900	-10.594000	1
50.070000	147.340000	-2.107400	-10.594000	1
50.104000	147.380000	-1.403100	-10.594000	1
50.137000	147.430000	0.991240	-10.594000	1
50.171000	147.470000	0.989740	-10.594000	1
50.204000	147.520000	0.985370	-10.594000	1
50.238000	147.560000	4.440400	-10.594000	1
48.429000	145.190000	-2.770600	-9.837600	1
48.464000	145.230000	-2.463700	-9.837700	1
48.498000	145.280000	-1.729300	-9.837600	1
48.533000	145.320000	-1.049000	-9.837700	1
48.567000	145.360000	-2.769000	-9.837700	1
48.602000	145.400000	-2.078600	-9.837700	1
48.636000	145.440000	-1.432700	-9.837700	1
48.671000	145.480000	-2.435800	-9.837800	1
48.705000	145.520000	-2.081900	-9.837700	1
48.740000	145.570000	-0.361450	-9.837800	1
48.774000	145.610000	-0.701270	-9.837800	1
48.808000	145.650000	-2.081200	-9.837700	1
48.843000	145.690000	-1.390900	-9.837900	1
48.877000	145.730000	-2.783300	-9.837700	1
48.911000	145.770000	-1.406700	-9.837900	1
48.946000	145.820000	-1.746700	-9.837800	1
48.980000	145.860000	-2.097400	-9.837800	1
49.014000	145.900000	-3.847800	-9.837800	1
49.049000	145.940000	-2.435800	-9.837800	1
49.083000	145.990000	-2.773000	-9.837800	1
49.117000	146.030000	-3.462600	-9.837900	1
49.151000	146.070000	-2.434300	-9.837900	1
49.186000	146.110000	-3.111500	-9.837900	1
49.220000	146.160000	-2.759300	-9.838000	1
49.254000	146.200000	-2.754900	-9.838000	1
49.288000	146.240000	-0.376260	-9.838200	1
49.322000	146.280000	0.669640	-9.838000	1
49.866000	146.980000	1.375200	-9.838200	1
49.899000	147.020000	2.038000	-9.838300	1
49.933000	147.060000	-0.688030	-9.838300	1
49.967000	147.110000	-0.344660	-9.838300	1
50.001000	147.150000	-0.348900	-9.838400	1
50.034000	147.200000	-1.037100	-9.838400	1
50.068000	147.240000	-0.346640	-9.838300	1
50.102000	147.280000	0.000005	-9.838400	1
50.135000	147.330000	1.030500	-9.838500	1
50.169000	147.370000	5.142400	-9.838300	1
50.203000	147.420000	4.139000	-9.838600	1
50.236000	147.460000	3.073100	-9.838300	1
48.460000	145.140000	-2.122800	-9.083900	1
48.494000	145.180000	-3.162300	-9.084000	1
48.529000	145.220000	-2.121900	-9.083900	1
48.563000	145.260000	0.278550	-9.084000	1
48.598000	145.300000	-0.407450	-9.084000	1
48.632000	145.350000	-1.441100	-9.084000	1
48.667000	145.390000	-1.780900	-9.084000	1
48.701000	145.430000	-1.090900	-9.084100	1
48.736000	145.470000	-1.447800	-9.084000	1
48.770000	145.510000	-1.436500	-9.084100	1
48.805000	145.550000	-1.093900	-9.084100	1
48.839000	145.600000	-0.746020	-9.084000	1
48.874000	145.640000	-0.759550	-9.084200	1
48.908000	145.680000	-0.759450	-9.084000	1
48.942000	145.720000	-2.129300	-9.084200	1
48.977000	145.760000	-1.789100	-9.084100	1
49.011000	145.810000	-2.115000	-9.084100	1
49.045000	145.850000	-1.435300	-9.084100	1
49.080000	145.890000	-1.085600	-9.084100	1
49.114000	145.930000	-1.101500	-9.084100	1
49.148000	145.970000	-0.743310	-9.084200	1
49.182000	146.020000	-1.086700	-9.084100	1
49.217000	146.060000	-1.086100	-9.084200	1
49.251000	146.100000	-0.741650	-9.084300	1
49.285000	146.140000	-2.465100	-9.084300	1
49.319000	146.190000	-1.430500	-9.084400	1
49.353000	146.230000	1.683600	-9.084300	1
49.387000	146.270000	-0.726780	-9.084400	1
49.421000	146.320000	0.287120	-9.084400	1
49.931000	146.970000	1.683000	-9.084500	1
49.965000	147.010000	5.123500	-9.084600	1
49.999000	147.050000	1.669900	-9.084600	1
50.032000	147.100000	-0.036435	-9.084600	1
50.066000	147.140000	-1.413200	-9.084700	1
50.100000	147.190000	-1.417400	-9.084600	1
50.133000	147.230000	2.359000	-9.084600	1
50.167000	147.270000	1.329300	-9.084700	1
50.201000	147.320000	1.342000	-9.084600	1
50.234000	147.360000	4.436400	-9.084800	1
50.268000	147.410000	0.640330	-9.084600	1
50.302000	147.450000	3.757100	-9.084800	1
48.490000	145.090000	-2.551600	-8.328300	1
48.525000	145.130000	-2.551200	-8.328300	1
48.559000	145.170000	-2.551000	-8.328200	1
48.594000	145.210000	-2.210700	-8.328300	1
48.628000	145.250000	-0.830340	-8.328400	1
48.663000	145.290000	-2.564100	-8.328400	1
48.698000	145.330000	-0.829870	-8.328400	1
48.732000	145.380000	-2.172100	-8.328400	1
48.767000	145.420000	-0.829610	-8.328400	1
48.801000	145.460000	0.553660	-8.328400	1
48.836000	145.500000	-0.139060	-8.328500	1
48.870000	145.540000	-1.485200	-8.328300	1
48.904000	145.580000	-0.818610	-8.328600	1
48.939000	145.630000	-0.454700	-8.328300	1
48.973000	145.670000	-1.834400	-8.328600	1
49.007000	145.710000	-1.144200	-8.328500	1
49.042000	145.750000	-3.591700	-8.328500	1
49.076000	145.790000	-3.241200	-8.328400	1
49.110000	145.840000	0.212700	-8.328400	1
49.145000	145.880000	-0.137700	-8.328500	1
49.179000	145.920000	-0.796080	-8.328600	1
49.213000	145.960000	-0.139400	-8.328500	1
49.248000	146.010000	-1.491400	-8.328500	1
49.282000	146.050000	-1.484600	-8.328700	1
49.316000	146.090000	-1.144000	-8.328600	1
49.350000	146.130000	-0.113300	-8.328800	1
49.384000	146.180000	-0.112810	-8.328600	1
49.418000	146.220000	-1.148700	-8.328800	1
49.453000	146.260000	-0.792730	-8.328800	1
49.962000	146.910000	2.986400	-8.328900	1
49.996000	146.960000	3.351900	-8.328900	1
50.030000	147.000000	6.054700	-8.328900	1
50.064000	147.040000	0.895000	-8.328900	1
50.098000	147.090000	-0.111130	-8.329000	1
50.131000	147.130000	-1.141700	-8.328900	1
50.165000	147.180000	2.290500	-8.329000	1
50.199000	147.220000	4.016500	-8.329100	1
50.232000	147.260000	6.086800	-8.328900	1
50.266000	147.310000	1.233400	-8.329100	1
50.300000	147.350000	1.267400	-8.328900	1
50.333000	147.400000	4.031800	-8.329100	1
50.367000	147.440000	2.312100	-8.329000	1
50.401000	147.490000	1.234800	-8.329000	1
48.417000	144.910000	-2.504800	-7.572200	1
48.451000	144.950000	-2.504000	-7.572300	1
48.486000	144.990000	-1.449600	-7.572300	1
48.520000	145.030000	-1.789900	-7.572300	1
48.555000	145.070000	-1.102700	-7.572400	1
48.590000	145.120000	-0.762460	-7.572300	1
48.624000	145.160000	-1.102200	-7.572400	1
48.659000	145.200000	-0.761960	-7.572400	1
48.694000	145.240000	-0.071672	-7.572400	1
48.728000	145.280000	-1.101500	-7.572400	1
48.763000	145.320000	-0.761160	-7.572500	1
48.797000	145.360000	-0.070948	-7.572400	1
48.832000	145.410000	-0.420920	-7.572500	1
48.866000	145.450000	0.612290	-7.572500	1
48.901000	145.490000	-0.430520	-7.572400	1
48.935000	145.530000	-0.423980	-7.572600	1
48.969000	145.570000	-0.430130	-7.572300	1
49.004000	145.610000	-0.769790	-7.572600	1
49.038000	145.660000	-1.103300	-7.572500	1
49.073000	145.700000	-1.792900	-7.572500	1
49.107000	145.740000	-1.108700	-7.572400	1
49.141000	145.780000	-1.108300	-7.572400	1
49.176000	145.830000	-0.078282	-7.572500	1
49.210000	145.870000	-0.084851	-7.572600	1
49.244000	145.910000	-0.437120	-7.572500	1
49.278000	145.950000	-0.770430	-7.572600	1
49.313000	146.000000	-0.079822	-7.572700	1
49.347000	146.040000	-0.429300	-7.572600	1
49.381000	146.080000	0.945160	-7.572800	1
49.415000	146.120000	-0.434440	-7.572600	1
49.449000	146.170000	-0.077585	-7.572800	1
49.484000	146.210000	-0.439630	-7.572800	1
49.518000	146.250000	-0.089974	-7.572600	1
48.516000	144.940000	-1.249000	-6.818600	1
48.551000	144.980000	-0.219270	-6.818700	1
48.585000	145.020000	0.130300	-6.818700	1
48.620000	145.060000	0.481660	-6.818600	1
48.655000	145.100000	0.468210	-6.818700	1
48.689000	145.150000	-0.897830	-6.818700	1
48.724000	145.190000	-0.547580	-6.818700	1
48.758000	145.230000	0.142720	-6.818700	1
48.793000	145.270000	1.513000	-6.818800	1
48.828000	145.310000	0.483220	-6.818700	1
48.862000	145.350000	-0.206570	-6.818800	1
48.897000	145.390000	0.832920	-6.818800	1
48.931000	145.440000	0.475940	-6.818700	1
48.966000	145.480000	-0.906150	-6.818900	1
49.000000	145.520000	-0.906090	-6.818700	1
49.034000	145.560000	0.134440	-6.818900	1
49.069000	145.600000	-0.208980	-6.818800	1
49.103000	145.650000	-0.554840	-6.818800	1
49.138000	145.690000	0.135550	-6.818800	1
49.172000	145.730000	0.135930	-6.818700	1
49.206000	145.770000	0.826210	-6.818800	1
49.241000	145.810000	-0.570410	-6.818900	1
49.275000	145.860000	-0.216700	-6.818800	1
49.309000	145.900000	-0.232440	-6.818900	1
49.343000	145.940000	1.488200	-6.819000	1
49.378000	145.980000	0.482390	-6.818900	1
49.412000	146.030000	0.809240	-6.819100	1
49.446000	146.070000	0.809700	-6.819000	1
49.480000	146.110000	0.120300	-6.819100	1
49.515000	146.160000	1.864600	-6.819100	1
48.442000	144.760000	-0.815870	-6.064700	1
48.477000	144.800000	-0.815230	-6.064500	1
48.512000	144.850000	-0.814590	-6.064600	1
48.546000	144.890000	1.255900	-6.064600	1
48.581000	144.930000	1.945900	-6.064700	1
48.616000	144.970000	1.945500	-6.064700	1
48.650000	145.010000	0.926510	-6.064600	1
48.685000	145.050000	0.926810	-6.064700	1
48.720000	145.090000	0.927080	-6.064700	1
48.754000	145.130000	-0.442740	-6.064700	1
48.789000	145.180000	-0.792490	-6.064700	1
48.823000	145.220000	0.927840	-6.064700	1
48.858000	145.260000	0.588050	-6.064700	1
48.892000	145.300000	0.248290	-6.064700	1
48.927000	145.340000	1.278000	-6.064800	1
48.961000	145.380000	0.927320	-6.064600	1
48.996000	145.430000	1.268700	-6.064800	1
49.030000	145.470000	1.268900	-6.064600	1
49.065000	145.510000	-0.110660	-6.064800	1
49.099000	145.550000	-0.450350	-6.064700	1
49.134000	145.590000	0.240070	-6.064800	1
49.168000	145.630000	-0.465880	-6.064700	1
49.202000	145.680000	-1.489300	-6.064700	1
49.237000	145.720000	0.905030	-6.064700	1
49.271000	145.760000	0.224750	-6.064800	1
49.306000	145.800000	0.920640	-6.064800	1
49.340000	145.850000	0.238690	-6.064800	1
49.374000	145.890000	0.902990	-6.064900	1
49.408000	145.930000	0.563470	-6.064900	1
49.443000	145.970000	1.944100	-6.065000	1
49.477000	146.020000	1.944500	-6.064900	1
49.511000	146.060000	0.565090	-6.065000	1
49.545000	146.100000	0.609260	-6.065000	1
49.579000	146.150000	6.459500	-6.064900	1
50.124000	146.840000	4.031600	-6.065100	1
50.158000	146.880000	2.652000	-6.065100	1
50.191000	146.930000	5.066200	-6.065200	1
50.225000	146.970000	3.692800	-6.065100	1
50.259000	147.020000	7.136700	-6.065100	1
50.293000	147.060000	3.349900	-6.065200	1
50.327000	147.100000	1.621900	-6.065000	1
50.360000	147.150000	4.384200	-6.065300	1
50.394000	147.190000	1.974300	-6.065000	1
50.428000	147.240000	2.314800	-6.065200	1
50.461000	147.280000	3.345200	-6.065200	1
50.495000	147.330000	6.789300	-6.065200	1
50.529000	147.370000	9.542300	-6.065300	1
50.562000	147.420000	8.852600	-6.065100	1
48.403000	144.630000	-1.558800	-5.310200	1
48.437000	144.670000	-0.504370	-5.310200	1
48.472000	144.710000	0.526430	-5.310200	1
48.507000	144.750000	2.247000	-5.310100	1
48.542000	144.790000	0.187400	-5.310200	1
48.576000	144.830000	1.217800	-5.310200	1
48.611000	144.870000	3.627800	-5.310200	1
48.646000	144.920000	1.891000	-5.310300	1
48.680000	144.960000	1.214800	-5.310200	1
48.715000	145.000000	1.888800	-5.310300	1
48.750000	145.040000	1.199100	-5.310300	1
48.784000	145.080000	1.199300	-5.310300	1
48.819000	145.120000	1.199600	-5.310300	1
48.854000	145.160000	1.889900	-5.310300	1
48.888000	145.210000	2.920100	-5.310300	1
48.923000	145.250000	1.890300	-5.310300	1
48.957000	145.290000	2.273700	-5.310400	1
48.992000	145.330000	2.623000	-5.310200	1
49.026000	145.370000	2.917200	-5.310400	1
49.061000	145.410000	1.931000	-5.310200	1
49.095000	145.460000	1.591500	-5.310400	1
49.130000	145.500000	1.931800	-5.310300	1
49.164000	145.540000	1.932100	-5.310300	1
49.199000	145.580000	1.242500	-5.310300	1
49.233000	145.620000	1.592900	-5.310200	1
49.267000	145.670000	2.623400	-5.310300	1
49.302000	145.710000	2.273000	-5.310400	1
49.336000	145.750000	-0.127470	-5.310300	1
49.370000	145.790000	1.930700	-5.310400	1
49.405000	145.840000	2.935000	-5.310500	1
49.439000	145.880000	1.241700	-5.310400	1
49.473000	145.920000	3.286100	-5.310600	1
49.508000	145.960000	1.242800	-5.310400	1
49.542000	146.010000	2.937000	-5.310600	1
49.576000	146.050000	7.757500	-5.310600	1
49.610000	146.090000	0.891210	-5.310400	1
50.223000	146.870000	11.224000	-5.310700	1
50.256000	146.920000	4.004500	-5.310600	1
50.290000	146.960000	5.724600	-5.310600	1
50.324000	147.010000	4.684300	-5.310700	1
50.358000	147.050000	6.063700	-5.310500	1
50.392000	147.100000	2.272200	-5.310800	1
50.425000	147.140000	2.622400	-5.310600	1
50.459000	147.180000	1.926500	-5.310700	1
50.493000	147.230000	3.313200	-5.310700	1
50.526000	147.270000	11.217000	-5.310700	1
50.560000	147.320000	10.528000	-5.310800	1
50.594000	147.360000	10.522000	-5.310600	1
50.627000	147.410000	11.562000	-5.310800	1
50.661000	147.450000	7.087400	-5.310700	1
50.695000	147.500000	4.676900	-5.310800	1
50.728000	147.540000	1.239100	-5.310800	1
50.762000	147.590000	1.589600	-5.310900	1
50.795000	147.630000	1.589800	-5.310800	1
50.829000	147.680000	8.810400	-5.311000	1
50.862000	147.720000	5.384200	-5.310800	1
50.896000	147.770000	8.121000	-5.310900	1
50.929000	147.810000	10.895000	-5.310900	1
50.963000	147.860000	9.851000	-5.310900	1
48.398000	144.540000	0.021218	-4.555800	1
48.432000	144.580000	-1.001600	-4.555900	1
48.467000	144.620000	-1.007300	-4.556000	1
48.502000	144.660000	3.123600	-4.556000	1
48.537000	144.700000	6.223900	-4.555900	1
48.572000	144.740000	2.434300	-4.555900	1
48.606000	144.780000	0.738060	-4.555900	1
48.641000	144.820000	4.867700	-4.556000	1
48.676000	144.860000	2.431400	-4.556000	1
48.711000	144.900000	1.401600	-4.555900	1
48.745000	144.950000	2.805600	-4.556000	1
48.780000	144.990000	1.425900	-4.556000	1
48.815000	145.030000	3.496200	-4.556000	1
48.849000	145.070000	2.806500	-4.556000	1
48.884000	145.110000	2.456700	-4.556100	1
48.918000	145.150000	2.457000	-4.556000	1
48.953000	145.190000	1.427000	-4.556100	1
48.988000	145.240000	2.116400	-4.556100	1
49.022000	145.280000	2.803700	-4.556000	1
49.057000	145.320000	2.117700	-4.556100	1
49.091000	145.360000	2.804300	-4.555900	1
49.126000	145.400000	2.454700	-4.556100	1
49.160000	145.450000	3.498600	-4.556100	1
49.195000	145.490000	2.809000	-4.556100	1
49.229000	145.530000	2.809400	-4.556000	1
49.263000	145.570000	3.839700	-4.556000	1
49.298000	145.610000	4.179700	-4.556000	1
49.332000	145.660000	3.499400	-4.556100	1
49.367000	145.700000	2.440700	-4.556100	1
49.401000	145.740000	2.807500	-4.556100	1
49.435000	145.780000	3.148100	-4.556200	1
49.470000	145.830000	2.442200	-4.556200	1
49.504000	145.870000	2.792800	-4.556300	1
49.538000	145.910000	3.483200	-4.556200	1
49.572000	145.950000	4.513800	-4.556300	1
49.607000	146.000000	3.484200	-4.556300	1
49.641000	146.040000	3.507400	-4.556200	1
49.675000	146.080000	3.507200	-4.556300	1
50.254000	146.820000	9.357200	-4.556400	1
50.288000	146.870000	3.151000	-4.556300	1
50.321000	146.910000	6.274300	-4.556300	1
50.355000	146.950000	4.553900	-4.556400	1
50.389000	147.000000	9.021900	-4.556200	1
50.423000	147.040000	6.272400	-4.556500	1
50.457000	147.090000	5.582600	-4.556300	1
50.490000	147.130000	7.643100	-4.556400	1
50.524000	147.180000	9.023400	-4.556400	1
50.558000	147.220000	9.373800	-4.556400	1
50.591000	147.270000	9.714200	-4.556500	1
50.625000	147.310000	12.108000	-4.556300	1
50.659000	147.350000	12.814000	-4.556400	1
50.692000	147.400000	7.307000	-4.556400	1
50.726000	147.440000	7.621700	-4.556400	1
50.760000	147.490000	6.615700	-4.556400	1
50.793000	147.530000	2.836000	-4.556500	1
50.827000	147.580000	4.182800	-4.556500	1
50.860000	147.630000	3.526800	-4.556600	1
50.894000	147.670000	5.587000	-4.556500	1
50.927000	147.720000	9.377400	-4.556600	1
50.961000	147.760000	13.158000	-4.556600	1
50.994000	147.810000	11.097000	-4.556500	1
48.393000	144.440000	2.611900	-3.800800	1
48.428000	144.480000	1.922500	-3.800700	1
48.462000	144.520000	2.273200	-3.800800	1
48.497000	144.570000	2.964000	-3.800800	1
48.532000	144.610000	5.714500	-3.800900	1
48.567000	144.650000	6.404900	-3.800800	1
48.602000	144.690000	8.125300	-3.800800	1
48.636000	144.730000	7.774900	-3.800800	1
48.671000	144.770000	7.434500	-3.800800	1
48.706000	144.810000	8.122400	-3.800900	1
48.741000	144.850000	2.612500	-3.800800	1
48.775000	144.890000	3.306500	-3.800900	1
48.810000	144.930000	2.276800	-3.800900	1
48.845000	144.980000	4.687100	-3.800900	1
48.879000	145.020000	3.647400	-3.800900	1
48.914000	145.060000	3.647700	-3.800900	1
48.949000	145.100000	3.647900	-3.800900	1
48.983000	145.140000	3.997400	-3.800900	1
49.018000	145.180000	3.646800	-3.800900	1
49.052000	145.220000	4.684700	-3.800800	1
49.087000	145.270000	4.318600	-3.801000	1
49.121000	145.310000	3.978800	-3.800800	1
49.156000	145.350000	5.349300	-3.801000	1
49.190000	145.390000	4.669600	-3.800900	1
49.225000	145.430000	3.629900	-3.800900	1
49.259000	145.480000	3.980300	-3.800900	1
49.294000	145.520000	3.630300	-3.800800	1
49.328000	145.560000	3.980000	-3.800900	1
49.363000	145.600000	4.323200	-3.800900	1
49.397000	145.650000	5.007900	-3.800900	1
49.431000	145.690000	4.321900	-3.800900	1
49.466000	145.730000	4.319000	-3.801100	1
49.500000	145.770000	5.703000	-3.801000	1
49.535000	145.820000	5.703600	-3.801200	1
49.569000	145.860000	4.323900	-3.801000	1
49.603000	145.900000	4.674500	-3.801100	1
49.637000	145.940000	5.014400	-3.801100	1
49.672000	145.990000	3.634000	-3.801000	1
49.706000	146.030000	5.025300	-3.801100	1
48.388000	144.350000	1.533500	-3.045200	1
48.422000	144.390000	3.594400	-3.045400	1
48.457000	144.430000	3.595000	-3.045300	1
48.492000	144.470000	4.625800	-3.045300	1
48.527000	144.510000	4.976300	-3.045400	1
48.562000	144.550000	5.666800	-3.045400	1
48.597000	144.590000	6.697100	-3.045300	1
48.632000	144.640000	7.710200	-3.045300	1
48.666000	144.680000	4.959800	-3.045400	1
48.701000	144.720000	8.074200	-3.045400	1
48.736000	144.760000	5.648000	-3.045500	1
48.771000	144.800000	4.268200	-3.045300	1
48.805000	144.840000	4.958600	-3.045400	1
48.840000	144.880000	4.608900	-3.045400	1
48.875000	144.920000	4.959300	-3.045400	1
48.910000	144.960000	5.299600	-3.045400	1
48.944000	145.010000	4.959900	-3.045500	1
48.979000	145.050000	5.649500	-3.045400	1
49.013000	145.090000	5.648900	-3.045400	1
49.048000	145.130000	4.970100	-3.045500	1
49.083000	145.170000	5.647000	-3.045400	1
49.117000	145.210000	5.660800	-3.045500	1
49.152000	145.260000	5.660900	-3.045300	1
49.186000	145.300000	5.661400	-3.045500	1
49.221000	145.340000	6.001700	-3.045400	1
49.255000	145.380000	4.622000	-3.045400	1
49.290000	145.420000	3.942300	-3.045400	1
49.324000	145.470000	3.591700	-3.045300	1
49.359000	145.510000	2.944800	-3.045400	1
49.393000	145.550000	5.702900	-3.045400	1
49.428000	145.590000	6.383400	-3.045400	1
49.462000	145.630000	7.423900	-3.045400	1
49.496000	145.680000	7.424500	-3.045600	1
49.531000	145.720000	7.074900	-3.045500	1
49.565000	145.760000	7.425500	-3.045700	1
49.599000	145.810000	6.385900	-3.045500	1
49.634000	145.850000	6.736000	-3.045600	1
49.668000	145.890000	6.385700	-3.045600	1
49.702000	145.930000	5.703200	-3.045500	1
49.736000	145.980000	5.353700	-3.045600	1
49.771000	146.020000	11.157000	-3.045400	1
48.452000	144.340000	2.024000	-2.294500	1
48.487000	144.380000	2.714700	-2.294400	1
48.522000	144.420000	7.535300	-2.294500	1
48.557000	144.460000	6.155800	-2.294500	1
48.592000	144.500000	7.536200	-2.294500	1
48.627000	144.540000	8.565600	-2.294500	1
48.661000	144.580000	4.772900	-2.294500	1
48.696000	144.620000	5.466500	-2.294500	1
48.731000	144.660000	7.876900	-2.294500	1
48.766000	144.710000	7.877200	-2.294600	1
48.801000	144.750000	8.217500	-2.294400	1
48.835000	144.790000	6.497900	-2.294600	1
48.870000	144.830000	5.128200	-2.294500	1
48.905000	144.870000	6.498500	-2.294600	1
48.939000	144.910000	7.188800	-2.294500	1
48.974000	144.950000	6.158300	-2.294600	1
49.009000	145.000000	7.187700	-2.294500	1
49.043000	145.040000	7.529000	-2.294600	1
49.078000	145.080000	6.489300	-2.294600	1
49.113000	145.120000	6.839500	-2.294500	1
49.147000	145.160000	7.530000	-2.294600	1
49.182000	145.200000	7.870100	-2.294400	1
49.216000	145.250000	8.210600	-2.294600	1
49.251000	145.290000	8.210900	-2.294600	1
49.285000	145.330000	6.490800	-2.294500	1
49.320000	145.370000	6.150300	-2.294600	1
49.354000	145.410000	6.487800	-2.294400	1
49.389000	145.460000	5.798300	-2.294500	1
49.423000	145.500000	5.461900	-2.294500	1
49.458000	145.540000	5.462400	-2.294600	1
49.492000	145.580000	8.562800	-2.294500	1
49.527000	145.620000	8.903500	-2.294700	1
49.561000	145.670000	6.493900	-2.294600	1
49.595000	145.710000	7.534500	-2.294800	1
49.630000	145.750000	7.874100	-2.294600	1
49.664000	145.800000	8.563900	-2.294700	1
49.698000	145.840000	7.885000	-2.294700	1
49.733000	145.880000	8.225400	-2.294600	1
49.767000	145.920000	7.532700	-2.294700	1
49.801000	145.970000	8.916200	-2.294500	1
48.447000	144.250000	5.694300	-1.540000	1
48.482000	144.290000	6.035100	-1.540100	1
48.517000	144.330000	6.385600	-1.540000	1
48.552000	144.370000	8.446100	-1.540100	1
48.587000	144.410000	9.136100	-1.540200	1
48.622000	144.450000	9.135600	-1.540200	1
48.656000	144.490000	8.416300	-1.540100	1
48.691000	144.530000	9.796700	-1.540100	1
48.726000	144.570000	8.417100	-1.540100	1
48.761000	144.610000	7.047400	-1.540100	1
48.796000	144.650000	3.947800	-1.540200	1
48.831000	144.690000	8.418000	-1.540000	1
48.865000	144.740000	10.828000	-1.540200	1
48.900000	144.780000	9.108800	-1.540100	1
48.935000	144.820000	9.108500	-1.540200	1
48.970000	144.860000	8.768000	-1.540100	1
49.004000	144.900000	8.415800	-1.540200	1
49.039000	144.940000	8.059100	-1.540100	1
49.074000	144.980000	8.749500	-1.540200	1
49.108000	145.030000	9.779800	-1.540200	1
49.143000	145.070000	9.430000	-1.540100	1
49.178000	145.110000	9.090400	-1.540200	1
49.212000	145.150000	10.121000	-1.540000	1
49.247000	145.190000	7.710900	-1.540100	1
49.281000	145.230000	10.470000	-1.540200	1
49.316000	145.280000	8.749900	-1.540100	1
49.350000	145.320000	8.761000	-1.540200	1
49.385000	145.360000	7.041300	-1.540000	1
49.419000	145.400000	10.482000	-1.540100	1
49.454000	145.450000	9.102100	-1.540100	1
49.488000	145.490000	9.792600	-1.540100	1
49.523000	145.530000	8.413000	-1.540100	1
49.557000	145.570000	10.484000	-1.540300	1
49.592000	145.610000	12.204000	-1.540200	1
49.626000	145.660000	11.853000	-1.540400	1
49.660000	145.700000	12.201000	-1.540200	1
49.695000	145.740000	11.172000	-1.540300	1
49.729000	145.790000	11.515000	-1.540300	1
49.763000	145.830000	11.515000	-1.540200	1
49.798000	145.870000	10.826000	-1.540200	1
49.832000	145.910000	11.856000	-1.540100	1
47.979000	143.540000	16.552000	0.117720	1
48.015000	143.580000	16.952000	0.118050	1
48.050000	143.620000	10.919000	0.117860	1
48.085000	143.660000	15.383000	0.117730	1
48.120000	143.700000	15.033000	0.118010	1
48.155000	143.740000	17.134000	0.117650	1
48.191000	143.780000	17.534000	0.117840	1
48.226000	143.820000	19.735000	0.117930	1
48.261000	143.860000	22.336000	0.117560	1
48.296000	143.900000	16.136000	0.117860	1
48.331000	143.940000	18.736000	0.117690	1
48.366000	143.980000	14.696000	0.117610	1
48.401000	144.020000	18.747000	0.117930	1
48.436000	144.060000	21.747000	0.117630	1
48.471000	144.100000	28.948000	0.117730	1
48.506000	144.140000	25.748000	0.117870	1
48.541000	144.180000	18.349000	0.117620	1
48.576000	144.220000	40.949000	0.117880	1
48.611000	144.260000	22.350000	0.117790	1
48.646000	144.300000	22.350000	0.117630	1
48.681000	144.340000	17.550000	0.117970	1
48.716000	144.390000	40.947000	0.117630	1
48.751000	144.430000	23.147000	0.117700	1
48.786000	144.470000	20.730000	0.117870	1
48.821000	144.510000	18.331000	0.117530	1
48.855000	144.550000	15.031000	0.117880	1
48.890000	144.590000	10.561000	0.117830	1
48.925000	144.630000	40.949000	0.117630	1
48.935000	144.200000	2.042100	3.744900	1
48.970000	144.250000	4.792400	3.744900	1
49.005000	144.290000	2.731900	3.744800	1
49.040000	144.330000	2.041500	3.745000	1
49.075000	144.370000	11.329000	3.744800	1
49.110000	144.410000	12.710000	3.744900	1
49.145000	144.450000	12.013000	3.744800	1
49.180000	144.490000	4.443800	3.744900	1
49.215000	144.530000	3.404100	3.744900	1
49.250000	144.570000	3.754400	3.744900	1
49.284000	144.620000	3.754800	3.745000	1
49.319000	144.660000	2.374800	3.745000	1
49.354000	144.700000	3.064400	3.745000	1
49.389000	144.740000	3.752000	3.745000	1
49.423000	144.780000	4.092400	3.745000	1
49.458000	144.820000	3.756300	3.745100	1
49.493000	144.870000	4.096600	3.745000	1
49.528000	144.910000	3.063700	3.745100	1
49.562000	144.950000	3.067600	3.745000	1
49.597000	144.990000	3.408400	3.745300	1
49.632000	145.030000	2.038600	3.745000	1
49.666000	145.080000	2.728700	3.745200	1
49.701000	145.120000	4.098300	3.745000	1
49.735000	145.160000	3.756200	3.745200	1
49.770000	145.200000	3.406600	3.745000	1
49.804000	145.250000	4.470700	3.745100	1
49.839000	145.290000	3.407600	3.744900	1
49.874000	145.330000	3.781700	3.745100	1
49.908000	145.370000	4.472100	3.744900	1
49.943000	145.420000	3.092600	3.745000	1
49.977000	145.460000	4.123100	3.745100	1
50.011000	145.500000	4.122900	3.745100	1
50.046000	145.540000	4.122500	3.745100	1
50.080000	145.590000	4.470200	3.745200	1
50.115000	145.630000	5.150400	3.745100	1
50.149000	145.670000	5.500800	3.745300	1
50.183000	145.720000	6.191000	3.745200	1
50.218000	145.760000	5.484800	3.745200	1
50.252000	145.800000	5.135100	3.745200	1
50.286000	145.850000	5.135500	3.745300	1
50.321000	145.890000	4.795600	3.745200	1
50.355000	145.930000	5.135400	3.745400	1
50.389000	145.980000	4.104700	3.745200	1
50.423000	146.020000	4.452700	3.745400	1
50.457000	146.060000	3.426300	3.745200	1
50.492000	146.110000	3.763200	3.745200	1
50.526000	146.150000	4.807000	3.745200	1
50.560000	146.190000	5.497500	3.745200	1
50.594000	146.240000	4.467900	3.745200	1
50.628000	146.280000	6.188300	3.745200	1
50.662000	146.330000	5.498700	3.745200	1
50.696000	146.370000	5.148400	3.745200	1
50.730000	146.420000	9.278100	3.745300	1
50.764000	146.460000	10.656000	3.745300	1
50.798000	146.500000	8.936700	3.745300	1
50.832000	146.550000	6.890500	3.745300	1
50.866000	146.590000	6.867500	3.745300	1
50.900000	146.640000	8.248000	3.745300	1
50.934000	146.680000	5.521700	3.745200	1
50.968000	146.730000	3.802300	3.745400	1
51.002000	146.770000	4.142500	3.745200	1
51.036000	146.820000	5.152200	3.745300	1
51.070000	146.860000	3.431900	3.745300	1
51.104000	146.910000	4.120100	3.745200	1
51.137000	146.950000	4.810700	3.745400	1
51.171000	147.000000	4.121000	3.745100	1
51.205000	147.040000	5.845000	3.745300	1
51.239000	147.090000	6.195300	3.745200	1
51.272000	147.130000	6.195800	3.745400	1
51.306000	147.180000	4.816100	3.745200	1
51.340000	147.220000	6.870000	3.745500	1
51.374000	147.270000	4.815900	3.745200	1
51.407000	147.310000	4.475700	3.745500	1
51.441000	147.360000	11.355000	3.745400	1
51.474000	147.400000	8.604300	3.745400	1
51.508000	147.450000	5.154700	3.745400	1
51.542000	147.500000	5.498700	3.745500	1
51.575000	147.540000	10.999000	3.745400	1
51.609000	147.590000	5.149500	3.745500	1
48.965000	144.150000	0.961940	4.497900	1
49.000000	144.190000	1.992400	4.497900	1
49.035000	144.230000	1.642500	4.497800	1
49.070000	144.270000	1.302200	4.498100	1
49.105000	144.320000	0.271500	4.497800	1
49.140000	144.360000	11.620000	4.497900	1
49.175000	144.400000	8.179800	4.497800	1
49.210000	144.440000	3.710100	4.497900	1
49.245000	144.480000	2.014000	4.497900	1
49.280000	144.520000	2.014300	4.497900	1
49.315000	144.560000	2.014700	4.498000	1
49.349000	144.600000	1.325000	4.498000	1
49.384000	144.650000	1.665200	4.498000	1
49.419000	144.690000	1.324700	4.498000	1
49.454000	144.730000	1.664300	4.498000	1
49.489000	144.770000	2.352700	4.498100	1
49.523000	144.810000	2.353100	4.498000	1
49.558000	144.860000	1.997300	4.498100	1
49.593000	144.900000	2.687700	4.498000	1
49.627000	144.940000	1.998500	4.498300	1
49.662000	144.980000	0.618760	4.498000	1
49.697000	145.020000	2.339400	4.498200	1
49.731000	145.070000	1.999400	4.498100	1
49.766000	145.110000	0.969080	4.498200	1
49.800000	145.150000	1.646800	4.498000	1
49.835000	145.190000	2.337400	4.498100	1
49.870000	145.230000	2.021300	4.497900	1
49.904000	145.280000	3.028400	4.498100	1
49.939000	145.320000	3.052400	4.498000	1
49.973000	145.360000	3.029300	4.498100	1
50.008000	145.410000	2.713400	4.498100	1
50.042000	145.450000	2.363700	4.498200	1
50.076000	145.490000	4.083600	4.498200	1
50.111000	145.530000	4.773200	4.498300	1
50.145000	145.580000	2.712600	4.498200	1
50.180000	145.620000	3.401000	4.498300	1
50.214000	145.660000	3.741200	4.498200	1
50.248000	145.710000	3.051500	4.498300	1
50.283000	145.750000	4.455400	4.498200	1
50.317000	145.790000	3.765800	4.498400	1
50.351000	145.840000	5.122400	4.498200	1
50.386000	145.880000	4.456400	4.498400	1
50.420000	145.920000	2.385900	4.498300	1
50.454000	145.970000	3.425500	4.498400	1
50.488000	146.010000	2.733100	4.498300	1
50.523000	146.050000	3.073500	4.498300	1
50.557000	146.100000	2.377500	4.498300	1
50.591000	146.140000	2.384300	4.498300	1
50.625000	146.190000	3.068400	4.498300	1
50.659000	146.230000	3.068800	4.498300	1
50.693000	146.270000	4.789200	4.498300	1
50.727000	146.320000	5.139700	4.498300	1
50.761000	146.360000	6.169400	4.498300	1
50.796000	146.410000	6.512700	4.498300	1
50.830000	146.450000	6.168700	4.498400	1
50.864000	146.490000	4.447500	4.498300	1
50.898000	146.540000	3.758000	4.498400	1
50.931000	146.580000	4.788400	4.498400	1
50.965000	146.630000	4.452300	4.498200	1
50.999000	146.670000	3.422900	4.498500	1
51.033000	146.720000	7.543300	4.498300	1
51.067000	146.760000	5.813700	4.498400	1
51.101000	146.810000	4.783400	4.498400	1
51.135000	146.850000	3.753000	4.498300	1
51.169000	146.900000	6.852800	4.498500	1
51.203000	146.940000	7.531600	4.498200	1
51.236000	146.990000	3.062200	4.498400	1
51.270000	147.030000	2.376100	4.498300	1
51.304000	147.080000	1.686600	4.498500	1
51.338000	147.120000	7.180500	4.498300	1
51.371000	147.170000	9.263900	4.498500	1
51.405000	147.210000	8.901200	4.498200	1
51.439000	147.260000	7.887400	4.498500	1
48.115000	143.100000	-2.334400	5.252000	1
48.151000	143.140000	-2.673300	5.252000	1
48.186000	143.170000	-1.306200	5.252000	1
48.221000	143.210000	-2.332000	5.252000	1
48.257000	143.250000	-4.055000	5.252100	1
48.292000	143.290000	-4.744600	5.251900	1
48.327000	143.330000	-3.670000	5.252100	1
48.363000	143.370000	-2.979500	5.252000	1
48.398000	143.410000	-1.598700	5.252100	1
48.433000	143.450000	-1.914700	5.252000	1
48.468000	143.490000	-2.978600	5.252000	1
48.504000	143.530000	-2.981000	5.251900	1
48.539000	143.570000	-0.570500	5.252100	1
48.574000	143.610000	-2.596800	5.251900	1
48.609000	143.650000	-2.596400	5.252100	1
48.645000	143.690000	-0.876010	5.252000	1
48.680000	143.730000	-1.915800	5.252000	1
48.715000	143.770000	-1.565300	5.252100	1
48.750000	143.810000	-1.565000	5.252100	1
48.785000	143.850000	-0.534880	5.252100	1
48.820000	143.890000	-3.635500	5.252200	1
48.855000	143.940000	-1.567700	5.252000	1
48.890000	143.980000	0.152940	5.252100	1
48.925000	144.020000	-0.536770	5.252000	1
48.961000	144.060000	-1.942700	5.252200	1
48.996000	144.100000	-1.592300	5.252100	1
49.031000	144.140000	0.468040	5.252200	1
49.066000	144.180000	0.128170	5.252100	1
49.101000	144.220000	-0.211470	5.252300	1
49.135000	144.260000	-4.342300	5.252100	1
49.170000	144.300000	-3.299000	5.252200	1
49.205000	144.340000	2.199100	5.252100	1
49.240000	144.390000	1.519500	5.252200	1
49.275000	144.430000	2.199800	5.252200	1
49.310000	144.470000	1.520100	5.252200	1
49.345000	144.510000	0.140450	5.252200	1
49.380000	144.550000	0.480810	5.252200	1
49.415000	144.590000	0.481180	5.252300	1
49.449000	144.630000	0.831230	5.252300	1
49.484000	144.680000	-0.549260	5.252300	1
49.519000	144.720000	-0.905180	5.252400	1
49.554000	144.760000	1.152700	5.252300	1
49.588000	144.800000	0.479600	5.252400	1
49.623000	144.840000	0.813720	5.252200	1
49.658000	144.890000	1.154400	5.252500	1
49.692000	144.930000	1.154800	5.252300	1
49.727000	144.970000	0.815440	5.252500	1
49.762000	145.010000	0.125850	5.252300	1
49.796000	145.050000	0.465860	5.252400	1
49.831000	145.100000	1.155500	5.252300	1
49.866000	145.140000	0.813410	5.252300	1
49.900000	145.180000	1.857500	5.252200	1
49.935000	145.220000	2.534500	5.252400	1
49.969000	145.270000	1.858500	5.252300	1
50.004000	145.310000	1.519000	5.252300	1
50.038000	145.350000	1.519400	5.252400	1
50.073000	145.390000	2.549700	5.252400	1
50.107000	145.440000	2.550000	5.252400	1
50.142000	145.480000	1.859900	5.252500	1
50.176000	145.520000	1.519300	5.252400	1
50.211000	145.570000	2.887000	5.252600	1
50.245000	145.610000	1.857200	5.252500	1
50.279000	145.650000	2.887600	5.252600	1
50.314000	145.700000	3.921500	5.252500	1
50.348000	145.740000	2.198200	5.252700	1
50.382000	145.780000	1.512000	5.252500	1
50.417000	145.830000	2.882500	5.252700	1
50.451000	145.870000	1.852600	5.252600	1
50.485000	145.910000	2.542300	5.252700	1
50.519000	145.960000	2.881800	5.252600	1
50.554000	146.000000	3.229700	5.252600	1
50.588000	146.040000	2.183800	5.252600	1
50.622000	146.090000	0.820490	5.252500	1
50.656000	146.130000	0.814580	5.252600	1
50.690000	146.180000	0.814990	5.252600	1
50.724000	146.220000	0.815430	5.252600	1
50.759000	146.260000	2.185900	5.252600	1
50.793000	146.310000	2.186400	5.252600	1
50.827000	146.350000	2.536000	5.252600	1
50.861000	146.400000	2.535700	5.252700	1
50.895000	146.440000	5.287500	5.252600	1
50.929000	146.490000	3.917900	5.252700	1
50.963000	146.530000	4.948400	5.252700	1
50.997000	146.570000	4.948700	5.252600	1
51.031000	146.620000	3.919300	5.252800	1
51.065000	146.660000	4.256000	5.252600	1
51.099000	146.710000	2.520200	5.252700	1
51.133000	146.750000	3.550500	5.252700	1
51.166000	146.800000	2.860000	5.252600	1
51.200000	146.840000	5.269900	5.252800	1
51.234000	146.890000	2.859400	5.252500	1
48.180000	143.080000	-1.284300	6.005300	1
48.216000	143.120000	-3.006400	6.005300	1
48.251000	143.160000	-2.665800	6.005200	1
48.286000	143.200000	-4.725200	6.005400	1
48.322000	143.240000	-4.701000	6.005200	1
48.357000	143.280000	-5.740300	6.005400	1
48.392000	143.320000	-4.699700	6.005300	1
48.428000	143.360000	-4.008900	6.005400	1
48.463000	143.400000	-3.328200	6.005300	1
48.498000	143.440000	-2.638100	6.005300	1
48.534000	143.480000	-1.948600	6.005200	1
48.569000	143.520000	-0.570730	6.005400	1
48.604000	143.560000	-2.640700	6.005200	1
48.639000	143.600000	-2.980300	6.005400	1
48.675000	143.640000	-1.950000	6.005300	1
48.710000	143.680000	-2.289700	6.005300	1
48.745000	143.720000	-2.995600	6.005500	1
48.780000	143.760000	-1.275100	6.005400	1
48.815000	143.800000	-1.964800	6.005400	1
48.850000	143.840000	-2.655200	6.005500	1
48.885000	143.880000	-0.937820	6.005300	1
48.920000	143.920000	-1.277300	6.005500	1
48.956000	143.960000	-0.586950	6.005300	1
48.991000	144.000000	-0.932720	6.005500	1
49.026000	144.050000	-1.962600	6.005500	1
49.061000	144.090000	0.107810	6.005500	1
49.096000	144.130000	-0.582050	6.005400	1
49.131000	144.170000	0.452050	6.005600	1
49.166000	144.210000	-5.066000	6.005400	1
49.201000	144.250000	-6.096600	6.005500	1
49.236000	144.290000	-2.297500	6.005400	1
49.271000	144.330000	-1.968300	6.005500	1
49.305000	144.370000	0.789610	6.005500	1
49.340000	144.420000	-0.240120	6.005500	1
49.375000	144.460000	0.110290	6.005600	1
49.410000	144.500000	-0.579400	6.005500	1
49.445000	144.540000	0.451010	6.005600	1
49.480000	144.580000	-1.268700	6.005600	1
49.515000	144.620000	-0.928980	6.005600	1
49.549000	144.670000	-1.959300	6.005700	1
49.584000	144.710000	-1.621100	6.005700	1
49.619000	144.750000	0.109570	6.005700	1
49.654000	144.790000	0.450020	6.005600	1
49.688000	144.830000	0.110700	6.005900	1
49.723000	144.870000	-0.238940	6.005700	1
49.758000	144.920000	0.115450	6.005800	1
49.792000	144.960000	-0.577860	6.005700	1
49.827000	145.000000	-0.233660	6.005800	1
49.862000	145.040000	0.115940	6.005700	1
49.896000	145.090000	0.455630	6.005700	1
48.880000	143.790000	-1.405300	6.756800	1
48.915000	143.830000	-1.059600	6.756700	1
48.951000	143.870000	-0.371380	6.756800	1
48.986000	143.910000	-2.437400	6.756700	1
49.021000	143.950000	-2.430700	6.756900	1
49.056000	143.990000	-0.026609	6.756800	1
49.091000	144.030000	-0.370110	6.756900	1
49.126000	144.070000	-1.066200	6.756800	1
49.161000	144.120000	4.444300	6.757000	1
49.196000	144.160000	-1.736500	6.756800	1
49.231000	144.200000	-4.150500	6.756900	1
49.266000	144.240000	-6.221200	6.756800	1
49.301000	144.280000	-2.438800	6.756900	1
49.336000	144.320000	-0.354580	6.756900	1
49.371000	144.360000	1.025800	6.756900	1
49.406000	144.400000	-1.043900	6.756900	1
49.440000	144.450000	-1.043600	6.756900	1
49.475000	144.490000	-1.723200	6.757000	1
49.510000	144.530000	-1.382800	6.757000	1
49.545000	144.570000	-1.382900	6.757000	1
49.580000	144.610000	-1.723100	6.757100	1
49.615000	144.650000	-2.075100	6.757000	1
49.649000	144.700000	-1.050700	6.757100	1
49.684000	144.740000	-0.360220	6.757000	1
49.719000	144.780000	-0.693310	6.757200	1
49.754000	144.820000	-1.729200	6.757000	1
49.788000	144.860000	-1.042300	6.757200	1
49.823000	144.910000	-1.728100	6.757100	1
49.858000	144.950000	-1.047500	6.757200	1
49.892000	144.990000	-0.697840	6.757100	1
48.311000	143.060000	-3.465000	7.515500	1
48.346000	143.090000	-5.184400	7.515700	1
48.382000	143.130000	-3.113600	7.515500	1
48.417000	143.170000	-4.853100	7.515700	1
48.452000	143.210000	-4.478800	7.515500	1
48.488000	143.250000	-4.501800	7.515600	1
48.523000	143.290000	-5.515400	7.515600	1
48.558000	143.330000	-5.882000	7.515500	1
48.594000	143.370000	-3.122100	7.515500	1
48.629000	143.410000	-3.474300	7.515700	1
48.664000	143.450000	-3.814100	7.515500	1
48.700000	143.490000	-3.107400	7.515600	1
48.735000	143.530000	-2.069400	7.515600	1
48.770000	143.570000	-2.069100	7.515600	1
48.805000	143.610000	-2.418800	7.515700	1
48.840000	143.650000	-3.104800	7.515700	1
48.875000	143.690000	-3.788200	7.515700	1
48.911000	143.740000	-2.758500	7.515800	1
48.946000	143.780000	-3.791300	7.515600	1
48.981000	143.820000	-4.480800	7.515800	1
49.016000	143.860000	-6.200900	7.515600	1
49.051000	143.900000	-4.480200	7.515800	1
49.086000	143.940000	-3.456000	7.515800	1
49.121000	143.980000	-4.829700	7.515800	1
49.156000	144.020000	-0.355350	7.515800	1
49.192000	144.060000	1.365000	7.515900	1
49.227000	144.100000	-0.355290	7.515800	1
49.262000	144.140000	-4.146200	7.515800	1
49.296000	144.180000	-5.512500	7.515800	1
49.331000	144.230000	-3.451800	7.515800	1
49.366000	144.270000	-0.707500	7.515900	1
49.401000	144.310000	1.676700	7.515800	1
49.436000	144.350000	-0.043000	7.515900	1
49.471000	144.390000	-0.382680	7.515900	1
49.506000	144.430000	-0.732320	7.515900	1
49.541000	144.470000	-3.482000	7.516000	1
49.576000	144.520000	-2.792200	7.516000	1
49.611000	144.560000	-3.482500	7.516100	1
49.645000	144.600000	-2.110300	7.516000	1
49.680000	144.640000	-2.453500	7.516100	1
49.715000	144.680000	-2.459300	7.516000	1
49.750000	144.730000	-1.418600	7.516200	1
49.784000	144.770000	-2.108200	7.516000	1
49.819000	144.810000	-1.767500	7.516200	1
49.854000	144.850000	-2.107100	7.516100	1
49.889000	144.890000	-2.450600	7.516100	1
49.923000	144.940000	-1.767100	7.516100	1
49.958000	144.980000	-0.739270	7.516100	1
49.993000	145.020000	-1.745100	7.516000	1
50.027000	145.060000	-0.714560	7.516100	1
50.062000	145.110000	-0.714210	7.516000	1
50.096000	145.150000	-0.387620	7.516100	1
50.131000	145.190000	-0.023505	7.516100	1
50.166000	145.230000	-2.107100	7.516200	1
48.341000	143.000000	-6.104900	8.268200	1
48.376000	143.040000	-5.076400	8.268400	1
48.412000	143.080000	-4.395800	8.268200	1
48.447000	143.120000	-3.681200	8.268500	1
48.482000	143.160000	-5.050900	8.268300	1
48.518000	143.200000	-8.158700	8.268400	1
48.553000	143.240000	-6.090300	8.268300	1
48.588000	143.280000	-4.710600	8.268300	1
48.624000	143.320000	-7.450100	8.268300	1
48.659000	143.360000	-8.140000	8.268400	1
48.694000	143.400000	-6.079200	8.268200	1
48.730000	143.440000	-2.628200	8.268400	1
48.765000	143.480000	-5.388300	8.268300	1
48.800000	143.520000	-4.697900	8.268300	1
48.835000	143.560000	-3.667400	8.268500	1
48.871000	143.600000	-3.330800	8.268400	1
48.906000	143.640000	-4.020900	8.268400	1
48.941000	143.680000	-4.357600	8.268500	1
48.976000	143.720000	-4.699900	8.268400	1
49.011000	143.760000	-5.725800	8.268500	1
49.046000	143.800000	-5.039200	8.268400	1
49.082000	143.840000	-4.698800	8.268600	1
49.117000	143.890000	-5.707300	8.268500	1
49.152000	143.930000	-5.034500	8.268600	1
49.187000	143.970000	-1.947800	8.268500	1
49.222000	144.010000	-2.283700	8.268700	1
49.257000	144.050000	-3.318300	8.268500	1
49.292000	144.090000	-4.695100	8.268600	1
49.327000	144.130000	-6.433800	8.268500	1
49.362000	144.170000	-6.093300	8.268600	1
49.397000	144.210000	-5.730400	8.268700	1
49.432000	144.250000	-1.255800	8.268600	1
49.467000	144.300000	-0.921550	8.268700	1
49.502000	144.340000	0.482670	8.268600	1
49.537000	144.380000	0.799440	8.268700	1
49.572000	144.420000	-0.580490	8.268800	1
49.606000	144.460000	-1.927000	8.268700	1
49.641000	144.500000	-3.649200	8.268800	1
49.676000	144.550000	-3.648700	8.268800	1
49.711000	144.590000	-4.022000	8.268900	1
49.746000	144.630000	-3.647700	8.268700	1
49.781000	144.670000	-3.987100	8.269000	1
49.815000	144.710000	-3.296600	8.268800	1
49.850000	144.760000	-3.296000	8.269000	1
49.885000	144.800000	-2.955400	8.268900	1
49.919000	144.840000	-2.265500	8.268900	1
49.954000	144.880000	-1.251900	8.268900	1
49.989000	144.920000	-1.577600	8.268800	1
50.024000	144.970000	-1.237100	8.268800	1
50.058000	145.010000	-1.252900	8.268900	1
50.093000	145.050000	-0.206270	8.268800	1
50.127000	145.090000	-0.902170	8.268900	1
48.725000	143.350000	-8.468100	9.026500	1
48.760000	143.390000	-8.127800	9.026600	1
48.795000	143.430000	-7.814900	9.026600	1
48.831000	143.470000	-10.879000	9.026600	1
48.866000	143.510000	-8.470700	9.026700	1
48.901000	143.550000	-7.086300	9.026700	1
48.936000	143.590000	-7.086800	9.026700	1
48.971000	143.630000	-9.159900	9.026800	1
49.007000	143.670000	-9.505900	9.026600	1
49.042000	143.710000	-6.064200	9.026800	1
49.077000	143.750000	-5.717700	9.026600	1
49.112000	143.790000	-5.355800	9.026800	1
49.147000	143.830000	1.525100	9.026800	1
49.183000	143.870000	-2.622500	9.026800	1
49.218000	143.910000	-4.342600	9.026800	1
49.253000	143.950000	-2.269000	9.026900	1
49.288000	143.990000	-3.647400	9.026800	1
49.323000	144.040000	-4.679500	9.026900	1
49.358000	144.080000	-5.375600	9.026800	1
49.393000	144.120000	-6.061600	9.026800	1
49.428000	144.160000	-4.684800	9.026900	1
49.463000	144.200000	-6.058600	9.026900	1
49.498000	144.240000	-1.929900	9.027000	1
49.533000	144.280000	-0.553110	9.026900	1
49.568000	144.320000	-0.209130	9.027000	1
49.603000	144.370000	-1.593200	9.027000	1
49.637000	144.410000	-1.241400	9.027000	1
49.672000	144.450000	-3.637300	9.027100	1
49.707000	144.490000	-4.653100	9.027100	1
49.742000	144.530000	-4.666400	9.027100	1
49.777000	144.580000	-4.325800	9.027000	1
49.812000	144.620000	-5.015400	9.027300	1
49.846000	144.660000	-3.984800	9.027100	1
49.881000	144.700000	-3.294000	9.027300	1
49.916000	144.740000	-3.620400	9.027100	1
49.951000	144.790000	-2.254400	9.027200	1
49.985000	144.830000	-2.606200	9.027200	1
50.020000	144.870000	-1.225600	9.027100	1
50.055000	144.910000	-3.621600	9.027100	1
50.089000	144.960000	-1.560100	9.027200	1
50.124000	145.000000	-1.574400	9.027100	1
50.159000	145.040000	-1.210200	9.027200	1
48.861000	143.410000	-5.682500	9.780200	1
48.896000	143.450000	-7.090500	9.780400	1
48.932000	143.490000	-3.962700	9.780300	1
48.967000	143.530000	1.545500	9.780300	1
49.002000	143.570000	-2.584400	9.780500	1
49.037000	143.610000	-7.771400	9.780300	1
49.072000	143.650000	-9.475800	9.780500	1
49.108000	143.700000	-5.711700	9.780300	1
49.143000	143.740000	-6.045200	9.780500	1
49.178000	143.780000	-3.294500	9.780400	1
49.213000	143.820000	-9.490700	9.780500	1
49.248000	143.860000	-4.317300	9.780500	1
49.283000	143.900000	-6.390600	9.780600	1
49.318000	143.940000	-4.306000	9.780500	1
49.354000	143.980000	-5.359900	9.780500	1
49.389000	144.020000	-4.669500	9.780500	1
49.424000	144.060000	-6.375800	9.780500	1
49.459000	144.110000	-6.403100	9.780600	1
49.494000	144.150000	-7.079100	9.780500	1
49.529000	144.190000	-5.344300	9.780700	1
49.564000	144.230000	-2.599900	9.780600	1
49.599000	144.270000	-1.893900	9.780700	1
49.633000	144.310000	-2.934400	9.780700	1
49.668000	144.350000	-2.583800	9.780700	1
49.703000	144.400000	-3.273400	9.780800	1
49.738000	144.440000	-3.272800	9.780800	1
49.773000	144.480000	-3.636100	9.780800	1
49.808000	144.520000	-3.975700	9.780700	1
49.843000	144.560000	-3.975100	9.780900	1
49.877000	144.600000	-3.620800	9.780800	1
49.912000	144.650000	-3.620900	9.781000	1
49.947000	144.690000	-3.961300	9.780800	1
49.982000	144.730000	-2.946700	9.780900	1
50.016000	144.770000	-3.636300	9.780900	1
50.051000	144.820000	-1.891900	9.780800	1
50.086000	144.860000	-1.891500	9.780800	1
50.121000	144.900000	-2.581100	9.780900	1
50.155000	144.940000	-2.226800	9.780900	1
50.190000	144.990000	-2.580300	9.780900	1
50.225000	145.030000	-1.876300	9.780900	1
50.259000	145.070000	-2.566800	9.781000	1
50.294000	145.110000	-3.257300	9.781000	1
50.328000	145.160000	-1.892800	9.781100	1
50.363000	145.200000	-2.568800	9.781000	1
50.397000	145.240000	-3.272300	9.781200	1
50.432000	145.290000	-4.288300	9.781100	1
50.467000	145.330000	-2.241600	9.781200	1
50.501000	145.370000	-2.913800	9.781100	1
50.535000	145.420000	-1.890800	9.781200	1
50.570000	145.460000	0.527080	9.781200	1
50.604000	145.500000	2.253000	9.781300	1
50.639000	145.550000	2.238700	9.781300	1
50.673000	145.590000	5.341100	9.781300	1
50.707000	145.630000	6.725300	9.781300	1
50.742000	145.680000	0.185380	9.781200	1
50.776000	145.720000	2.935900	9.781300	1
50.811000	145.760000	-0.507780	9.781200	1
50.845000	145.810000	-1.193600	9.781400	1
50.879000	145.850000	-1.879500	9.781200	1
48.927000	143.400000	-0.200800	10.537000	1
48.962000	143.440000	-4.358600	10.537000	1
48.998000	143.480000	-1.574100	10.537000	1
49.033000	143.520000	-1.233700	10.538000	1
49.068000	143.560000	-5.704200	10.537000	1
49.103000	143.600000	-5.699900	10.538000	1
49.139000	143.640000	-10.185000	10.537000	1
49.174000	143.680000	-16.728000	10.538000	1
49.209000	143.720000	-6.077600	10.538000	1
49.244000	143.760000	-11.925000	10.538000	1
49.279000	143.800000	-13.647000	10.538000	1
49.314000	143.850000	-5.374500	10.538000	1
49.349000	143.890000	-4.331700	10.538000	1
49.385000	143.930000	-3.981400	10.538000	1
49.420000	143.970000	-3.981200	10.538000	1
49.455000	144.010000	-7.459600	10.538000	1
49.490000	144.050000	-5.701000	10.538000	1
49.525000	144.090000	-6.741300	10.538000	1
49.560000	144.130000	-7.775500	10.538000	1
49.595000	144.170000	-4.685100	10.538000	1
49.630000	144.220000	-2.608000	10.538000	1
49.665000	144.260000	-1.921200	10.538000	1
49.700000	144.300000	-1.249100	10.538000	1
49.735000	144.340000	-2.256300	10.538000	1
49.769000	144.380000	-1.931900	10.538000	1
49.804000	144.420000	-3.311600	10.538000	1
49.839000	144.470000	-5.015200	10.538000	1
49.874000	144.510000	-4.681300	10.538000	1
49.909000	144.550000	-4.681600	10.538000	1
49.944000	144.590000	-3.319400	10.538000	1
49.978000	144.630000	-3.659000	10.538000	1
50.013000	144.680000	-3.652300	10.538000	1
50.048000	144.720000	-3.295600	10.538000	1
50.083000	144.760000	-2.961300	10.538000	1
50.117000	144.800000	-2.276900	10.538000	1
50.152000	144.850000	-3.292800	10.538000	1
50.187000	144.890000	-3.292700	10.538000	1
50.221000	144.930000	-2.620600	10.538000	1
50.256000	144.970000	-3.317300	10.538000	1
50.291000	145.020000	-3.635200	10.538000	1
50.325000	145.060000	-3.961200	10.538000	1
50.360000	145.100000	-2.968300	10.538000	1
50.395000	145.140000	-3.294300	10.538000	1
50.429000	145.190000	-4.324100	10.538000	1
50.464000	145.230000	-2.929700	10.538000	1
50.498000	145.270000	-4.687300	10.538000	1
50.533000	145.320000	-2.603000	10.538000	1
50.567000	145.360000	-1.899500	10.538000	1
50.602000	145.400000	-0.217350	10.538000	1
50.636000	145.450000	0.508680	10.538000	1
50.671000	145.490000	1.875300	10.538000	1
50.705000	145.530000	0.155600	10.538000	1
50.739000	145.580000	1.193700	10.538000	1
50.774000	145.620000	2.230200	10.538000	1
50.808000	145.660000	2.238300	10.538000	1
50.842000	145.710000	2.581000	10.538000	1
50.877000	145.750000	2.574900	10.539000	1
50.911000	145.800000	-2.239800	10.538000	1
50.945000	145.840000	-2.590200	10.538000	1
50.980000	145.880000	-3.281800	10.538000	1
48.922000	143.300000	-3.934100	11.289000	1
48.958000	143.340000	2.606800	11.289000	1
48.993000	143.380000	1.577000	11.289000	1
49.028000	143.420000	-4.997200	11.289000	1
49.064000	143.470000	-5.277800	11.289000	1
49.099000	143.510000	2.605600	11.289000	1
49.134000	143.550000	-6.685100	11.290000	1
49.169000	143.590000	-9.793100	11.289000	1
49.205000	143.630000	-9.409400	11.289000	1
49.240000	143.670000	-11.168000	11.289000	1
49.275000	143.710000	-5.663800	11.290000	1
49.310000	143.750000	-3.246900	11.290000	1
49.345000	143.790000	-4.967100	11.290000	1
49.380000	143.830000	-4.280700	11.290000	1
49.415000	143.870000	-4.964300	11.290000	1
49.451000	143.910000	-4.998100	11.290000	1
49.486000	143.950000	-5.005300	11.290000	1
49.521000	144.000000	-4.624000	11.290000	1
49.556000	144.040000	-7.375200	11.290000	1
49.591000	144.080000	-6.686600	11.290000	1
49.626000	144.120000	-6.686000	11.290000	1
49.661000	144.160000	-3.586800	11.290000	1
49.696000	144.200000	-2.906200	11.290000	1
49.731000	144.240000	-1.529300	11.290000	1
49.766000	144.290000	0.191400	11.290000	1
49.801000	144.330000	-1.524400	11.290000	1
49.835000	144.370000	-3.590600	11.290000	1
49.870000	144.410000	-5.661400	11.290000	1
49.905000	144.450000	-5.655300	11.290000	1
49.940000	144.500000	-5.660600	11.290000	1
49.975000	144.540000	-6.000000	11.290000	1
50.010000	144.580000	-4.965500	11.290000	1
50.044000	144.620000	-3.591000	11.290000	1
50.079000	144.660000	-4.964700	11.290000	1
50.114000	144.710000	-4.274100	11.290000	1
50.149000	144.750000	-3.215800	11.290000	1
50.184000	144.790000	-4.280100	11.290000	1
50.218000	144.830000	-3.556600	11.290000	1
50.253000	144.880000	-2.912200	11.290000	1
50.288000	144.920000	-3.942100	11.290000	1
50.322000	144.960000	-3.941700	11.290000	1
50.357000	145.000000	-2.527300	11.290000	1
50.392000	145.050000	-2.526900	11.290000	1
50.426000	145.090000	-2.876700	11.290000	1
50.461000	145.130000	-3.906500	11.290000	1
50.495000	145.180000	-3.906200	11.290000	1
50.530000	145.220000	-4.282800	11.290000	1
50.564000	145.260000	-3.556900	11.290000	1
50.599000	145.310000	-3.218700	11.290000	1
50.633000	145.350000	-2.878300	11.290000	1
50.668000	145.390000	-1.497600	11.290000	1
50.702000	145.440000	-2.187300	11.290000	1
50.737000	145.480000	1.217100	11.290000	1
50.771000	145.520000	1.253700	11.291000	1
50.806000	145.570000	-0.116050	11.290000	1
50.840000	145.610000	-0.465810	11.290000	1
50.874000	145.650000	2.291500	11.290000	1
50.909000	145.700000	3.627400	11.291000	1
50.943000	145.740000	-0.810800	11.290000	1
50.977000	145.790000	-2.876800	11.291000	1
51.012000	145.830000	-3.594200	11.290000	1
48.883000	143.170000	-2.337500	12.044000	1
48.918000	143.210000	-6.818000	12.044000	1
48.953000	143.250000	-6.453800	12.044000	1
48.989000	143.290000	-5.116200	12.044000	1
49.024000	143.330000	-1.659900	12.044000	1
49.059000	143.370000	-3.026000	12.044000	1
49.094000	143.410000	-3.738800	12.044000	1
49.130000	143.450000	3.493300	12.044000	1
49.165000	143.490000	-0.289790	12.044000	1
49.200000	143.530000	2.468000	12.044000	1
49.236000	143.570000	2.808400	12.044000	1
49.271000	143.610000	-2.324100	12.044000	1
49.306000	143.650000	0.051028	12.044000	1
49.341000	143.690000	-5.799800	12.044000	1
49.376000	143.740000	-5.459400	12.044000	1
49.411000	143.780000	-5.799400	12.044000	1
49.447000	143.820000	-5.109100	12.044000	1
49.482000	143.860000	-5.803300	12.044000	1
49.517000	143.900000	-6.157700	12.044000	1
49.552000	143.940000	-6.498000	12.044000	1
49.587000	143.980000	-4.432200	12.044000	1
49.622000	144.020000	-5.116500	12.044000	1
49.657000	144.060000	-6.128600	12.044000	1
49.692000	144.110000	-5.109300	12.044000	1
49.727000	144.150000	-4.070800	12.044000	1
49.762000	144.190000	-1.659800	12.044000	1
49.797000	144.230000	-1.319600	12.044000	1
49.832000	144.270000	-1.646100	12.044000	1
49.867000	144.310000	-3.382100	12.044000	1
49.902000	144.360000	-5.088300	12.044000	1
49.937000	144.400000	-6.468000	12.044000	1
49.972000	144.440000	-6.127400	12.044000	1
50.006000	144.480000	-5.450400	12.044000	1
50.041000	144.520000	-6.126500	12.044000	1
50.076000	144.570000	-5.775900	12.044000	1
50.111000	144.610000	-4.391200	12.044000	1
50.146000	144.650000	-4.405500	12.044000	1
50.180000	144.690000	-4.732100	12.044000	1
50.215000	144.740000	-5.087800	12.044000	1
50.250000	144.780000	-4.057200	12.044000	1
50.285000	144.820000	-4.409300	12.044000	1
50.319000	144.860000	-4.408900	12.044000	1
50.354000	144.910000	-4.746200	12.045000	1
50.389000	144.950000	-4.732000	12.045000	1
50.423000	144.990000	-4.405400	12.045000	1
50.458000	145.030000	-4.391300	12.045000	1
50.493000	145.080000	-4.057800	12.045000	1
50.527000	145.120000	-4.408300	12.045000	1
50.562000	145.160000	-5.426600	12.045000	1
50.596000	145.210000	-5.073700	12.045000	1
50.631000	145.250000	-4.747000	12.045000	1
50.665000	145.290000	-2.322300	12.045000	1
50.700000	145.340000	-2.321900	12.045000	1
50.734000	145.380000	-3.014000	12.045000	1
50.769000	145.420000	-0.628610	12.045000	1
50.803000	145.470000	0.429160	12.045000	1
50.838000	145.510000	3.528900	12.045000	1
50.872000	145.550000	2.139900	12.045000	1
50.906000	145.600000	-1.983400	12.045000	1
50.941000	145.640000	-1.967700	12.045000	1
50.975000	145.690000	-1.292600	12.045000	1
51.009000	145.730000	-0.264400	12.045000	1
51.044000	145.770000	-2.674200	12.045000	1
51.078000	145.820000	-2.679900	12.045000	1
48.630000	142.790000	3.144800	12.804000	1
48.666000	142.830000	4.536500	12.803000	1
48.701000	142.870000	1.776600	12.803000	1
48.737000	142.910000	5.252600	12.804000	1
48.772000	142.950000	-7.513700	12.803000	1
48.808000	142.990000	2.134800	12.803000	1
48.843000	143.030000	5.903700	12.803000	1
48.879000	143.070000	1.773800	12.803000	1
48.914000	143.110000	2.150400	12.804000	1
48.949000	143.150000	-1.978100	12.804000	1
48.985000	143.190000	-0.947810	12.804000	1
49.020000	143.230000	-5.078000	12.804000	1
49.055000	143.270000	-0.270840	12.804000	1
49.090000	143.310000	3.516500	12.804000	1
49.126000	143.350000	2.840100	12.804000	1
49.161000	143.400000	4.900400	12.804000	1
49.196000	143.440000	2.490700	12.804000	1
49.232000	143.480000	2.123100	12.804000	1
49.267000	143.520000	1.447100	12.804000	1
49.302000	143.560000	-0.976640	12.804000	1
49.338000	143.600000	-6.460000	12.804000	1
49.373000	143.640000	-5.419600	12.804000	1
49.408000	143.680000	-6.123800	12.804000	1
49.443000	143.720000	-5.786700	12.804000	1
49.478000	143.760000	-6.126500	12.804000	1
49.513000	143.800000	-6.462500	12.804000	1
49.548000	143.840000	-6.475800	12.804000	1
49.583000	143.890000	-6.803100	12.804000	1
49.619000	143.930000	-7.491300	12.804000	1
49.654000	143.970000	-7.507200	12.804000	1
49.689000	144.010000	-6.814100	12.804000	1
49.724000	144.050000	-7.504200	12.804000	1
49.759000	144.090000	-6.125900	12.804000	1
49.794000	144.130000	-3.701000	12.804000	1
49.829000	144.180000	-3.382700	12.804000	1
49.864000	144.220000	-2.351900	12.804000	1
49.899000	144.260000	-3.721600	12.804000	1
49.934000	144.300000	-5.095400	12.804000	1
49.969000	144.340000	-6.125100	12.804000	1
50.003000	144.380000	-6.130800	12.804000	1
50.038000	144.430000	-5.106200	12.804000	1
50.073000	144.470000	-5.796700	12.804000	1
50.108000	144.510000	-5.446900	12.804000	1
50.143000	144.550000	-5.436300	12.804000	1
50.178000	144.590000	-4.411800	12.804000	1
50.212000	144.640000	-4.411400	12.804000	1
50.247000	144.680000	-4.411000	12.804000	1
50.282000	144.720000	-5.399400	12.804000	1
50.317000	144.760000	-4.410100	12.804000	1
50.351000	144.810000	-4.756100	12.804000	1
50.386000	144.850000	-5.762500	12.804000	1
50.421000	144.890000	-5.762700	12.804000	1
50.455000	144.940000	-5.413000	12.805000	1
50.490000	144.980000	-4.724600	12.805000	1
50.525000	145.020000	-4.758000	12.805000	1
50.559000	145.060000	-4.709900	12.805000	1
50.594000	145.110000	-4.723300	12.805000	1
50.629000	145.150000	-4.383000	12.805000	1
50.663000	145.190000	-4.382400	12.805000	1
50.698000	145.240000	-3.678100	12.805000	1
50.732000	145.280000	-3.691900	12.805000	1
50.767000	145.320000	-4.028500	12.805000	1
50.801000	145.370000	-3.678800	12.805000	1
50.836000	145.410000	-1.269900	12.805000	1
50.870000	145.450000	-0.943360	12.805000	1
50.904000	145.500000	-1.265300	12.805000	1
50.939000	145.540000	-3.335300	12.805000	1
50.973000	145.590000	-1.268400	12.805000	1
51.008000	145.630000	-1.618200	12.805000	1
51.042000	145.670000	-1.267600	12.805000	1
51.076000	145.720000	-3.330400	12.805000	1
51.111000	145.760000	-2.984500	12.805000	1
51.145000	145.810000	-3.334800	12.805000	1
51.179000	145.850000	-2.649600	12.805000	1
51.213000	145.890000	-3.679200	12.805000	1
51.248000	145.940000	-3.671300	12.805000	1
51.282000	145.980000	-4.028600	12.805000	1
51.316000	146.030000	-3.674200	12.805000	1
51.350000	146.070000	-2.987300	12.805000	1
51.384000	146.120000	-3.677200	12.805000	1
51.419000	146.160000	-3.646500	12.805000	1
51.453000	146.210000	-2.616500	12.805000	1
51.487000	146.250000	-0.885250	12.805000	1
51.521000	146.300000	-0.209270	12.805000	1
51.555000	146.340000	-2.624500	12.805000	1
51.589000	146.390000	-2.958000	12.805000	1
51.623000	146.430000	-3.307600	12.805000	1
51.657000	146.480000	0.479610	12.805000	1
51.691000	146.520000	-2.622700	12.805000	1
51.725000	146.570000	2.229700	12.805000	1
51.759000	146.610000	-0.870180	12.805000	1
48.732000	142.820000	-2.442800	13.561000	1
48.768000	142.860000	-1.062300	13.562000	1
48.803000	142.900000	-1.034600	13.561000	1
48.839000	142.940000	2.055800	13.562000	1
48.874000	142.980000	0.685780	13.562000	1
48.910000	143.020000	0.313560	13.562000	1
48.945000	143.060000	4.104100	13.562000	1
48.981000	143.100000	-1.383700	13.562000	1
49.016000	143.140000	-8.272300	13.562000	1
49.051000	143.180000	-11.048000	13.562000	1
49.087000	143.220000	0.015368	13.562000	1
49.122000	143.260000	4.145900	13.562000	1
49.157000	143.300000	4.473900	13.562000	1
49.193000	143.340000	4.146500	13.562000	1
49.228000	143.380000	3.116700	13.562000	1
49.263000	143.420000	-3.083700	13.562000	1
49.299000	143.460000	-5.494400	13.562000	1
49.334000	143.500000	-5.144800	13.562000	1
49.369000	143.540000	-5.837700	13.562000	1
49.404000	143.580000	-5.503500	13.562000	1
49.440000	143.620000	-5.837100	13.562000	1
49.475000	143.670000	-5.496800	13.562000	1
49.510000	143.710000	-6.186800	13.562000	1
49.545000	143.750000	-6.526600	13.562000	1
49.580000	143.790000	-6.185800	13.562000	1
49.615000	143.830000	-6.229100	13.562000	1
49.650000	143.870000	-6.886900	13.562000	1
49.685000	143.910000	-5.495200	13.562000	1
49.720000	143.950000	-6.895300	13.562000	1
49.756000	143.990000	-5.152600	13.562000	1
49.791000	144.040000	-6.894100	13.562000	1
49.826000	144.080000	-6.532100	13.562000	1
49.861000	144.120000	-4.127000	13.562000	1
49.896000	144.160000	-2.399700	13.562000	1
49.931000	144.200000	-5.156000	13.562000	1
49.966000	144.240000	-5.492000	13.562000	1
50.001000	144.290000	-5.499900	13.562000	1
50.035000	144.330000	-5.846500	13.562000	1
50.070000	144.370000	-5.494000	13.562000	1
50.105000	144.410000	-5.143500	13.562000	1
50.140000	144.450000	-5.493200	13.562000	1
50.175000	144.500000	-6.523100	13.563000	1
50.210000	144.540000	-5.506100	13.562000	1
50.245000	144.580000	-6.188300	13.562000	1
50.279000	144.620000	-5.833900	13.562000	1
50.314000	144.670000	-6.181900	13.563000	1
50.349000	144.710000	-5.149500	13.563000	1
50.384000	144.750000	-5.500400	13.563000	1
50.418000	144.790000	-5.840000	13.563000	1
50.453000	144.840000	-5.839700	13.563000	1
50.488000	144.880000	-5.149100	13.563000	1
50.522000	144.920000	-4.452300	13.563000	1
50.557000	144.970000	-6.501100	13.563000	1
50.592000	145.010000	-4.807600	13.563000	1
50.626000	145.050000	-4.089300	13.563000	1
50.661000	145.090000	-4.117300	13.563000	1
48.870000	142.880000	-4.422200	14.313000	1
48.906000	142.920000	-6.129100	14.313000	1
48.941000	142.960000	-2.707700	14.313000	1
48.976000	143.000000	1.421400	14.313000	1
49.012000	143.040000	-5.126800	14.313000	1
49.047000	143.080000	0.747370	14.313000	1
49.083000	143.120000	-3.056500	14.313000	1
49.118000	143.160000	-4.074000	14.313000	1
49.153000	143.200000	0.409320	14.313000	1
49.189000	143.240000	3.485100	14.313000	1
49.224000	143.280000	1.440000	14.313000	1
49.259000	143.320000	-1.654000	14.313000	1
49.295000	143.360000	-0.969880	14.313000	1
49.330000	143.410000	-8.195900	14.313000	1
49.365000	143.450000	-10.269000	14.313000	1
49.401000	143.490000	-6.159200	14.313000	1
49.436000	143.530000	-5.442600	14.313000	1
49.471000	143.570000	-6.132600	14.313000	1
49.506000	143.610000	-6.132300	14.313000	1
49.541000	143.650000	-5.791700	14.313000	1
49.577000	143.690000	-6.821900	14.313000	1
49.612000	143.730000	-6.824600	14.313000	1
49.647000	143.770000	-7.854600	14.314000	1
49.682000	143.810000	-6.147300	14.313000	1
49.717000	143.860000	-7.513400	14.314000	1
49.752000	143.900000	-6.822500	14.314000	1
49.787000	143.940000	-6.473500	14.314000	1
49.822000	143.980000	-6.823100	14.314000	1
49.857000	144.020000	-4.410100	14.314000	1
49.893000	144.060000	-5.102300	14.314000	1
49.928000	144.110000	-4.062100	14.314000	1
49.962000	144.150000	-4.752600	14.314000	1
49.997000	144.190000	-5.120500	14.314000	1
50.032000	144.230000	-5.810100	14.314000	1
50.067000	144.270000	-5.809700	14.314000	1
50.102000	144.310000	-6.125600	14.314000	1
50.137000	144.360000	-6.489200	14.314000	1
50.172000	144.400000	-6.124800	14.314000	1
50.207000	144.440000	-6.464400	14.314000	1
50.242000	144.480000	-6.464700	14.314000	1
50.277000	144.530000	-6.472600	14.314000	1
50.311000	144.570000	-6.474500	14.314000	1
50.346000	144.610000	-6.150200	14.314000	1
50.381000	144.650000	-5.435700	14.314000	1
50.416000	144.700000	-5.435300	14.314000	1
50.450000	144.740000	-6.107700	14.314000	1
50.485000	144.780000	-6.121000	14.314000	1
50.520000	144.820000	-5.434000	14.314000	1
50.555000	144.870000	-6.120200	14.314000	1
50.589000	144.910000	-6.810800	14.314000	1
50.624000	144.950000	-5.434200	14.314000	1
50.659000	144.990000	-5.095900	14.314000	1
50.693000	145.040000	-6.126000	14.314000	1
50.728000	145.080000	-6.125600	14.314000	1
50.762000	145.120000	-4.727000	14.314000	1
50.797000	145.170000	-4.402700	14.314000	1
50.831000	145.210000	-5.434000	14.315000	1
50.866000	145.250000	-3.369100	14.314000	1
50.900000	145.300000	-3.736700	14.315000	1
50.935000	145.340000	-5.093800	14.314000	1
50.969000	145.390000	-2.679800	14.315000	1
51.004000	145.430000	-4.037900	14.314000	1
51.038000	145.470000	-4.743600	14.315000	1
51.073000	145.520000	-3.020500	14.314000	1
51.107000	145.560000	-0.963360	14.315000	1
51.142000	145.600000	-2.681800	14.315000	1
51.176000	145.650000	-3.355200	14.315000	1
51.210000	145.690000	-4.051100	14.315000	1
51.245000	145.740000	-3.695100	14.315000	1
51.279000	145.780000	-4.049300	14.315000	1
51.313000	145.830000	-3.021700	14.315000	1
51.347000	145.870000	-4.719400	14.315000	1
51.382000	145.910000	-5.395300	14.315000	1
51.416000	145.960000	-3.005700	14.315000	1
51.450000	146.000000	-4.378000	14.315000	1
51.484000	146.050000	-5.090000	14.315000	1
51.519000	146.090000	-5.103400	14.315000	1
51.553000	146.140000	-3.026300	14.315000	1
51.587000	146.180000	-0.666790	14.315000	1
51.621000	146.230000	-1.356800	14.315000	1
51.655000	146.270000	-2.685800	14.315000	1
49.362000	143.350000	-11.072000	15.074000	1
49.397000	143.390000	-10.735000	15.074000	1
49.433000	143.430000	-6.938600	15.074000	1
49.468000	143.470000	-6.939000	15.074000	1
49.503000	143.510000	-6.599400	15.074000	1
49.538000	143.550000	-6.941300	15.074000	1
49.574000	143.590000	-6.964700	15.074000	1
49.609000	143.630000	-6.600200	15.074000	1
49.644000	143.680000	-6.942300	15.074000	1
49.679000	143.720000	-6.623000	15.074000	1
49.714000	143.760000	-7.312900	15.074000	1
49.749000	143.800000	-6.247900	15.075000	1
49.784000	143.840000	-6.585700	15.074000	1
49.820000	143.880000	-4.515000	15.075000	1
49.855000	143.920000	-4.867100	15.075000	1
49.890000	143.960000	-3.826300	15.075000	1
49.925000	144.010000	-6.245400	15.075000	1
49.960000	144.050000	-4.866400	15.075000	1
49.995000	144.090000	-4.189600	15.075000	1
50.030000	144.130000	-4.526700	15.075000	1
50.065000	144.170000	-3.500900	15.075000	1
50.100000	144.220000	-3.840500	15.075000	1
50.135000	144.260000	-5.205100	15.075000	1
50.170000	144.300000	-5.895800	15.075000	1
50.204000	144.340000	-6.587800	15.075000	1
50.239000	144.380000	-6.594700	15.075000	1
50.274000	144.430000	-6.236700	15.075000	1
50.309000	144.470000	-6.243800	15.075000	1
50.344000	144.510000	-5.895600	15.075000	1
50.379000	144.550000	-6.601600	15.075000	1
50.414000	144.600000	-5.908800	15.075000	1
50.448000	144.640000	-6.925400	15.075000	1
50.483000	144.680000	-6.593300	15.075000	1
50.518000	144.720000	-6.602100	15.075000	1
50.553000	144.770000	-6.601100	15.075000	1
50.587000	144.810000	-6.935700	15.075000	1
50.622000	144.850000	-7.269300	15.075000	1
50.657000	144.890000	-6.252000	15.075000	1
50.692000	144.940000	-5.887600	15.075000	1
50.726000	144.980000	-5.887200	15.075000	1
50.761000	145.020000	-4.856100	15.075000	1
50.795000	145.070000	-5.886900	15.075000	1
50.830000	145.110000	-6.569900	15.075000	1
50.864000	145.150000	-5.904300	15.075000	1
50.899000	145.200000	-3.839400	15.075000	1
50.933000	145.240000	-4.874100	15.076000	1
50.968000	145.280000	-2.470800	15.075000	1
51.003000	145.330000	-5.547400	15.075000	1
51.037000	145.370000	-5.196900	15.075000	1
51.072000	145.420000	-5.196400	15.076000	1
51.106000	145.460000	-4.498300	15.075000	1
51.140000	145.500000	-6.576900	15.076000	1
51.175000	145.550000	-6.227100	15.076000	1
51.209000	145.590000	-3.810200	15.076000	1
51.244000	145.640000	-1.440600	15.076000	1
51.278000	145.680000	-3.160400	15.076000	1
51.312000	145.720000	-4.158800	15.076000	1
51.347000	145.770000	-4.158300	15.076000	1
51.381000	145.810000	-4.505600	15.076000	1
51.415000	145.860000	-5.545500	15.076000	1
51.449000	145.900000	-5.194100	15.076000	1
51.484000	145.950000	-3.491600	15.076000	1
51.518000	145.990000	-5.130900	15.076000	1
51.552000	146.040000	-3.743100	15.076000	1
51.586000	146.080000	-4.117300	15.076000	1
51.620000	146.120000	-2.031700	15.076000	1
51.654000	146.170000	-3.065300	15.076000	1
51.689000	146.210000	-0.993080	15.076000	1
51.723000	146.260000	-2.046600	15.076000	1
51.757000	146.310000	-0.309690	15.076000	1
48.148000	141.910000	-2.545200	15.829000	1
48.184000	141.950000	-3.587400	15.829000	1
48.220000	141.980000	-5.981300	15.829000	1
48.256000	142.020000	-4.610500	15.829000	1
48.291000	142.060000	-2.892800	15.829000	1
48.327000	142.100000	-1.180500	15.829000	1
48.363000	142.140000	-6.334100	15.829000	1
48.399000	142.180000	-4.956800	15.829000	1
48.434000	142.220000	-6.349500	15.829000	1
48.470000	142.260000	-7.049700	15.829000	1
48.506000	142.300000	-6.672400	15.829000	1
48.542000	142.330000	-5.985500	15.829000	1
48.577000	142.370000	-5.648700	15.830000	1
48.613000	142.410000	-6.346600	15.829000	1
48.649000	142.450000	-5.989100	15.829000	1
48.684000	142.490000	-3.221800	15.830000	1
48.720000	142.530000	-5.658500	15.829000	1
48.756000	142.570000	-4.976600	15.830000	1
48.791000	142.610000	-5.654300	15.830000	1
48.827000	142.650000	-6.000300	15.830000	1
48.862000	142.690000	-6.356300	15.830000	1
48.898000	142.730000	-8.384000	15.829000	1
48.934000	142.770000	-3.595000	15.830000	1
48.969000	142.810000	-5.665700	15.830000	1
49.005000	142.850000	-3.221100	15.830000	1
49.040000	142.890000	-1.194900	15.830000	1
49.075000	142.930000	-5.320300	15.830000	1
49.111000	142.970000	-4.282100	15.830000	1
49.146000	143.010000	-6.653800	15.830000	1
49.182000	143.050000	-5.282800	15.830000	1
49.217000	143.090000	-0.485260	15.830000	1
49.252000	143.130000	-7.343400	15.830000	1
49.288000	143.170000	-5.974900	15.830000	1
49.323000	143.210000	-8.039600	15.830000	1
49.359000	143.250000	-8.051500	15.830000	1
49.394000	143.290000	-8.058200	15.830000	1
49.429000	143.330000	-6.315300	15.830000	1
49.465000	143.370000	-7.005500	15.830000	1
49.500000	143.410000	-6.655200	15.830000	1
49.535000	143.450000	-7.369400	15.830000	1
49.570000	143.500000	-6.314600	15.830000	1
49.606000	143.540000	-7.362300	15.830000	1
49.641000	143.580000	-7.344300	15.830000	1
49.676000	143.620000	-8.046000	15.830000	1
49.711000	143.660000	-7.350300	15.830000	1
49.746000	143.700000	-7.357700	15.830000	1
49.782000	143.740000	-6.326500	15.830000	1
49.817000	143.780000	-7.691600	15.830000	1
49.852000	143.820000	-8.387800	15.830000	1
49.887000	143.870000	-4.950500	15.830000	1
49.922000	143.910000	-8.413400	15.830000	1
49.957000	143.950000	-3.901700	15.830000	1
49.992000	143.990000	-5.985700	15.831000	1
50.027000	144.030000	-5.628400	15.831000	1
50.062000	144.070000	-4.598300	15.831000	1
50.097000	144.120000	-4.599700	15.831000	1
50.132000	144.160000	-4.271600	15.831000	1
50.167000	144.200000	-4.248700	15.831000	1
50.202000	144.240000	-4.587000	15.831000	1
50.237000	144.280000	-5.282000	15.831000	1
50.272000	144.330000	-5.287800	15.831000	1
50.307000	144.370000	-6.646700	15.831000	1
50.342000	144.410000	-6.340700	15.831000	1
50.377000	144.450000	-6.681200	15.831000	1
50.411000	144.500000	-6.660400	15.831000	1
50.446000	144.540000	-6.666200	15.831000	1
50.481000	144.580000	-6.659800	15.831000	1
50.516000	144.620000	-7.334700	15.831000	1
50.551000	144.670000	-8.062400	15.831000	1
50.585000	144.710000	-6.997400	15.831000	1
50.620000	144.750000	-6.324000	15.831000	1
50.655000	144.790000	-6.996300	15.831000	1
50.690000	144.840000	-5.989900	15.831000	1
50.724000	144.880000	-5.276100	15.831000	1
50.759000	144.920000	-5.618000	15.831000	1
50.794000	144.970000	-7.695700	15.831000	1
50.828000	145.010000	-7.352500	15.831000	1
50.863000	145.050000	-7.677400	15.831000	1
50.897000	145.100000	-9.748500	15.831000	1
50.932000	145.140000	-4.581400	15.831000	1
50.967000	145.180000	-6.301700	15.831000	1
51.001000	145.230000	-4.921500	15.831000	1
51.036000	145.270000	-4.921700	15.831000	1
51.070000	145.310000	-5.616200	15.831000	1
51.105000	145.360000	-4.923400	15.832000	1
51.139000	145.400000	-4.926600	15.831000	1
51.174000	145.450000	-5.971300	15.831000	1
51.208000	145.490000	-6.308600	15.831000	1
51.242000	145.530000	-2.191800	15.831000	1
51.277000	145.580000	-3.552700	15.832000	1
51.311000	145.620000	-4.955200	15.831000	1
51.345000	145.670000	-6.641500	15.832000	1
51.380000	145.710000	-4.580800	15.832000	1
51.414000	145.750000	-5.956800	15.832000	1
51.448000	145.800000	-5.958900	15.832000	1
51.483000	145.840000	-4.921700	15.832000	1
51.517000	145.890000	-5.275300	15.832000	1
51.551000	145.930000	-4.219300	15.832000	1
51.585000	145.980000	-4.586500	15.832000	1
51.620000	146.020000	-2.511700	15.832000	1
51.654000	146.070000	-3.518900	15.832000	1
51.688000	146.110000	-3.527200	15.832000	1
51.722000	146.160000	-2.871900	15.832000	1
48.251000	141.930000	-2.581500	16.582000	1
48.287000	141.970000	-4.977900	16.582000	1
48.323000	142.010000	-4.632400	16.583000	1
48.359000	142.040000	-2.920300	16.582000	1
48.394000	142.080000	-3.260000	16.583000	1
48.430000	142.120000	-5.312800	16.583000	1
48.466000	142.160000	-5.656300	16.583000	1
48.502000	142.200000	-7.385000	16.583000	1
48.537000	142.240000	-7.374000	16.583000	1
48.573000	142.280000	-7.737300	16.583000	1
48.609000	142.320000	-4.985800	16.583000	1
48.645000	142.360000	-7.378900	16.583000	1
48.680000	142.400000	-8.069000	16.583000	1
48.716000	142.440000	-7.398400	16.583000	1
48.752000	142.470000	-6.390000	16.583000	1
48.787000	142.510000	-5.700200	16.583000	1
48.823000	142.550000	-5.703800	16.583000	1
48.859000	142.590000	-5.023100	16.583000	1
48.894000	142.630000	-6.067200	16.583000	1
48.930000	142.670000	-5.717500	16.583000	1
48.965000	142.710000	-6.054400	16.583000	1
49.001000	142.750000	-6.070500	16.583000	1
49.037000	142.790000	-6.399300	16.583000	1
49.072000	142.830000	-6.385400	16.583000	1
49.107000	142.870000	-3.291500	16.583000	1
49.143000	142.910000	-6.052500	16.583000	1
49.178000	142.950000	-7.077700	16.583000	1
49.214000	142.990000	-6.731200	16.583000	1
49.249000	143.030000	-7.083800	16.583000	1
49.284000	143.070000	-7.412200	16.583000	1
49.320000	143.110000	-7.417900	16.583000	1
49.355000	143.150000	-7.414100	16.584000	1
49.391000	143.190000	-7.086400	16.583000	1
49.426000	143.230000	-6.391700	16.583000	1
49.462000	143.280000	-7.419500	16.584000	1
49.497000	143.320000	-7.776200	16.584000	1
49.532000	143.360000	-7.763200	16.584000	1
49.567000	143.400000	-6.048400	16.584000	1
49.603000	143.440000	-7.425700	16.584000	1
49.638000	143.480000	-6.391400	16.584000	1
49.673000	143.520000	-7.078700	16.584000	1
49.708000	143.560000	-6.388000	16.584000	1
49.744000	143.600000	-6.737500	16.584000	1
49.779000	143.640000	-6.046600	16.584000	1
49.814000	143.680000	-6.048600	16.584000	1
49.849000	143.730000	-4.327400	16.584000	1
49.884000	143.770000	-5.697400	16.584000	1
49.919000	143.810000	-6.394200	16.584000	1
49.955000	143.850000	-5.357700	16.584000	1
49.990000	143.890000	-6.049700	16.584000	1
50.025000	143.930000	-6.383300	16.584000	1
50.060000	143.980000	-7.772500	16.584000	1
50.095000	144.020000	-5.360500	16.584000	1
50.130000	144.060000	-4.666000	16.584000	1
50.165000	144.100000	-5.342000	16.584000	1
50.200000	144.140000	-4.325000	16.584000	1
50.235000	144.180000	-4.665200	16.584000	1
50.270000	144.230000	-5.001800	16.584000	1
50.305000	144.270000	-4.999800	16.584000	1
50.339000	144.310000	-6.047700	16.584000	1
50.374000	144.350000	-7.404300	16.584000	1
50.409000	144.400000	-7.081300	16.584000	1
50.444000	144.440000	-6.736700	16.584000	1
50.479000	144.480000	-7.399300	16.584000	1
50.514000	144.520000	-7.416100	16.584000	1
50.549000	144.570000	-7.398300	16.584000	1
50.584000	144.610000	-7.774100	16.584000	1
50.618000	144.650000	-8.093300	16.585000	1
50.653000	144.690000	-7.754600	16.585000	1
50.688000	144.740000	-7.400200	16.585000	1
50.723000	144.780000	-5.682700	16.585000	1
50.757000	144.820000	-5.699500	16.585000	1
50.792000	144.870000	-4.997500	16.585000	1
50.827000	144.910000	-6.373800	16.585000	1
50.861000	144.950000	-8.090200	16.585000	1
50.896000	145.000000	-5.676900	16.585000	1
50.931000	145.040000	-5.677300	16.585000	1
50.965000	145.080000	-7.060600	16.585000	1
51.000000	145.130000	-7.059500	16.585000	1
51.034000	145.170000	-4.648200	16.585000	1
51.069000	145.210000	-5.001500	16.585000	1
51.103000	145.260000	-5.677700	16.585000	1
51.138000	145.300000	-5.683200	16.585000	1
51.172000	145.340000	-6.717000	16.585000	1
51.207000	145.390000	-5.335800	16.585000	1
51.241000	145.430000	-5.353600	16.585000	1
51.276000	145.480000	-5.315100	16.585000	1
51.310000	145.520000	-4.653800	16.585000	1
51.344000	145.560000	-6.031700	16.585000	1
51.379000	145.610000	-7.057700	16.585000	1
51.413000	145.650000	-7.401300	16.585000	1
51.448000	145.700000	-4.995900	16.585000	1
51.482000	145.740000	-5.676000	16.585000	1
51.516000	145.790000	-5.681600	16.585000	1
51.550000	145.830000	-5.314100	16.585000	1
51.585000	145.870000	-5.374400	16.585000	1
51.619000	145.920000	-5.390400	16.585000	1
51.653000	145.960000	-5.006700	16.585000	1
51.687000	146.010000	-3.670300	16.585000	1
51.722000	146.050000	-3.670800	16.585000	1
51.756000	146.100000	-1.907200	16.585000	1
51.790000	146.140000	-3.289500	16.585000	1
48.283000	141.870000	-2.738600	17.346000	1
48.319000	141.910000	-3.456300	17.346000	1
48.355000	141.950000	-3.754100	17.347000	1
48.391000	141.990000	-4.466400	17.346000	1
48.427000	142.030000	-3.430600	17.347000	1
48.462000	142.060000	-6.871800	17.347000	1
48.498000	142.100000	-5.146900	17.347000	1
48.534000	142.140000	-5.132700	17.347000	1
48.570000	142.180000	-4.101900	17.347000	1
48.605000	142.220000	-5.472200	17.347000	1
48.641000	142.260000	-5.145700	17.347000	1
48.677000	142.300000	-6.214300	17.347000	1
48.713000	142.340000	-5.525800	17.347000	1
48.748000	142.380000	-7.212800	17.347000	1
48.784000	142.420000	-8.615500	17.347000	1
48.820000	142.460000	-7.254500	17.347000	1
48.855000	142.500000	-5.175400	17.347000	1
48.891000	142.540000	-5.848000	17.347000	1
48.927000	142.570000	-6.896200	17.347000	1
48.962000	142.610000	-5.521200	17.347000	1
48.998000	142.650000	-5.157300	17.347000	1
49.034000	142.690000	-5.497200	17.347000	1
49.069000	142.730000	-6.537800	17.347000	1
49.105000	142.770000	-7.909500	17.347000	1
49.140000	142.810000	-6.567100	17.347000	1
49.175000	142.850000	-6.889800	17.347000	1
49.211000	142.890000	-6.889500	17.347000	1
49.246000	142.930000	-7.205900	17.347000	1
49.282000	142.970000	-6.865500	17.347000	1
49.317000	143.010000	-7.555800	17.347000	1
49.353000	143.050000	-7.555500	17.347000	1
49.388000	143.100000	-7.229000	17.348000	1
49.424000	143.140000	-7.558400	17.347000	1
49.459000	143.180000	-7.560900	17.348000	1
49.494000	143.220000	-6.177100	17.348000	1
49.530000	143.260000	-7.898400	17.348000	1
49.565000	143.300000	-7.934000	17.348000	1
49.600000	143.340000	-8.590500	17.348000	1
49.636000	143.380000	-7.897400	17.348000	1
49.671000	143.420000	-7.899600	17.348000	1
49.706000	143.460000	-7.253800	17.348000	1
49.741000	143.500000	-6.175900	17.348000	1
49.777000	143.540000	-4.805500	17.348000	1
49.812000	143.590000	-6.575500	17.348000	1
49.847000	143.630000	-4.853900	17.348000	1
49.882000	143.670000	-7.248600	17.348000	1
49.917000	143.710000	-8.626800	17.348000	1
49.953000	143.750000	-6.913700	17.348000	1
49.988000	143.790000	-6.175300	17.348000	1
50.023000	143.830000	-5.484300	17.348000	1
50.058000	143.880000	-7.919700	17.348000	1
50.093000	143.920000	-6.528000	17.348000	1
50.128000	143.960000	-6.532200	17.348000	1
50.163000	144.000000	-5.491100	17.348000	1
50.198000	144.040000	-6.178500	17.348000	1
50.233000	144.080000	-4.453700	17.348000	1
50.268000	144.130000	-5.483500	17.348000	1
50.303000	144.170000	-5.486900	17.348000	1
50.338000	144.210000	-6.173100	17.348000	1
50.373000	144.250000	-5.836700	17.348000	1
50.408000	144.290000	-6.870300	17.348000	1
50.443000	144.340000	-7.556700	17.348000	1
50.478000	144.380000	-6.871500	17.348000	1
50.513000	144.420000	-7.895600	17.348000	1
50.547000	144.460000	-7.553700	17.348000	1
50.582000	144.510000	-6.526300	17.349000	1
50.617000	144.550000	-8.250900	17.349000	1
50.652000	144.590000	-7.560000	17.349000	1
50.687000	144.640000	-7.205600	17.349000	1
50.721000	144.680000	-7.878800	17.349000	1
50.756000	144.720000	-6.865800	17.349000	1
50.791000	144.760000	-5.834300	17.349000	1
50.826000	144.810000	-5.837800	17.349000	1
50.860000	144.850000	-6.179800	17.349000	1
50.895000	144.890000	-7.538700	17.349000	1
50.930000	144.940000	-5.831300	17.349000	1
50.964000	144.980000	-7.893400	17.349000	1
50.999000	145.020000	-7.179700	17.349000	1
51.033000	145.070000	-5.147700	17.349000	1
51.068000	145.110000	-5.144300	17.349000	1
51.103000	145.150000	-5.480900	17.349000	1
51.137000	145.200000	-5.832300	17.349000	1
51.172000	145.240000	-6.179300	17.349000	1
51.206000	145.280000	-6.179000	17.349000	1
51.241000	145.330000	-6.171000	17.349000	1
51.275000	145.370000	-6.174200	17.349000	1
51.310000	145.420000	-5.833600	17.349000	1
51.344000	145.460000	-5.139000	17.349000	1
51.379000	145.500000	-6.860000	17.349000	1
51.413000	145.550000	-5.479600	17.349000	1
51.447000	145.590000	-6.154000	17.349000	1
51.482000	145.640000	-7.156600	17.349000	1
51.516000	145.680000	-5.816700	17.349000	1
51.550000	145.730000	-5.462400	17.349000	1
51.585000	145.770000	-7.179100	17.349000	1
51.619000	145.820000	-5.115000	17.349000	1
51.653000	145.860000	-6.127500	17.350000	1
51.687000	145.910000	-6.158200	17.349000	1
51.722000	145.950000	-5.431300	17.350000	1
51.756000	145.990000	-4.401700	17.349000	1
51.790000	146.040000	-3.709100	17.350000	1
48.279000	141.770000	-5.264000	18.106000	1
48.315000	141.810000	-6.291400	18.106000	1
48.351000	141.850000	-6.290800	18.106000	1
48.387000	141.890000	-5.944000	18.106000	1
48.423000	141.930000	-4.235500	18.106000	1
48.459000	141.970000	-3.201200	18.106000	1
48.495000	142.010000	-5.234900	18.106000	1
48.530000	142.050000	-6.274000	18.106000	1
48.566000	142.080000	-4.928200	18.106000	1
48.602000	142.120000	-6.961400	18.106000	1
48.638000	142.160000	-5.926700	18.106000	1
48.674000	142.200000	-5.930000	18.107000	1
48.709000	142.240000	-6.647600	18.107000	1
48.745000	142.280000	-6.612300	18.107000	1
48.781000	142.320000	-6.955700	18.107000	1
48.817000	142.360000	-6.279500	18.107000	1
48.852000	142.400000	-8.004600	18.107000	1
48.888000	142.440000	-8.005600	18.107000	1
48.924000	142.480000	-6.617200	18.107000	1
48.959000	142.520000	-3.532000	18.107000	1
48.995000	142.560000	-5.588900	18.107000	1
49.031000	142.600000	-6.938500	18.107000	1
49.066000	142.640000	-6.938200	18.107000	1
49.102000	142.680000	-5.580800	18.107000	1
49.137000	142.720000	-5.216800	18.107000	1
49.173000	142.760000	-5.907200	18.107000	1
49.208000	142.800000	-5.232800	18.107000	1
49.244000	142.840000	-6.620300	18.107000	1
49.279000	142.880000	-5.909300	18.107000	1
49.314000	142.920000	-7.636100	18.107000	1
49.350000	142.960000	-7.313300	18.107000	1
49.385000	143.000000	-6.629000	18.107000	1
49.421000	143.040000	-6.261100	18.107000	1
49.456000	143.080000	-6.941500	18.107000	1
49.492000	143.120000	-6.604600	18.107000	1
49.527000	143.160000	-6.944500	18.107000	1
49.563000	143.200000	-7.635100	18.107000	1
49.598000	143.240000	-7.982200	18.107000	1
49.633000	143.280000	-7.984300	18.107000	1
49.669000	143.320000	-7.633900	18.107000	1
49.704000	143.360000	-8.011300	18.107000	1
49.739000	143.400000	-6.265900	18.107000	1
49.774000	143.440000	-6.617100	18.107000	1
49.810000	143.490000	-6.265000	18.108000	1
49.845000	143.530000	-5.569200	18.107000	1
49.880000	143.570000	-5.218900	18.108000	1
49.915000	143.610000	-5.591900	18.108000	1
49.951000	143.650000	-6.259000	18.108000	1
49.986000	143.690000	-6.595100	18.108000	1
50.021000	143.730000	-3.159300	18.108000	1
50.056000	143.770000	-6.629300	18.108000	1
50.091000	143.820000	-7.635700	18.108000	1
50.126000	143.860000	-6.253000	18.108000	1
50.161000	143.900000	-7.985400	18.108000	1
50.196000	143.940000	-6.936800	18.108000	1
50.231000	143.980000	-6.253200	18.108000	1
50.266000	144.030000	-6.561600	18.108000	1
50.301000	144.070000	-6.606100	18.108000	1
50.336000	144.110000	-5.907900	18.108000	1
50.371000	144.150000	-6.246200	18.108000	1
50.406000	144.190000	-5.570500	18.108000	1
50.441000	144.240000	-6.899500	18.108000	1
50.476000	144.280000	-7.627500	18.108000	1
50.511000	144.320000	-7.615800	18.108000	1
50.546000	144.360000	-7.973800	18.108000	1
50.581000	144.410000	-7.590000	18.108000	1
50.616000	144.450000	-7.975600	18.108000	1
50.651000	144.490000	-8.315200	18.108000	1
50.686000	144.530000	-7.941100	18.108000	1
50.720000	144.580000	-7.978100	18.108000	1
50.755000	144.620000	-7.589700	18.108000	1
50.790000	144.660000	-7.977300	18.108000	1
50.825000	144.700000	-7.250700	18.109000	1
50.859000	144.750000	-5.867400	18.108000	1
50.894000	144.790000	-5.553900	18.109000	1
50.929000	144.830000	-5.567000	18.109000	1
50.963000	144.880000	-5.871900	18.109000	1
50.998000	144.920000	-6.559200	18.109000	1
51.033000	144.960000	-6.218600	18.109000	1
51.067000	145.010000	-5.868000	18.109000	1
51.102000	145.050000	-5.177200	18.109000	1
51.137000	145.090000	-6.219800	18.109000	1
51.171000	145.140000	-6.216800	18.109000	1
51.206000	145.180000	-5.553200	18.109000	1
51.240000	145.230000	-5.896000	18.109000	1
51.275000	145.270000	-6.221300	18.109000	1
51.309000	145.310000	-6.901200	18.109000	1
51.344000	145.360000	-5.179700	18.109000	1
51.378000	145.400000	-6.926400	18.109000	1
51.413000	145.450000	-7.249800	18.109000	1
51.447000	145.490000	-7.971000	18.109000	1
51.481000	145.530000	-6.220600	18.109000	1
51.516000	145.580000	-8.994700	18.109000	1
51.550000	145.620000	-5.552200	18.109000	1
51.585000	145.670000	-5.866400	18.109000	1
51.619000	145.710000	-5.179500	18.109000	1
51.653000	145.760000	-5.545700	18.109000	1
51.688000	145.800000	-5.905000	18.109000	1
51.722000	145.850000	-5.887300	18.109000	1
51.756000	145.890000	-5.584000	18.109000	1
51.790000	145.940000	-5.227200	18.109000	1
51.825000	145.980000	-4.879200	18.109000	1