La	Lo	Sig	Theta	Ice
59.265000	154.880000	-1.215600	-18.181000	1
59.242000	154.950000	-7.415800	-18.181000	1
59.218000	155.020000	-4.307800	-18.181000	1
59.195000	155.090000	-2.599400	-18.181000	1
59.171000	155.170000	-6.365100	-18.181000	1
59.148000	155.240000	-7.395800	-18.181000	1
59.125000	155.310000	-5.681000	-18.181000	1
59.101000	155.380000	-6.024900	-18.181000	1
59.077000	155.450000	-4.990600	-18.181000	1
59.054000	155.530000	-4.307800	-18.181000	1
59.378000	154.710000	-2.754800	-17.424000	1
59.355000	154.780000	-3.806300	-17.423000	1
59.332000	154.850000	-4.832900	-17.424000	1
59.308000	154.930000	-3.794300	-17.424000	1
59.285000	155.000000	-0.015664	-17.424000	1
59.262000	155.070000	-4.139100	-17.423000	1
59.238000	155.140000	-7.621000	-17.424000	1
59.215000	155.220000	-7.931500	-17.423000	1
59.191000	155.290000	-7.569900	-17.423000	1
59.168000	155.360000	-6.216400	-17.423000	1
59.144000	155.430000	-6.210000	-17.423000	1
59.121000	155.510000	-5.169600	-17.423000	1
59.097000	155.580000	-5.508500	-17.423000	1
59.073000	155.650000	-4.835700	-17.423000	1
58.317000	157.820000	-3.795700	-17.423000	1
58.292000	157.890000	-2.746300	-17.423000	1
58.266000	157.960000	-3.438800	-17.423000	1
58.241000	158.030000	-2.065900	-17.423000	1
58.216000	158.100000	-2.405900	-17.423000	1
58.191000	158.170000	-0.361730	-17.423000	1
58.165000	158.230000	-0.361640	-17.423000	1
58.140000	158.300000	1.018700	-17.423000	1
58.115000	158.370000	-1.715400	-17.423000	1
58.089000	158.440000	-4.128800	-17.423000	1
58.064000	158.510000	-5.846900	-17.423000	1
59.445000	154.680000	-2.359100	-16.661000	1
59.422000	154.760000	-4.769900	-16.661000	1
59.398000	154.830000	-2.009100	-16.661000	1
59.375000	154.900000	-4.063400	-16.661000	1
59.352000	154.980000	-0.272580	-16.661000	1
59.328000	155.050000	-7.186200	-16.661000	1
59.305000	155.120000	-5.108900	-16.661000	1
59.282000	155.200000	-3.353200	-16.661000	1
59.258000	155.270000	-6.489200	-16.661000	1
59.235000	155.340000	-5.799000	-16.661000	1
59.211000	155.410000	-5.445300	-16.661000	1
59.188000	155.480000	-5.786600	-16.661000	1
59.164000	155.560000	-5.436300	-16.661000	1
59.140000	155.630000	-4.069900	-16.661000	1
59.116000	155.700000	-2.701900	-16.661000	1
58.359000	157.880000	-1.686800	-16.660000	1
58.334000	157.950000	-3.763300	-16.660000	1
58.309000	158.010000	-6.149200	-16.660000	1
58.283000	158.080000	-4.778500	-16.660000	1
58.258000	158.150000	-3.069200	-16.660000	1
58.233000	158.220000	0.388990	-16.660000	1
58.207000	158.290000	1.061800	-16.660000	1
58.182000	158.360000	1.058200	-16.660000	1
58.157000	158.420000	-0.318160	-16.660000	1
58.131000	158.490000	-5.467100	-16.660000	1
58.106000	158.560000	-7.204600	-16.660000	1
58.080000	158.630000	-6.856700	-16.660000	1
59.441000	154.880000	-7.416200	-15.903000	1
59.418000	154.960000	-2.597900	-15.903000	1
59.395000	155.030000	1.152700	-15.903000	1
59.371000	155.100000	-1.576300	-15.903000	1
59.348000	155.170000	-1.923900	-15.903000	1
59.324000	155.250000	-7.428500	-15.903000	1
59.301000	155.320000	-7.410900	-15.903000	1
59.277000	155.390000	-6.379100	-15.903000	1
59.254000	155.460000	-6.040200	-15.903000	1
59.230000	155.540000	-5.348600	-15.903000	1
59.206000	155.610000	-5.349800	-15.903000	1
59.183000	155.680000	-3.651800	-15.903000	1
59.159000	155.750000	-2.616400	-15.903000	1
58.748000	156.960000	-2.620400	-15.903000	1
58.723000	157.030000	-2.974300	-15.902000	1
58.699000	157.100000	-2.952900	-15.903000	1
58.674000	157.170000	-3.314200	-15.902000	1
58.649000	157.240000	-3.636700	-15.903000	1
58.625000	157.310000	-3.985500	-15.902000	1
58.600000	157.380000	-5.030900	-15.903000	1
58.575000	157.450000	-5.008100	-15.902000	1
58.550000	157.520000	-3.967600	-15.903000	1
58.525000	157.590000	-6.372200	-15.902000	1
58.500000	157.660000	-5.681800	-15.903000	1
58.475000	157.720000	-5.374100	-15.902000	1
58.450000	157.790000	-3.625900	-15.902000	1
58.425000	157.860000	-6.031500	-15.903000	1
58.400000	157.930000	-1.550100	-15.902000	1
58.375000	158.000000	-2.930300	-15.902000	1
58.350000	158.070000	-2.936400	-15.902000	1
58.325000	158.140000	-5.340800	-15.902000	1
58.300000	158.200000	-5.000600	-15.902000	1
58.274000	158.270000	-1.209600	-15.902000	1
58.249000	158.340000	1.194600	-15.902000	1
58.223000	158.410000	1.881100	-15.902000	1
58.198000	158.480000	1.537500	-15.902000	1
58.173000	158.540000	-5.684300	-15.902000	1
58.147000	158.610000	-6.407500	-15.902000	1
58.122000	158.680000	-6.388500	-15.902000	1
58.814000	156.940000	-1.552600	-15.147000	1
58.789000	157.010000	-4.669500	-15.147000	1
58.765000	157.080000	-3.646800	-15.146000	1
58.740000	157.150000	-2.582700	-15.147000	1
58.715000	157.220000	-3.306600	-15.146000	1
58.691000	157.290000	-4.320400	-15.147000	1
58.666000	157.360000	-2.932600	-15.146000	1
58.641000	157.430000	-2.258600	-15.147000	1
58.616000	157.500000	-5.683200	-15.146000	1
58.591000	157.570000	-4.652600	-15.147000	1
58.567000	157.640000	-5.374300	-15.146000	1
58.542000	157.710000	-6.752200	-15.147000	1
58.517000	157.780000	-5.362800	-15.146000	1
58.492000	157.850000	-5.012600	-15.146000	1
58.467000	157.910000	-4.687300	-15.147000	1
58.441000	157.980000	-3.288000	-15.146000	1
58.416000	158.050000	-6.026200	-15.146000	1
58.391000	158.120000	-5.345900	-15.146000	1
58.366000	158.190000	-4.671900	-15.146000	1
58.341000	158.260000	-6.410000	-15.146000	1
58.315000	158.330000	0.165510	-15.146000	1
58.290000	158.390000	1.160700	-15.146000	1
58.264000	158.460000	2.882200	-15.146000	1
58.239000	158.530000	2.204700	-15.146000	1
58.213000	158.600000	-2.244500	-15.146000	1
58.188000	158.670000	-6.043400	-15.146000	1
58.162000	158.730000	-5.720900	-15.146000	1
58.137000	158.800000	-5.703400	-15.146000	1
58.855000	156.990000	-2.119000	-14.392000	1
58.830000	157.060000	-3.141600	-14.393000	1
58.806000	157.130000	-3.502800	-14.392000	1
58.781000	157.200000	-2.115100	-14.393000	1
58.757000	157.270000	-2.808900	-14.392000	1
58.732000	157.340000	-3.155100	-14.393000	1
58.707000	157.410000	-4.861600	-14.392000	1
58.682000	157.480000	-3.141100	-14.393000	1
58.657000	157.550000	-6.249500	-14.392000	1
58.632000	157.620000	-4.511300	-14.393000	1
58.607000	157.690000	-3.821000	-14.392000	1
58.582000	157.760000	-3.498400	-14.393000	1
58.557000	157.830000	-4.184700	-14.392000	1
58.532000	157.900000	-3.498200	-14.392000	1
58.507000	157.970000	-2.811700	-14.392000	1
58.482000	158.040000	-3.154200	-14.392000	1
58.457000	158.100000	-4.184300	-14.392000	1
58.432000	158.170000	-4.555700	-14.392000	1
58.406000	158.240000	-5.550900	-14.392000	1
58.381000	158.310000	-4.191400	-14.392000	1
58.356000	158.380000	0.973060	-14.392000	1
58.330000	158.450000	2.689500	-14.392000	1
58.305000	158.510000	2.710900	-14.392000	1
58.279000	158.580000	3.039700	-14.392000	1
58.254000	158.650000	0.987050	-14.392000	1
58.228000	158.720000	-5.915900	-14.392000	1
58.203000	158.790000	-5.225600	-14.392000	1
58.177000	158.850000	-6.252200	-14.392000	1
58.498000	158.160000	-4.509300	-13.635000	1
58.472000	158.230000	-3.121400	-13.635000	1
58.447000	158.290000	-4.155300	-13.635000	1
58.422000	158.360000	-1.754700	-13.635000	1
58.396000	158.430000	3.755800	-13.635000	1
58.371000	158.500000	2.725900	-13.635000	1
58.345000	158.570000	4.442200	-13.635000	1
58.320000	158.640000	4.106000	-13.635000	1
58.294000	158.700000	2.368400	-13.635000	1
58.269000	158.770000	-5.543100	-13.635000	1
58.243000	158.840000	-5.203000	-13.635000	1
58.217000	158.910000	-4.512700	-13.635000	1
58.538000	158.210000	0.955110	-12.876000	1
58.513000	158.280000	-2.817800	-12.876000	1
58.487000	158.350000	-2.485300	-12.876000	1
58.462000	158.410000	-4.895600	-12.876000	1
58.436000	158.480000	-1.108700	-12.875000	1
58.411000	158.550000	4.063100	-12.876000	1
58.386000	158.620000	4.049300	-12.875000	1
58.360000	158.690000	5.431900	-12.876000	1
58.334000	158.760000	4.389400	-12.876000	1
58.309000	158.820000	-1.452400	-12.876000	1
58.283000	158.890000	-5.243300	-12.875000	1
58.257000	158.960000	-4.215400	-12.876000	1
58.232000	159.030000	-4.555700	-12.875000	1
58.928000	157.290000	-2.352000	-12.116000	1
58.904000	157.360000	-1.995600	-12.116000	1
58.879000	157.430000	-3.025700	-12.116000	1
58.854000	157.500000	-2.345500	-12.116000	1
58.829000	157.570000	-2.691800	-12.116000	1
58.804000	157.640000	-3.393000	-12.116000	1
58.779000	157.710000	-3.721700	-12.116000	1
58.754000	157.780000	-0.628640	-12.116000	1
58.729000	157.850000	3.515400	-12.116000	1
58.704000	157.920000	-0.627120	-12.116000	1
58.679000	157.990000	1.431700	-12.116000	1
58.654000	158.050000	-0.970820	-12.116000	1
58.629000	158.120000	1.771900	-12.116000	1
58.603000	158.190000	-1.315900	-12.116000	1
58.578000	158.260000	-1.660800	-12.116000	1
58.553000	158.330000	0.409400	-12.116000	1
58.527000	158.400000	-2.348500	-12.116000	1
58.502000	158.470000	-4.068800	-12.116000	1
58.477000	158.540000	-1.670800	-12.115000	1
58.451000	158.600000	2.118300	-12.116000	1
58.426000	158.670000	4.528400	-12.115000	1
58.400000	158.740000	6.952300	-12.115000	1
58.374000	158.810000	5.912200	-12.115000	1
58.349000	158.880000	2.804600	-12.115000	1
58.323000	158.940000	-4.762600	-12.115000	1
58.297000	159.010000	-3.042200	-12.115000	1
58.968000	157.340000	-1.988100	-11.362000	1
58.943000	157.410000	-1.988000	-11.362000	1
58.919000	157.480000	-2.334300	-11.362000	1
58.894000	157.550000	-4.048100	-11.362000	1
58.869000	157.620000	-2.327800	-11.362000	1
58.844000	157.690000	-4.045600	-11.362000	1
58.819000	157.760000	-1.631400	-11.362000	1
58.794000	157.830000	-0.267260	-11.362000	1
58.769000	157.900000	2.142900	-11.362000	1
58.744000	157.970000	1.134400	-11.362000	1
58.719000	158.040000	1.806800	-11.362000	1
58.693000	158.110000	0.079212	-11.362000	1
58.668000	158.180000	1.455600	-11.362000	1
58.643000	158.240000	0.421760	-11.362000	1
58.618000	158.310000	1.455700	-11.362000	1
58.592000	158.380000	0.413130	-11.362000	1
58.567000	158.450000	-0.616930	-11.362000	1
58.541000	158.520000	-1.990900	-11.362000	1
58.516000	158.590000	-0.270760	-11.362000	1
58.490000	158.660000	0.771790	-11.362000	1
58.465000	158.720000	5.579500	-11.362000	1
58.439000	158.790000	7.315800	-11.362000	1
58.414000	158.860000	6.263400	-11.362000	1
58.388000	158.930000	5.242100	-11.362000	1
58.362000	159.000000	-2.674700	-11.362000	1
58.337000	159.060000	-3.018400	-11.362000	1
58.311000	159.130000	-3.358500	-11.362000	1
58.984000	157.460000	-2.986200	-10.602000	1
58.959000	157.530000	-2.619900	-10.602000	1
58.934000	157.600000	-0.903520	-10.602000	1
58.909000	157.670000	-0.563460	-10.602000	1
58.884000	157.740000	-1.259600	-10.602000	1
58.859000	157.810000	-3.336100	-10.602000	1
58.834000	157.880000	-1.598000	-10.602000	1
58.809000	157.950000	-1.261800	-10.602000	1
58.784000	158.020000	-2.639300	-10.602000	1
58.758000	158.090000	-1.259100	-10.602000	1
58.733000	158.160000	2.873700	-10.602000	1
58.708000	158.230000	0.127450	-10.602000	1
58.683000	158.300000	3.227600	-10.602000	1
58.657000	158.370000	2.181400	-10.602000	1
58.632000	158.430000	0.801320	-10.602000	1
58.607000	158.500000	-1.610200	-10.602000	1
58.581000	158.570000	-1.932700	-10.602000	1
58.556000	158.640000	-1.242700	-10.601000	1
58.530000	158.710000	-0.918900	-10.602000	1
58.504000	158.780000	4.589900	-10.601000	1
58.479000	158.850000	7.697600	-10.601000	1
58.453000	158.910000	8.047600	-10.601000	1
58.427000	158.980000	7.343900	-10.601000	1
58.402000	159.050000	1.493700	-10.601000	1
58.376000	159.120000	-5.053300	-10.601000	1
58.350000	159.180000	-2.300300	-10.601000	1
58.324000	159.250000	-3.334000	-10.601000	1
58.998000	157.580000	-0.925060	-9.845500	1
58.973000	157.650000	-1.605000	-9.845600	1
58.948000	157.720000	-2.971300	-9.845500	1
58.923000	157.790000	-3.661200	-9.845600	1
58.898000	157.860000	-3.321200	-9.845400	1
58.873000	157.930000	-3.321000	-9.845600	1
58.848000	158.000000	-1.940800	-9.845400	1
58.823000	158.070000	-2.638200	-9.845700	1
58.798000	158.140000	-2.970700	-9.845400	1
58.773000	158.210000	-0.574080	-9.845500	1
58.747000	158.280000	4.586200	-9.845500	1
58.722000	158.350000	4.260000	-9.845400	1
58.697000	158.420000	7.336400	-9.845600	1
58.671000	158.490000	4.940100	-9.845400	1
58.646000	158.550000	3.556300	-9.845400	1
58.620000	158.620000	-0.923960	-9.845500	1
58.595000	158.690000	0.456040	-9.845300	1
58.569000	158.760000	2.879900	-9.845400	1
58.544000	158.830000	4.584700	-9.845300	1
58.518000	158.900000	7.688400	-9.845400	1
58.492000	158.970000	8.378400	-9.845400	1
58.466000	159.030000	7.334700	-9.845400	1
58.441000	159.100000	4.248500	-9.845300	1
58.415000	159.170000	-1.605500	-9.845400	1
58.389000	159.240000	-1.951700	-9.845300	1
59.038000	157.630000	3.893500	-9.091200	1
59.013000	157.700000	-1.609300	-9.091200	1
58.988000	157.770000	-1.609300	-9.091200	1
58.963000	157.840000	-1.282900	-9.091300	1
58.938000	157.910000	-1.282800	-9.091100	1
58.912000	157.980000	-2.312700	-9.091300	1
58.887000	158.050000	-1.962700	-9.091100	1
58.862000	158.120000	-1.948600	-9.091400	1
58.837000	158.190000	-2.646300	-9.091100	1
58.812000	158.260000	0.097937	-9.091200	1
58.786000	158.330000	2.861900	-9.091200	1
58.761000	158.400000	5.614500	-9.091100	1
58.736000	158.470000	4.574500	-9.091300	1
58.710000	158.540000	1.470600	-9.091100	1
59.052000	157.760000	2.468500	-8.335000	1
59.027000	157.830000	0.058393	-8.335000	1
59.002000	157.900000	-0.281560	-8.335000	1
58.977000	157.970000	-2.698000	-8.334900	1
58.952000	158.040000	-2.001400	-8.335100	1
58.926000	158.100000	-2.052700	-8.334900	1
58.901000	158.170000	-1.661100	-8.335200	1
58.876000	158.240000	-0.314770	-8.334900	1
58.851000	158.310000	-2.374800	-8.335000	1
58.825000	158.380000	0.036729	-8.335000	1
58.800000	158.450000	5.909200	-8.334900	1
58.774000	158.520000	0.021597	-8.335000	1
58.749000	158.590000	0.049021	-8.334900	1
59.870000	155.500000	-0.282870	-7.578700	1
59.846000	155.580000	0.407180	-7.578600	1
59.823000	155.650000	0.423550	-7.578700	1
59.799000	155.720000	-1.310300	-7.578600	1
59.775000	155.800000	1.113700	-7.578700	1
59.751000	155.870000	0.773650	-7.578500	1
59.727000	155.940000	1.113800	-7.578600	1
59.703000	156.020000	-1.636500	-7.578400	1
59.679000	156.090000	-1.296400	-7.578600	1
59.655000	156.160000	-1.296400	-7.578400	1
59.631000	156.240000	-1.310000	-7.578500	1
59.607000	156.310000	-1.296300	-7.578400	1
59.583000	156.380000	0.423910	-7.578500	1
59.559000	156.450000	5.244100	-7.578400	1
59.535000	156.530000	10.391000	-7.578600	1
59.016000	158.020000	5.243200	-7.578300	1
58.990000	158.090000	-1.300600	-7.578500	1
58.965000	158.160000	5.593400	-7.578300	1
58.940000	158.230000	0.423590	-7.578600	1
58.915000	158.300000	5.929700	-7.578300	1
58.889000	158.370000	2.829800	-7.578500	1
58.864000	158.430000	-0.276540	-7.578400	1
58.839000	158.500000	-1.300300	-7.578400	1
58.813000	158.570000	-0.252110	-7.578500	1
58.788000	158.640000	2.829900	-7.578300	1
58.762000	158.710000	-0.276430	-7.578400	1
58.736000	158.780000	-1.300300	-7.578300	1
58.711000	158.850000	3.519900	-7.578300	1
58.685000	158.920000	1.793600	-7.578300	1
58.659000	158.990000	7.986200	-7.578300	1
58.634000	159.050000	11.440000	-7.578300	1
58.608000	159.120000	10.060000	-7.578300	1
58.582000	159.190000	10.750000	-7.578300	1
58.556000	159.260000	3.859900	-7.578200	1
58.530000	159.330000	-1.304000	-7.578300	1
58.504000	159.390000	1.106100	-7.578200	1
58.478000	159.460000	0.076187	-7.578300	1
58.452000	159.530000	-0.953650	-7.578300	1
59.910000	155.550000	0.696600	-6.824400	1
59.886000	155.630000	1.030300	-6.824300	1
59.862000	155.700000	0.006647	-6.824400	1
59.838000	155.770000	0.696710	-6.824300	1
59.815000	155.850000	1.046900	-6.824400	1
59.791000	155.920000	1.386800	-6.824200	1
59.767000	155.990000	0.663170	-6.824400	1
59.743000	156.070000	-0.333200	-6.824100	1
59.719000	156.140000	-0.683120	-6.824300	1
59.695000	156.210000	-0.366840	-6.824100	1
59.671000	156.290000	-1.023100	-6.824200	1
59.647000	156.360000	0.697010	-6.824100	1
59.622000	156.430000	0.323390	-6.824200	1
59.598000	156.500000	4.487200	-6.824100	1
59.574000	156.580000	10.639000	-6.824300	1
59.054000	158.070000	6.520400	-6.824100	1
59.029000	158.140000	6.176900	-6.824200	1
59.004000	158.210000	8.922800	-6.824000	1
58.979000	158.280000	4.796800	-6.824300	1
58.953000	158.350000	8.583100	-6.824000	1
58.928000	158.420000	5.483300	-6.824200	1
58.902000	158.490000	0.323180	-6.824100	1
58.877000	158.560000	0.323230	-6.824100	1
58.852000	158.620000	1.689600	-6.824200	1
58.826000	158.690000	5.483400	-6.824000	1
58.800000	158.760000	6.513400	-6.824100	1
58.775000	158.830000	4.793400	-6.824100	1
58.749000	158.900000	4.793400	-6.824000	1
58.723000	158.970000	3.413300	-6.824100	1
58.698000	159.040000	8.583400	-6.824000	1
58.672000	159.110000	11.333000	-6.824000	1
58.646000	159.170000	10.993000	-6.824000	1
58.620000	159.240000	11.330000	-6.824000	1
58.594000	159.310000	8.229700	-6.824000	1
58.568000	159.380000	-2.083100	-6.824000	1
58.542000	159.450000	0.323300	-6.824000	1
58.516000	159.510000	-1.054100	-6.824000	1
59.949000	155.600000	1.419800	-6.069800	1
59.925000	155.680000	1.419800	-6.069600	1
59.902000	155.750000	1.069900	-6.069700	1
59.878000	155.820000	2.789900	-6.069600	1
59.854000	155.900000	0.396290	-6.069800	1
59.830000	155.970000	0.729920	-6.069600	1
59.806000	156.040000	1.076400	-6.069700	1
59.782000	156.120000	2.116400	-6.069500	1
59.758000	156.190000	1.070100	-6.069600	1
59.734000	156.260000	1.076400	-6.069500	1
59.710000	156.340000	0.396490	-6.069600	1
59.686000	156.410000	-0.293550	-6.069500	1
59.662000	156.480000	0.046593	-6.069600	1
59.637000	156.550000	2.786100	-6.069500	1
59.613000	156.630000	6.576300	-6.069700	1
59.093000	158.120000	3.153700	-6.069500	1
59.068000	158.190000	6.933900	-6.069600	1
59.042000	158.260000	7.969800	-6.069400	1
59.017000	158.330000	8.996400	-6.069700	1
58.992000	158.400000	4.526300	-6.069400	1
58.966000	158.470000	8.306600	-6.069600	1
58.941000	158.540000	6.926600	-6.069500	1
58.915000	158.610000	2.796600	-6.069500	1
58.890000	158.680000	3.840300	-6.069600	1
58.864000	158.750000	5.560300	-6.069400	1
58.839000	158.810000	4.526700	-6.069500	1
58.813000	158.880000	9.336700	-6.069400	1
58.787000	158.950000	5.900300	-6.069400	1
58.762000	159.020000	4.866600	-6.069400	1
58.736000	159.090000	3.836600	-6.069400	1
58.710000	159.160000	12.777000	-6.069400	1
58.684000	159.230000	11.747000	-6.069400	1
58.658000	159.290000	11.733000	-6.069400	1
58.632000	159.360000	10.377000	-6.069400	1
58.606000	159.430000	-0.997130	-6.069400	1
58.580000	159.500000	-0.983470	-6.069400	1
60.036000	155.510000	2.079200	-5.314700	1
60.012000	155.580000	2.079000	-5.314500	1
59.989000	155.650000	2.079200	-5.314700	1
59.965000	155.730000	2.419200	-5.314600	1
59.941000	155.800000	2.769300	-5.314700	1
59.917000	155.870000	3.799300	-5.314600	1
59.893000	155.950000	2.769400	-5.314700	1
59.869000	156.020000	3.109400	-5.314600	1
59.845000	156.090000	2.419500	-5.314700	1
59.821000	156.170000	2.769500	-5.314500	1
59.797000	156.240000	2.419600	-5.314600	1
59.773000	156.310000	1.739500	-5.314500	1
59.749000	156.390000	0.359590	-5.314600	1
59.725000	156.460000	1.389600	-5.314500	1
59.701000	156.530000	1.049800	-5.314600	1
59.676000	156.600000	2.401900	-5.314500	1
59.652000	156.680000	7.912200	-5.314700	1
59.081000	158.310000	11.366000	-5.314400	1
59.055000	158.380000	4.145900	-5.314700	1
59.030000	158.450000	9.305900	-5.314400	1
59.004000	158.520000	6.909800	-5.314600	1
58.979000	158.590000	6.909700	-5.314500	1
58.954000	158.660000	3.809800	-5.314500	1
58.928000	158.730000	5.516200	-5.314500	1
58.902000	158.800000	9.319800	-5.314400	1
58.877000	158.870000	8.616200	-5.314500	1
58.851000	158.940000	4.839800	-5.314400	1
58.825000	159.000000	4.146200	-5.314400	1
58.800000	159.070000	2.076100	-5.314400	1
58.774000	159.140000	4.486200	-5.314400	1
58.748000	159.210000	6.559800	-5.314400	1
58.722000	159.280000	12.396000	-5.314400	1
58.696000	159.350000	13.086000	-5.314400	1
58.670000	159.410000	9.992700	-5.314400	1
58.644000	159.480000	2.762600	-5.314400	1
58.618000	159.550000	3.102800	-5.314400	1
58.592000	159.620000	1.383000	-5.314400	1
58.566000	159.690000	1.733300	-5.314400	1
60.217000	155.110000	-0.807310	-4.559900	1
60.193000	155.180000	-2.187500	-4.559700	1
60.170000	155.260000	-0.807450	-4.559900	1
60.146000	155.330000	-0.807610	-4.559700	1
60.123000	155.410000	-1.147600	-4.559900	1
60.099000	155.480000	0.912310	-4.559800	1
60.075000	155.560000	5.042400	-4.559900	1
60.052000	155.630000	4.352200	-4.559700	1
60.028000	155.700000	3.685900	-4.559900	1
60.004000	155.780000	4.012200	-4.559700	1
59.980000	155.850000	2.632300	-4.559800	1
59.956000	155.920000	1.602300	-4.559700	1
59.933000	156.000000	3.322400	-4.559900	1
59.909000	156.070000	4.352400	-4.559700	1
59.885000	156.140000	3.319100	-4.559800	1
59.861000	156.220000	2.632500	-4.559600	1
59.836000	156.290000	2.629100	-4.559800	1
59.812000	156.360000	2.632600	-4.559600	1
59.788000	156.440000	1.599200	-4.559700	1
59.764000	156.510000	3.319200	-4.559600	1
59.740000	156.580000	1.939400	-4.559700	1
59.715000	156.650000	4.009400	-4.559600	1
59.691000	156.730000	8.135400	-4.559800	1
59.068000	158.500000	11.489000	-4.559600	1
59.043000	158.570000	11.830000	-4.559800	1
59.017000	158.640000	5.299500	-4.559600	1
58.992000	158.710000	8.049600	-4.559700	1
58.966000	158.780000	5.639700	-4.559700	1
58.940000	158.850000	6.669600	-4.559600	1
58.915000	158.920000	9.429700	-4.559600	1
58.889000	158.990000	7.359700	-4.559600	1
58.863000	159.060000	7.359700	-4.559600	1
58.837000	159.120000	7.359700	-4.559600	1
58.812000	159.190000	9.429700	-4.559600	1
58.786000	159.260000	5.639700	-4.559500	1
58.760000	159.330000	10.800000	-4.559600	1
58.734000	159.400000	13.900000	-4.559600	1
58.708000	159.470000	12.876000	-4.559600	1
58.682000	159.540000	1.183300	-4.559600	1
58.656000	159.600000	-0.536490	-4.559500	1
60.280000	155.080000	-0.061627	-3.803900	1
60.256000	155.160000	0.968440	-3.804100	1
60.233000	155.230000	-0.751790	-3.804000	1
60.209000	155.310000	-1.441800	-3.804100	1
60.186000	155.380000	-0.061895	-3.804000	1
60.162000	155.460000	0.628150	-3.804100	1
60.138000	155.530000	2.688000	-3.804000	1
60.115000	155.610000	3.718100	-3.804100	1
60.091000	155.680000	4.407900	-3.803900	1
60.067000	155.750000	4.758000	-3.804100	1
60.043000	155.830000	4.407900	-3.804000	1
60.019000	155.900000	6.128000	-3.804100	1
59.996000	155.970000	1.997900	-3.804000	1
59.972000	156.050000	3.038100	-3.804100	1
59.948000	156.120000	5.098100	-3.803900	1
59.924000	156.200000	4.758300	-3.804100	1
59.900000	156.270000	5.098200	-3.803900	1
59.875000	156.340000	4.068300	-3.804000	1
59.851000	156.410000	3.718300	-3.803900	1
59.827000	156.490000	3.374900	-3.804000	1
59.803000	156.560000	6.818400	-3.803800	1
59.778000	156.630000	4.758600	-3.804000	1
59.754000	156.710000	6.818700	-3.803800	1
59.106000	158.550000	8.258600	-3.803800	1
59.081000	158.620000	12.025000	-3.804000	1
59.055000	158.690000	9.965400	-3.803900	1
59.030000	158.760000	9.629000	-3.803900	1
59.004000	158.830000	7.895600	-3.804000	1
58.978000	158.900000	7.205500	-3.803900	1
58.953000	158.970000	7.895600	-3.803900	1
58.927000	159.040000	9.275500	-3.803800	1
58.901000	159.110000	12.716000	-3.803900	1
58.875000	159.180000	10.306000	-3.803800	1
58.849000	159.250000	9.275600	-3.803900	1
58.824000	159.310000	7.205600	-3.803800	1
58.798000	159.380000	10.656000	-3.803900	1
58.772000	159.450000	13.746000	-3.803800	1
58.746000	159.520000	13.746000	-3.803800	1
58.720000	159.590000	4.812400	-3.803800	1
58.694000	159.660000	5.149200	-3.803800	1
60.272000	155.280000	1.043200	-3.047900	1
60.248000	155.360000	2.073200	-3.048000	1
60.225000	155.430000	2.423100	-3.047900	1
60.201000	155.510000	2.763100	-3.048100	1
60.178000	155.580000	4.823000	-3.047900	1
60.154000	155.660000	6.543000	-3.048000	1
60.130000	155.730000	6.542800	-3.047900	1
60.106000	155.800000	5.172900	-3.048000	1
60.082000	155.880000	5.172800	-3.047900	1
60.059000	155.950000	3.792900	-3.048000	1
60.035000	156.030000	5.512800	-3.047900	1
60.011000	156.100000	4.823000	-3.048000	1
59.987000	156.170000	6.893000	-3.047900	1
59.963000	156.250000	4.823100	-3.048000	1
59.938000	156.320000	5.863100	-3.047800	1
59.914000	156.390000	5.173200	-3.047900	1
59.890000	156.470000	4.823200	-3.047800	1
59.866000	156.540000	6.540000	-3.047900	1
59.842000	156.610000	7.233400	-3.047800	1
59.817000	156.680000	4.820200	-3.047900	1
59.793000	156.760000	5.863600	-3.047800	1
59.768000	156.830000	8.273900	-3.048000	1
59.170000	158.540000	6.824600	-3.048000	1
59.144000	158.610000	9.913700	-3.047800	1
59.119000	158.680000	10.261000	-3.048000	1
59.093000	158.750000	12.331000	-3.047800	1
59.067000	158.820000	8.880700	-3.047900	1
59.042000	158.880000	8.200700	-3.047900	1
59.016000	158.950000	8.540700	-3.047800	1
58.990000	159.020000	10.951000	-3.047900	1
58.965000	159.090000	9.570800	-3.047800	1
58.939000	159.160000	10.601000	-3.047800	1
58.913000	159.230000	9.230800	-3.047800	1
58.887000	159.300000	10.261000	-3.047800	1
58.861000	159.370000	11.641000	-3.047800	1
58.835000	159.440000	12.671000	-3.047900	1
58.809000	159.500000	13.701000	-3.047800	1
58.783000	159.570000	12.671000	-3.047800	1
58.757000	159.640000	6.477900	-3.047800	1
58.731000	159.710000	5.798100	-3.047800	1
58.705000	159.780000	4.758300	-3.047800	1
59.233000	158.520000	12.807000	-2.296300	1
59.207000	158.590000	7.987500	-2.296500	1
59.182000	158.660000	10.047000	-2.296300	1
59.156000	158.730000	13.825000	-2.296600	1
59.131000	158.800000	13.134000	-2.296300	1
59.105000	158.870000	12.790000	-2.296500	1
59.079000	158.940000	12.101000	-2.296400	1
59.054000	159.010000	12.791000	-2.296400	1
59.028000	159.070000	13.481000	-2.296400	1
59.002000	159.140000	13.821000	-2.296300	1
58.976000	159.210000	11.411000	-2.296400	1
58.950000	159.280000	12.441000	-2.296300	1
58.925000	159.350000	14.851000	-2.296400	1
58.899000	159.420000	13.821000	-2.296300	1
58.873000	159.490000	15.201000	-2.296400	1
58.847000	159.560000	13.481000	-2.296300	1
58.820000	159.620000	11.411000	-2.296400	1
58.794000	159.690000	6.251100	-2.296300	1
58.768000	159.760000	6.251400	-2.296400	1
58.742000	159.830000	6.588400	-2.296300	1
59.295000	158.810000	41.053000	0.118700	1
59.269000	158.880000	27.246000	0.118420	1
59.243000	158.950000	29.046000	0.118500	1
59.218000	159.020000	41.054000	0.118640	1
59.192000	159.090000	41.054000	0.118370	1
59.166000	159.160000	41.054000	0.118670	1
59.140000	159.230000	23.850000	0.118520	1
59.114000	159.300000	41.050000	0.118310	1
59.088000	159.370000	41.050000	0.118620	1
59.062000	159.440000	41.050000	0.118340	1
59.036000	159.510000	23.250000	0.118480	1
59.010000	159.580000	20.850000	0.118600	1
58.984000	159.650000	23.250000	0.118370	1
58.958000	159.710000	17.250000	0.118640	1
59.586000	158.480000	14.059000	2.236700	1
59.561000	158.550000	15.782000	2.236600	1
59.535000	158.620000	16.122000	2.236800	1
59.510000	158.690000	15.782000	2.236500	1
59.484000	158.760000	16.129000	2.236800	1
59.459000	158.830000	17.229000	2.236600	1
59.433000	158.900000	18.229000	2.236700	1
59.407000	158.970000	15.095000	2.236600	1
59.382000	159.040000	13.375000	2.236600	1
59.356000	159.110000	14.055000	2.236700	1
59.330000	159.180000	13.025000	2.236600	1
59.304000	159.250000	11.655000	2.236600	1
59.278000	159.320000	13.715000	2.236700	1
59.252000	159.390000	12.685000	2.236700	1
59.226000	159.460000	13.715000	2.236700	1
59.200000	159.530000	14.745000	2.236700	1
59.174000	159.600000	13.376000	2.236800	1
59.148000	159.670000	14.056000	2.236600	1
59.122000	159.740000	14.406000	2.236800	1
59.096000	159.810000	13.026000	2.236600	1
59.070000	159.870000	5.456000	2.236700	1
59.624000	158.530000	7.832100	2.992900	1
59.599000	158.600000	14.372000	2.992800	1
59.573000	158.680000	14.032000	2.993000	1
59.548000	158.750000	16.092000	2.992700	1
59.522000	158.820000	14.368000	2.993000	1
59.496000	158.890000	11.618000	2.992800	1
59.471000	158.960000	14.708000	2.992900	1
59.445000	159.030000	15.058000	2.992800	1
59.419000	159.100000	11.959000	2.992800	1
59.393000	159.170000	12.649000	2.992900	1
59.368000	159.240000	10.239000	2.992800	1
59.342000	159.310000	8.858800	2.992800	1
59.316000	159.380000	10.929000	2.992800	1
59.290000	159.450000	10.929000	2.992900	1
59.264000	159.510000	12.989000	2.992900	1
59.238000	159.580000	11.619000	2.992900	1
59.212000	159.650000	12.649000	2.993000	1
59.186000	159.720000	9.549200	2.992800	1
59.160000	159.790000	11.619000	2.993000	1
59.133000	159.860000	12.649000	2.992800	1
59.611000	158.730000	6.354400	3.748000	1
59.585000	158.800000	13.260000	3.747700	1
59.560000	158.870000	11.202000	3.748000	1
59.534000	158.940000	5.314500	3.747800	1
59.508000	159.010000	6.694600	3.747900	1
59.483000	159.080000	13.925000	3.747800	1
59.457000	159.150000	15.295000	3.747800	1
59.431000	159.220000	11.165000	3.747800	1
59.405000	159.290000	6.004900	3.747800	1
59.379000	159.360000	8.765000	3.747800	1
59.353000	159.430000	10.825000	3.747800	1
59.327000	159.500000	10.135000	3.747900	1
59.301000	159.570000	8.765200	3.747800	1
59.275000	159.640000	8.075300	3.747800	1
59.249000	159.710000	9.105500	3.747900	1
59.223000	159.780000	9.782000	3.747800	1
59.197000	159.840000	10.472000	3.748000	1
59.927000	158.000000	4.917500	4.501500	1
59.902000	158.070000	13.184000	4.501400	1
59.877000	158.140000	12.154000	4.501500	1
59.852000	158.210000	10.434000	4.501400	1
59.827000	158.280000	5.614200	4.501500	1
59.801000	158.360000	9.054200	4.501400	1
59.776000	158.430000	2.514200	4.501500	1
59.751000	158.500000	8.019800	4.501300	1
59.725000	158.570000	10.080000	4.501500	1
59.700000	158.640000	6.300000	4.501400	1
59.674000	158.710000	7.330100	4.501400	1
59.649000	158.780000	12.191000	4.501500	1
59.623000	158.850000	4.230200	4.501300	1
59.597000	158.920000	6.640500	4.501500	1
59.572000	158.990000	8.020400	4.501400	1
59.546000	159.060000	1.820500	4.501500	1
59.520000	159.130000	4.580500	4.501300	1
59.494000	159.200000	10.397000	4.501400	1
59.468000	159.270000	8.360800	4.501400	1
59.442000	159.340000	10.771000	4.501400	1
59.417000	159.410000	5.950900	4.501400	1
59.391000	159.480000	5.917400	4.501400	1
59.365000	159.550000	3.857500	4.501500	1
59.338000	159.620000	7.297600	4.501400	1
59.312000	159.690000	7.987600	4.501400	1
59.286000	159.760000	7.297800	4.501500	1
59.260000	159.830000	6.957800	4.501300	1
59.234000	159.900000	8.361600	4.501600	1
59.208000	159.970000	11.461000	4.501300	1
60.533000	156.370000	0.614300	5.256300	1
60.509000	156.440000	0.620690	5.256400	1
60.484000	156.510000	2.000800	5.256300	1
60.460000	156.590000	1.661000	5.256300	1
60.436000	156.660000	2.680400	5.256300	1
60.411000	156.740000	10.597000	5.256400	1
60.387000	156.810000	11.637000	5.256300	1
60.363000	156.880000	13.697000	5.256500	1
60.338000	156.960000	5.091000	5.256300	1
60.313000	157.030000	6.124000	5.256400	1
60.289000	157.110000	3.377700	5.256400	1
60.264000	157.180000	1.997800	5.256400	1
60.240000	157.250000	0.617910	5.256400	1
60.215000	157.330000	3.718100	5.256400	1
59.661000	158.910000	1.320300	5.256100	1
59.635000	158.980000	2.366900	5.256400	1
59.609000	159.050000	5.126900	5.256200	1
59.583000	159.120000	-1.755800	5.256300	1
59.558000	159.190000	2.010700	5.256200	1
59.532000	159.260000	2.367100	5.256200	1
59.506000	159.330000	3.057100	5.256200	1
59.480000	159.400000	6.164500	5.256200	1
59.454000	159.470000	3.064500	5.256200	1
59.428000	159.540000	1.670900	5.256200	1
59.402000	159.610000	3.747400	5.256300	1
59.376000	159.680000	6.847500	5.256200	1
59.350000	159.750000	4.761200	5.256200	1
59.324000	159.820000	6.497700	5.256300	1
59.297000	159.880000	5.801400	5.256200	1
59.271000	159.950000	9.581600	5.256400	1
59.245000	160.020000	10.628000	5.256100	1
59.219000	160.090000	3.743900	5.256300	1
59.192000	160.160000	-1.419800	5.256100	1
59.166000	160.230000	-1.093200	5.256200	1
60.571000	156.420000	1.674200	6.010200	1
60.547000	156.490000	1.334200	6.010300	1
60.523000	156.570000	2.027900	6.010300	1
60.499000	156.640000	2.703600	6.010300	1
60.474000	156.720000	4.430200	6.010300	1
60.450000	156.790000	6.150400	6.010300	1
60.426000	156.860000	11.651000	6.010200	1
60.401000	156.940000	13.035000	6.010400	1
60.377000	157.010000	9.244500	6.010200	1
60.352000	157.090000	2.701000	6.010400	1
60.327000	157.160000	4.771200	6.010300	1
60.303000	157.230000	5.111400	6.010300	1
60.278000	157.310000	4.081500	6.010300	1
60.253000	157.380000	4.428000	6.010300	1
60.229000	157.450000	2.701600	6.010200	1
60.204000	157.520000	1.668000	6.010300	1
59.491000	159.520000	3.440400	6.010100	1
59.465000	159.590000	0.350380	6.010100	1
59.439000	159.660000	0.000458	6.010200	1
59.413000	159.730000	1.014200	6.010200	1
59.387000	159.800000	3.440700	6.010200	1
59.361000	159.870000	6.540900	6.010200	1
59.335000	159.940000	8.584600	6.010100	1
59.308000	160.010000	10.331000	6.010300	1
59.282000	160.080000	11.681000	6.010000	1
59.256000	160.150000	1.360700	6.010200	1
59.229000	160.210000	-5.858200	6.010000	1
59.203000	160.280000	-3.784100	6.010200	1
60.610000	156.470000	1.222900	6.762200	1
60.586000	156.550000	1.563000	6.762300	1
60.562000	156.620000	-0.161460	6.762200	1
60.537000	156.690000	-0.161320	6.762200	1
60.513000	156.770000	3.262600	6.762300	1
60.489000	156.840000	4.985400	6.762300	1
60.464000	156.920000	8.099300	6.762200	1
60.440000	156.990000	12.579000	6.762400	1
60.415000	157.060000	9.819600	6.762200	1
60.390000	157.140000	7.053600	6.762300	1
60.366000	157.210000	1.909900	6.762300	1
60.341000	157.290000	2.600100	6.762300	1
60.316000	157.360000	2.226600	6.762300	1
60.292000	157.430000	0.190290	6.762300	1
60.267000	157.510000	-1.206000	6.762200	1
59.607000	159.370000	0.172640	6.762100	1
59.581000	159.440000	0.172590	6.762000	1
59.555000	159.510000	-1.547400	6.762100	1
59.529000	159.580000	-3.617700	6.762000	1
59.503000	159.650000	-2.581400	6.762100	1
59.477000	159.720000	0.178860	6.762200	1
59.451000	159.790000	1.892700	6.762100	1
59.424000	159.860000	0.178990	6.762100	1
59.398000	159.920000	-0.510940	6.762200	1
59.372000	159.990000	4.305500	6.762100	1
59.346000	160.060000	10.159000	6.762300	1
59.319000	160.130000	9.805300	6.762000	1
59.293000	160.200000	3.955500	6.762200	1
59.266000	160.270000	-2.232200	6.762000	1
59.240000	160.340000	-4.659700	6.762100	1
59.213000	160.410000	-4.659600	6.762000	1
59.187000	160.480000	-2.921700	6.762100	1
60.674000	156.450000	0.509260	7.521900	1
60.649000	156.520000	0.849210	7.521800	1
60.625000	156.600000	0.835650	7.521900	1
60.601000	156.670000	0.835770	7.521800	1
60.576000	156.750000	-0.884200	7.521800	1
60.552000	156.820000	2.211600	7.521800	1
60.528000	156.900000	1.535400	7.521900	1
60.503000	156.970000	5.665500	7.521800	1
60.479000	157.040000	9.105800	7.521900	1
60.454000	157.120000	7.712300	7.521800	1
60.429000	157.190000	5.988800	7.521900	1
60.405000	157.270000	-0.547520	7.521900	1
60.380000	157.340000	-1.917500	7.521800	1
60.355000	157.410000	-1.227200	7.521900	1
60.330000	157.490000	-1.580900	7.521900	1
59.928000	158.640000	-0.210110	7.521800	1
59.902000	158.720000	-1.236400	7.521600	1
59.877000	158.790000	-2.616300	7.521800	1
59.851000	158.860000	3.920300	7.521700	1
59.825000	158.930000	5.984200	7.521700	1
59.800000	159.000000	-1.237100	7.521800	1
59.774000	159.070000	4.610700	7.521600	1
59.748000	159.140000	-1.239300	7.521800	1
59.722000	159.210000	0.130900	7.521600	1
59.697000	159.280000	-0.205190	7.521800	1
59.671000	159.350000	-1.239000	7.521600	1
59.645000	159.420000	-1.928900	7.521700	1
59.619000	159.490000	-0.555100	7.521600	1
59.593000	159.560000	-1.238800	7.521700	1
59.567000	159.630000	-4.689300	7.521600	1
59.541000	159.700000	-2.619100	7.521700	1
59.514000	159.770000	0.131030	7.521700	1
59.488000	159.840000	-1.239100	7.521700	1
59.462000	159.910000	-0.895220	7.521700	1
59.436000	159.980000	-0.895140	7.521700	1
59.409000	160.050000	-0.558820	7.521600	1
59.383000	160.120000	3.235300	7.521800	1
59.357000	160.190000	10.802000	7.521600	1
59.330000	160.260000	7.701400	7.521700	1
59.304000	160.330000	-6.045700	7.521600	1
59.277000	160.390000	-3.312600	7.521700	1
59.251000	160.460000	-2.283600	7.521500	1
59.224000	160.530000	-0.901840	7.521700	1
59.198000	160.600000	-4.706500	7.521500	1
60.785000	156.280000	-1.067500	8.275300	1
60.761000	156.350000	1.002500	8.275200	1
60.737000	156.430000	0.638610	8.275100	1
60.713000	156.500000	-0.037659	8.275300	1
60.688000	156.580000	0.988700	8.275100	1
60.664000	156.650000	-0.043638	8.275200	1
60.640000	156.730000	0.312750	8.275200	1
60.615000	156.800000	-3.477500	8.275200	1
60.591000	156.880000	-0.735340	8.275200	1
60.566000	156.950000	1.324900	8.275200	1
60.542000	157.020000	0.294880	8.275200	1
60.517000	157.100000	4.421500	8.275300	1
60.493000	157.170000	3.047900	8.275200	1
60.468000	157.250000	4.421900	8.275300	1
60.443000	157.320000	-2.095300	8.275200	1
60.419000	157.390000	-1.751000	8.275200	1
60.394000	157.470000	-1.774000	8.275300	1
60.369000	157.540000	-0.393860	8.275200	1
60.897000	156.110000	0.965190	9.034200	1
60.873000	156.180000	-3.509100	9.034100	1
60.849000	156.260000	-2.125200	9.034200	1
60.824000	156.330000	-2.129000	9.034200	1
60.800000	156.410000	-0.065175	9.034100	1
60.776000	156.480000	1.314800	9.034000	1
60.752000	156.560000	0.621120	9.034200	1
60.728000	156.630000	0.621200	9.034000	1
60.703000	156.710000	0.621390	9.034100	1
60.679000	156.780000	-2.128700	9.034100	1
60.655000	156.860000	-1.788500	9.034100	1
60.630000	156.930000	-2.124700	9.034100	1
60.606000	157.000000	-2.128300	9.034100	1
60.581000	157.080000	0.295840	9.034100	1
60.556000	157.150000	-2.093000	9.034200	1
60.532000	157.230000	-0.731060	9.034100	1
60.507000	157.300000	0.964320	9.034100	1
60.960000	156.080000	0.029103	9.788400	1
60.936000	156.160000	-1.351000	9.788500	1
60.912000	156.230000	-2.385000	9.788400	1
60.888000	156.310000	-1.694900	9.788500	1
60.864000	156.390000	-1.695100	9.788500	1
60.840000	156.460000	1.745100	9.788400	1
60.815000	156.540000	1.745100	9.788300	1
60.791000	156.610000	0.361460	9.788500	1
60.767000	156.690000	-0.324750	9.788300	1
60.742000	156.760000	0.369230	9.788400	1
60.718000	156.840000	-1.014500	9.788400	1
60.694000	156.910000	-0.328090	9.788400	1
60.669000	156.990000	-2.384400	9.788400	1
60.645000	157.060000	-3.074200	9.788400	1
60.620000	157.130000	-2.019200	9.788400	1
60.952000	156.290000	-3.530900	10.546000	1
60.928000	156.360000	-0.436760	10.546000	1
60.903000	156.440000	-2.498400	10.546000	1
60.879000	156.520000	-0.428240	10.546000	1
60.855000	156.590000	-2.504500	10.546000	1
60.831000	156.670000	-0.090386	10.546000	1
60.806000	156.740000	0.599760	10.546000	1
60.782000	156.820000	0.593700	10.546000	1
60.757000	156.890000	-0.433840	10.546000	1
60.733000	156.970000	0.256350	10.546000	1
60.708000	157.040000	-2.843700	10.546000	1
60.684000	157.110000	-2.153400	10.546000	1
60.659000	157.190000	-2.473200	10.546000	1
60.635000	157.260000	-1.459000	10.546000	1
60.991000	156.340000	-1.685900	11.299000	1
60.967000	156.420000	-1.682100	11.299000	1
60.943000	156.500000	-3.392800	11.299000	1
60.919000	156.570000	-2.737400	11.299000	1
60.894000	156.650000	-2.719700	11.299000	1
60.870000	156.720000	-0.309270	11.299000	1
60.846000	156.800000	0.367110	11.299000	1
60.821000	156.870000	2.437400	11.299000	1
60.797000	156.950000	0.731230	11.299000	1
60.772000	157.020000	-1.678900	11.299000	1
60.748000	157.100000	-1.692300	11.299000	1
60.723000	157.170000	-0.620750	11.299000	1
60.698000	157.240000	-2.368100	11.299000	1
60.674000	157.320000	-0.661500	11.299000	1
60.649000	157.390000	-0.321300	11.299000	1
60.624000	157.470000	-2.045100	11.299000	1
60.599000	157.540000	-3.761400	11.299000	1
60.574000	157.610000	-0.978930	11.299000	1
60.550000	157.690000	0.719400	11.299000	1
60.525000	157.760000	-1.677000	11.299000	1
60.500000	157.840000	-2.380700	11.299000	1
59.730000	159.980000	-5.519000	11.298000	1
59.704000	160.050000	-0.696300	11.298000	1
59.677000	160.120000	-0.702630	11.298000	1
59.651000	160.190000	-0.005050	11.298000	1
59.625000	160.260000	4.807500	11.298000	1
59.598000	160.330000	1.707200	11.298000	1
59.572000	160.400000	6.511100	11.299000	1
59.545000	160.470000	5.147100	11.298000	1
59.518000	160.540000	-3.797400	11.298000	1
59.492000	160.610000	-2.789600	11.298000	1
59.465000	160.680000	-2.773000	11.298000	1
59.438000	160.750000	-2.422500	11.298000	1
61.031000	156.400000	-1.796800	12.054000	1
61.007000	156.480000	0.295690	12.054000	1
60.983000	156.550000	-1.776700	12.054000	1
60.958000	156.630000	-3.530800	12.054000	1
60.934000	156.700000	-2.840500	12.054000	1
60.910000	156.780000	-0.739130	12.054000	1
60.885000	156.850000	-0.760560	12.054000	1
60.861000	156.930000	3.352200	12.054000	1
60.836000	157.000000	0.252200	12.054000	1
60.812000	157.080000	-1.785800	12.054000	1
60.787000	157.150000	-2.479100	12.054000	1
60.763000	157.230000	-1.799600	12.054000	1
60.738000	157.300000	-1.817000	12.054000	1
60.713000	157.370000	-1.816700	12.054000	1
60.688000	157.450000	-1.466500	12.054000	1
60.663000	157.520000	-2.840300	12.054000	1
60.639000	157.600000	-2.846400	12.054000	1
60.614000	157.670000	-2.156100	12.054000	1
59.859000	159.960000	-3.830000	12.814000	1
59.833000	160.030000	-1.427400	12.814000	1
59.807000	160.100000	-1.427300	12.814000	1
59.780000	160.170000	0.642710	12.814000	1
59.754000	160.240000	-0.391280	12.814000	1
59.728000	160.310000	0.294940	12.814000	1
59.701000	160.380000	4.078800	12.814000	1
59.675000	160.450000	5.108700	12.814000	1
59.648000	160.520000	0.644710	12.814000	1
59.621000	160.590000	-0.374180	12.814000	1
59.595000	160.660000	3.391000	12.814000	1
59.568000	160.730000	-4.870200	12.814000	1
59.541000	160.790000	-3.173400	12.814000	1
59.515000	160.860000	-2.799400	12.814000	1
59.488000	160.930000	-1.100100	12.814000	1
60.003000	159.740000	-3.627100	13.573000	1
59.977000	159.810000	-1.899200	13.573000	1
59.951000	159.880000	-2.918000	13.573000	1
59.924000	159.950000	-1.202800	13.573000	1
59.898000	160.020000	-2.572900	13.573000	1
59.872000	160.090000	-1.549300	13.572000	1
59.845000	160.160000	-3.285000	13.573000	1
59.819000	160.230000	-0.167180	13.573000	1
59.793000	160.300000	-0.869850	13.573000	1
59.766000	160.370000	-0.529880	13.573000	1
59.740000	160.440000	-0.875080	13.573000	1
59.713000	160.510000	0.498720	13.573000	1
59.687000	160.580000	0.172390	13.573000	1
59.660000	160.650000	-2.253100	13.573000	1
59.633000	160.720000	-2.255500	13.573000	1
59.607000	160.780000	0.862360	13.573000	1
60.016000	159.870000	-2.465700	14.325000	1
59.989000	159.940000	-1.435600	14.325000	1
59.963000	160.010000	-2.819500	14.325000	1
59.937000	160.080000	-3.498400	14.325000	1
59.910000	160.150000	-1.435800	14.325000	1
59.884000	160.220000	-1.772100	14.325000	1
59.858000	160.290000	2.000600	14.325000	1
59.831000	160.360000	-0.753520	14.325000	1
59.805000	160.430000	-1.436200	14.325000	1
59.778000	160.500000	-3.152800	14.325000	1
59.752000	160.570000	-2.116500	14.325000	1
59.725000	160.640000	-3.522300	14.325000	1
59.698000	160.710000	-2.832200	14.325000	1
59.672000	160.780000	-3.163400	14.325000	1
59.950000	160.210000	-3.648200	15.086000	1
59.923000	160.280000	-0.911510	15.086000	1
59.897000	160.350000	-2.273100	15.086000	1
59.870000	160.420000	-1.265500	15.086000	1
59.844000	160.490000	-1.269400	15.086000	1
59.817000	160.560000	-1.945900	15.086000	1
59.791000	160.630000	-3.645100	15.086000	1
59.764000	160.700000	-5.708300	15.086000	1
59.737000	160.770000	-1.244800	15.086000	1
59.710000	160.840000	0.469070	15.086000	1
59.684000	160.900000	1.834100	15.086000	1
59.657000	160.970000	-3.995700	15.086000	1
59.630000	161.040000	-4.357700	15.086000	1
59.603000	161.110000	-2.291000	15.086000	1
60.042000	160.130000	-1.985700	15.843000	1
60.015000	160.200000	-4.736600	15.843000	1
59.989000	160.270000	-2.010000	15.842000	1
59.962000	160.340000	-0.956090	15.843000	1
59.936000	160.410000	-2.326500	15.843000	1
59.909000	160.480000	-3.363100	15.843000	1
59.883000	160.550000	-5.427600	15.843000	1
59.856000	160.620000	-3.374800	15.843000	1
59.830000	160.690000	-2.008800	15.843000	1
59.803000	160.760000	-3.385400	15.843000	1
59.776000	160.830000	1.109000	15.843000	1
59.749000	160.900000	0.745200	15.843000	1
59.723000	160.970000	0.768880	15.843000	1
59.696000	161.030000	-1.672300	15.843000	1
59.669000	161.100000	-3.729500	15.843000	1
59.642000	161.170000	-4.754800	15.843000	1
59.615000	161.240000	-1.316600	15.842000	1
59.588000	161.310000	-2.699300	15.843000	1
59.561000	161.380000	0.066231	15.842000	1
61.145000	157.330000	-1.870400	17.362000	1
61.120000	157.410000	-2.556500	17.362000	1
61.095000	157.480000	-2.892700	17.362000	1
61.070000	157.560000	-2.215800	17.362000	1
61.045000	157.630000	-2.559200	17.362000	1
61.020000	157.710000	-1.178700	17.362000	1
60.995000	157.780000	-2.214900	17.362000	1
60.970000	157.860000	-3.582500	17.362000	1
60.945000	157.930000	-3.577400	17.362000	1
60.920000	158.010000	-3.240700	17.362000	1
60.895000	158.080000	-2.554300	17.362000	1
60.870000	158.160000	-1.860400	17.362000	1
60.845000	158.230000	-4.243500	17.362000	1
60.819000	158.300000	-3.903500	17.362000	1
60.794000	158.380000	-2.551700	17.362000	1
60.769000	158.450000	-1.542700	17.362000	1
60.743000	158.520000	-2.584000	17.362000	1
60.241000	160.100000	-4.371900	18.122000	1
60.214000	160.170000	-4.025900	18.122000	1
60.188000	160.240000	-5.380400	18.122000	1
60.161000	160.310000	-6.785400	18.122000	1
60.135000	160.380000	-5.398700	18.122000	1
60.108000	160.450000	-3.687400	18.122000	1
60.082000	160.530000	-4.717100	18.122000	1
60.055000	160.600000	-8.515200	18.122000	1
60.029000	160.670000	-6.438900	18.122000	1
60.002000	160.740000	-4.357300	18.122000	1
59.975000	160.800000	-5.414400	18.122000	1