La	Lo	Sig	Theta	Ice
44.759000	147.390000	-2.340400	-18.170000	1
44.795000	147.430000	-3.717800	-18.170000	1
44.831000	147.460000	-4.409900	-18.170000	1
44.866000	147.500000	-1.647500	-18.170000	1
44.902000	147.530000	-3.370800	-18.170000	1
44.938000	147.570000	-2.684700	-18.170000	1
44.974000	147.610000	-1.317300	-18.170000	1
45.009000	147.640000	-2.697100	-18.170000	1
45.045000	147.680000	-3.354200	-18.170000	1
45.081000	147.720000	-1.999600	-18.170000	1
45.116000	147.750000	-3.026700	-18.170000	1
45.152000	147.790000	-1.305800	-18.170000	1
45.188000	147.830000	-1.305200	-18.170000	1
45.223000	147.860000	-1.645400	-18.170000	1
45.259000	147.900000	-1.999600	-18.170000	1
45.294000	147.940000	-4.748500	-18.170000	1
45.330000	147.970000	-4.409600	-18.170000	1
45.366000	148.010000	-4.734300	-18.170000	1
45.401000	148.050000	-4.747400	-18.170000	1
45.437000	148.080000	-5.763500	-18.171000	1
45.472000	148.120000	-5.780600	-18.171000	1
45.508000	148.160000	-5.785100	-18.171000	1
45.543000	148.200000	-6.126200	-18.171000	1
45.579000	148.230000	-5.444700	-18.171000	1
45.614000	148.270000	-2.321600	-18.171000	1
45.650000	148.310000	-0.261720	-18.171000	1
45.685000	148.350000	0.071520	-18.171000	1
45.720000	148.380000	0.476410	-18.171000	1
45.756000	148.420000	-0.214230	-18.171000	1
45.791000	148.460000	-0.527290	-18.171000	1
45.827000	148.500000	-0.895700	-18.171000	1
45.862000	148.530000	-1.239100	-18.171000	1
45.897000	148.570000	-0.208330	-18.171000	1
45.933000	148.610000	0.857230	-18.171000	1
45.968000	148.650000	0.136350	-18.171000	1
46.003000	148.680000	0.476970	-18.171000	1
46.039000	148.720000	0.504240	-18.171000	1
46.074000	148.760000	0.853980	-18.171000	1
46.109000	148.800000	1.169900	-18.171000	1
46.144000	148.840000	0.494500	-18.171000	1
46.180000	148.870000	0.162800	-18.171000	1
46.215000	148.910000	0.503440	-18.171000	1
46.250000	148.950000	0.857790	-18.171000	1
46.285000	148.990000	0.480950	-18.171000	1
46.320000	149.030000	0.168930	-18.171000	1
46.356000	149.070000	-0.180530	-18.171000	1
46.391000	149.100000	-2.577400	-18.171000	1
46.426000	149.140000	-1.547600	-18.171000	1
46.461000	149.180000	-0.181410	-18.171000	1
46.496000	149.220000	0.504530	-18.171000	1
46.531000	149.260000	1.891500	-18.171000	1
46.566000	149.300000	0.861890	-18.171000	1
46.601000	149.340000	1.892500	-18.171000	1
46.636000	149.380000	0.855480	-18.171000	1
46.671000	149.410000	1.199700	-18.171000	1
46.706000	149.450000	0.847730	-18.171000	1
46.741000	149.490000	1.203700	-18.172000	1
46.776000	149.530000	0.165680	-18.172000	1
46.811000	149.570000	1.536600	-18.172000	1
46.846000	149.610000	0.164740	-18.172000	1
46.881000	149.650000	0.511900	-18.172000	1
46.916000	149.690000	1.202500	-18.172000	1
45.004000	147.550000	-2.476800	-17.413000	1
45.040000	147.590000	-2.822800	-17.413000	1
45.076000	147.620000	-3.484600	-17.413000	1
45.112000	147.660000	-4.549700	-17.413000	1
45.147000	147.700000	-2.475700	-17.413000	1
45.183000	147.730000	-1.101900	-17.413000	1
45.219000	147.770000	-4.200500	-17.413000	1
45.254000	147.810000	-4.867000	-17.413000	1
45.290000	147.840000	-4.542600	-17.413000	1
45.325000	147.880000	-0.077178	-17.413000	1
45.361000	147.920000	-0.795480	-17.413000	1
45.397000	147.950000	-4.174500	-17.413000	1
45.432000	147.990000	-4.551400	-17.413000	1
45.468000	148.030000	-5.921900	-17.413000	1
45.503000	148.070000	-5.225700	-17.413000	1
45.539000	148.100000	-4.892200	-17.413000	1
45.574000	148.140000	-2.475600	-17.413000	1
45.610000	148.180000	-0.066463	-17.413000	1
45.645000	148.210000	0.271620	-17.414000	1
45.681000	148.250000	0.622030	-17.413000	1
45.716000	148.290000	0.958710	-17.413000	1
45.752000	148.330000	0.591390	-17.413000	1
45.787000	148.360000	0.235470	-17.413000	1
45.823000	148.400000	0.583540	-17.413000	1
45.858000	148.440000	0.920240	-17.413000	1
45.893000	148.480000	0.608130	-17.413000	1
45.929000	148.510000	0.258090	-17.414000	1
45.964000	148.550000	0.257590	-17.414000	1
46.000000	148.590000	1.269700	-17.414000	1
46.035000	148.630000	0.919380	-17.414000	1
46.070000	148.670000	0.922340	-17.414000	1
46.105000	148.700000	1.949400	-17.414000	1
46.141000	148.740000	0.947370	-17.414000	1
46.176000	148.780000	1.981800	-17.414000	1
46.211000	148.820000	1.638700	-17.414000	1
46.246000	148.860000	1.983100	-17.414000	1
46.282000	148.890000	0.949240	-17.414000	1
46.317000	148.930000	0.952700	-17.414000	1
46.352000	148.970000	0.948620	-17.414000	1
46.387000	149.010000	0.948310	-17.414000	1
46.422000	149.050000	-0.078888	-17.414000	1
46.458000	149.090000	-1.798500	-17.414000	1
46.493000	149.130000	0.262390	-17.414000	1
46.528000	149.160000	0.949220	-17.414000	1
46.563000	149.200000	0.588370	-17.414000	1
46.598000	149.240000	1.616400	-17.414000	1
46.633000	149.280000	1.640200	-17.414000	1
46.668000	149.320000	1.641100	-17.414000	1
46.703000	149.360000	2.330700	-17.414000	1
46.738000	149.400000	0.948880	-17.414000	1
46.773000	149.440000	1.625600	-17.414000	1
46.808000	149.470000	1.302300	-17.414000	1
46.843000	149.510000	1.966700	-17.414000	1
46.878000	149.550000	1.979700	-17.414000	1
46.913000	149.590000	1.300200	-17.414000	1
46.948000	149.630000	1.644500	-17.415000	1
46.983000	149.670000	-0.766020	-17.415000	1
45.071000	147.530000	-1.437300	-16.650000	1
45.107000	147.570000	-4.199500	-16.651000	1
45.143000	147.600000	-4.538800	-16.651000	1
45.178000	147.640000	-4.904000	-16.651000	1
45.214000	147.680000	-4.885600	-16.651000	1
45.250000	147.710000	-3.862200	-16.651000	1
45.285000	147.750000	-3.847800	-16.651000	1
45.321000	147.790000	-3.847400	-16.651000	1
45.357000	147.820000	-3.503000	-16.651000	1
45.392000	147.860000	1.640600	-16.651000	1
45.428000	147.900000	0.960150	-16.651000	1
45.463000	147.940000	-4.193600	-16.651000	1
45.499000	147.970000	-4.551700	-16.651000	1
45.535000	148.010000	-1.094300	-16.651000	1
45.570000	148.050000	2.010300	-16.651000	1
45.606000	148.080000	1.313100	-16.651000	1
45.641000	148.120000	0.973460	-16.651000	1
45.677000	148.160000	1.321500	-16.651000	1
45.712000	148.200000	1.316900	-16.651000	1
45.748000	148.230000	0.981970	-16.651000	1
45.783000	148.270000	1.315000	-16.651000	1
45.819000	148.310000	1.315400	-16.651000	1
45.854000	148.350000	0.316290	-16.651000	1
45.889000	148.380000	0.655830	-16.651000	1
45.925000	148.420000	1.314000	-16.651000	1
45.960000	148.460000	0.620050	-16.651000	1
45.996000	148.500000	1.344300	-16.652000	1
46.031000	148.530000	2.034900	-16.651000	1
46.066000	148.570000	2.341800	-16.652000	1
46.102000	148.610000	2.008500	-16.651000	1
46.137000	148.650000	2.003000	-16.652000	1
46.172000	148.690000	2.349800	-16.652000	1
46.208000	148.720000	2.727100	-16.652000	1
46.243000	148.760000	2.354300	-16.652000	1
46.278000	148.800000	2.726400	-16.652000	1
46.313000	148.840000	2.008500	-16.652000	1
46.349000	148.880000	2.001900	-16.652000	1
46.384000	148.910000	2.036200	-16.652000	1
46.419000	148.950000	2.376900	-16.652000	1
46.454000	148.990000	0.973620	-16.652000	1
46.489000	149.030000	1.320500	-16.652000	1
46.524000	149.070000	1.654900	-16.652000	1
46.559000	149.110000	2.700800	-16.652000	1
46.595000	149.150000	2.694100	-16.652000	1
46.630000	149.180000	2.378700	-16.652000	1
46.665000	149.220000	2.037000	-16.652000	1
46.700000	149.260000	2.354000	-16.652000	1
46.735000	149.300000	2.376900	-16.652000	1
46.770000	149.340000	2.037400	-16.652000	1
46.805000	149.380000	1.654200	-16.652000	1
46.840000	149.420000	2.004700	-16.652000	1
46.875000	149.460000	2.002800	-16.652000	1
46.910000	149.500000	2.692400	-16.652000	1
46.945000	149.540000	1.688100	-16.652000	1
46.980000	149.570000	1.012600	-16.652000	1
45.601000	147.990000	1.415700	-15.894000	1
45.636000	148.030000	2.089100	-15.894000	1
45.672000	148.070000	1.414700	-15.894000	1
45.707000	148.100000	1.414300	-15.894000	1
45.743000	148.140000	1.420200	-15.894000	1
45.779000	148.180000	1.784400	-15.894000	1
45.814000	148.210000	2.814800	-15.894000	1
45.850000	148.250000	2.123700	-15.894000	1
45.885000	148.290000	1.091600	-15.894000	1
45.920000	148.330000	1.094500	-15.894000	1
45.956000	148.360000	2.472600	-15.894000	1
45.991000	148.400000	1.086800	-15.894000	1
46.027000	148.440000	1.784900	-15.894000	1
46.062000	148.480000	2.813600	-15.894000	1
46.097000	148.520000	2.780800	-15.894000	1
46.133000	148.550000	2.122900	-15.894000	1
46.168000	148.590000	3.152600	-15.894000	1
46.203000	148.630000	2.813200	-15.894000	1
46.239000	148.670000	3.118700	-15.894000	1
46.274000	148.710000	3.120700	-15.894000	1
46.309000	148.740000	3.843800	-15.894000	1
46.345000	148.780000	3.838100	-15.894000	1
46.380000	148.820000	3.155000	-15.894000	1
46.415000	148.860000	3.155000	-15.894000	1
46.450000	148.900000	3.498500	-15.894000	1
46.485000	148.940000	1.061900	-15.894000	1
46.521000	148.970000	2.124000	-15.894000	1
46.556000	149.010000	2.780700	-15.894000	1
46.591000	149.050000	3.497400	-15.894000	1
46.626000	149.090000	3.497900	-15.894000	1
46.661000	149.130000	3.155900	-15.894000	1
46.696000	149.170000	3.812700	-15.894000	1
46.731000	149.210000	2.817000	-15.894000	1
46.766000	149.250000	2.800900	-15.894000	1
46.801000	149.280000	3.472900	-15.894000	1
46.836000	149.320000	3.156200	-15.895000	1
46.872000	149.360000	2.782000	-15.895000	1
46.907000	149.400000	2.091000	-15.895000	1
46.942000	149.440000	2.807800	-15.895000	1
46.977000	149.480000	2.808300	-15.895000	1
45.453000	147.750000	0.721400	-15.138000	1
45.489000	147.790000	0.734890	-15.138000	1
45.525000	147.820000	-0.295680	-15.138000	1
45.560000	147.860000	-0.308600	-15.138000	1
45.596000	147.900000	0.736190	-15.138000	1
45.631000	147.940000	1.762900	-15.138000	1
45.667000	147.970000	1.763300	-15.138000	1
45.702000	148.010000	2.113700	-15.138000	1
45.738000	148.050000	2.458000	-15.138000	1
45.774000	148.080000	2.794600	-15.138000	1
45.809000	148.120000	1.776300	-15.138000	1
45.845000	148.160000	3.129100	-15.138000	1
45.880000	148.200000	2.081800	-15.138000	1
45.916000	148.230000	2.775500	-15.138000	1
45.951000	148.270000	3.472500	-15.138000	1
45.987000	148.310000	3.124400	-15.138000	1
46.022000	148.350000	2.432800	-15.138000	1
46.057000	148.390000	3.463500	-15.138000	1
46.093000	148.420000	2.433900	-15.138000	1
46.128000	148.460000	3.145900	-15.139000	1
46.164000	148.500000	3.128900	-15.138000	1
46.199000	148.540000	3.837100	-15.139000	1
46.234000	148.570000	3.820100	-15.139000	1
46.270000	148.610000	4.177600	-15.138000	1
46.305000	148.650000	3.147300	-15.139000	1
46.340000	148.690000	3.819400	-15.139000	1
46.375000	148.730000	4.159100	-15.139000	1
46.411000	148.770000	3.486000	-15.139000	1
46.446000	148.800000	4.526600	-15.139000	1
46.481000	148.840000	3.487200	-15.139000	1
46.516000	148.880000	3.147800	-15.139000	1
46.552000	148.920000	3.470700	-15.139000	1
46.587000	148.960000	3.825100	-15.139000	1
46.622000	149.000000	3.838900	-15.139000	1
46.657000	149.030000	2.798400	-15.139000	1
46.692000	149.070000	3.838000	-15.139000	1
46.727000	149.110000	3.841400	-15.139000	1
46.762000	149.150000	3.469100	-15.139000	1
46.798000	149.190000	3.837100	-15.139000	1
46.833000	149.230000	3.491500	-15.139000	1
46.868000	149.270000	3.148200	-15.139000	1
46.903000	149.310000	3.474900	-15.139000	1
46.938000	149.350000	3.153100	-15.139000	1
46.973000	149.380000	2.799200	-15.139000	1
47.008000	149.420000	3.836300	-15.139000	1
47.043000	149.460000	3.488300	-15.139000	1
47.078000	149.500000	3.145400	-15.139000	1
47.113000	149.540000	2.796800	-15.139000	1
47.148000	149.580000	2.455000	-15.139000	1
47.182000	149.620000	1.762900	-15.139000	1
47.217000	149.660000	1.759600	-15.139000	1
47.252000	149.700000	1.763900	-15.139000	1
47.287000	149.740000	1.764300	-15.139000	1
47.322000	149.780000	2.463200	-15.139000	1
47.357000	149.820000	2.462800	-15.139000	1
47.392000	149.860000	2.456000	-15.139000	1
47.426000	149.900000	1.771700	-15.139000	1
47.461000	149.940000	1.431300	-15.139000	1
47.496000	149.980000	2.454700	-15.139000	1
47.531000	150.020000	3.835300	-15.139000	1
47.566000	150.060000	3.488200	-15.139000	1
44.875000	147.080000	-2.650800	-14.384000	1
44.911000	147.110000	-3.340200	-14.384000	1
44.947000	147.150000	-4.661500	-14.384000	1
44.982000	147.190000	-4.315500	-14.384000	1
45.018000	147.220000	-4.655800	-14.384000	1
45.054000	147.260000	-4.657600	-14.384000	1
45.090000	147.290000	-4.690900	-14.384000	1
45.126000	147.330000	-3.972500	-14.384000	1
45.162000	147.370000	-4.322100	-14.384000	1
45.197000	147.400000	-4.661600	-14.384000	1
45.233000	147.440000	-3.630900	-14.384000	1
45.269000	147.480000	-2.940000	-14.384000	1
45.305000	147.510000	-3.982600	-14.384000	1
45.341000	147.550000	-1.596300	-14.384000	1
45.376000	147.590000	0.499840	-14.384000	1
45.412000	147.620000	0.844380	-14.384000	1
45.448000	147.660000	0.838790	-14.384000	1
45.012000	147.130000	3.960200	-13.627000	1
45.048000	147.170000	1.200600	-13.627000	1
45.084000	147.200000	-3.960900	-13.627000	1
45.120000	147.240000	-5.339500	-13.627000	1
45.156000	147.280000	-3.619500	-13.627000	1
45.192000	147.310000	-4.990300	-13.627000	1
45.227000	147.350000	-3.628100	-13.627000	1
45.263000	147.390000	-2.937400	-13.627000	1
45.299000	147.420000	-3.304400	-13.627000	1
45.335000	147.460000	-0.169570	-13.627000	1
45.371000	147.500000	0.164860	-13.627000	1
45.406000	147.530000	1.885600	-13.627000	1
45.442000	147.570000	2.582300	-13.627000	1
45.478000	147.610000	2.576300	-13.627000	1
45.150000	147.190000	1.938200	-12.868000	1
45.186000	147.220000	-2.215400	-12.868000	1
45.221000	147.260000	-1.507200	-12.868000	1
45.257000	147.290000	-3.226800	-12.868000	1
45.293000	147.330000	-0.809820	-12.868000	1
45.329000	147.370000	1.937600	-12.868000	1
45.365000	147.400000	2.287300	-12.868000	1
45.401000	147.440000	1.274500	-12.868000	1
45.436000	147.480000	2.643400	-12.868000	1
45.472000	147.510000	2.993900	-12.868000	1
45.508000	147.550000	3.684500	-12.868000	1
45.543000	147.590000	1.597300	-12.868000	1
45.579000	147.620000	1.591500	-12.868000	1
45.615000	147.660000	3.679600	-12.868000	1
45.651000	147.700000	1.932400	-12.869000	1
45.215000	147.170000	3.034100	-12.109000	1
45.251000	147.200000	1.333100	-12.108000	1
45.287000	147.240000	4.747700	-12.109000	1
45.323000	147.280000	3.378200	-12.108000	1
45.359000	147.310000	1.308700	-12.108000	1
45.394000	147.350000	1.643100	-12.109000	1
45.430000	147.390000	3.037600	-12.109000	1
45.466000	147.420000	3.024000	-12.109000	1
45.502000	147.460000	2.341100	-12.109000	1
45.538000	147.500000	1.656800	-12.109000	1
45.573000	147.530000	3.034900	-12.109000	1
45.609000	147.570000	6.121600	-12.109000	1
45.645000	147.610000	5.105900	-12.109000	1
45.681000	147.640000	4.756300	-12.109000	1
45.245000	147.120000	3.796100	-11.356000	1
45.280000	147.150000	4.833300	-11.355000	1
45.316000	147.190000	2.789100	-11.356000	1
45.352000	147.220000	3.137600	-11.355000	1
45.388000	147.260000	4.168200	-11.355000	1
45.424000	147.300000	3.112600	-11.356000	1
45.460000	147.330000	4.859400	-11.356000	1
45.495000	147.370000	3.107700	-11.356000	1
45.531000	147.410000	1.410300	-11.356000	1
45.567000	147.440000	2.074700	-11.356000	1
45.603000	147.480000	0.702830	-11.356000	1
45.639000	147.520000	3.456200	-11.356000	1
45.674000	147.550000	3.795800	-11.356000	1
45.710000	147.590000	5.861800	-11.356000	1
45.746000	147.630000	5.512200	-11.356000	1
45.781000	147.670000	5.538900	-11.356000	1
45.224000	146.850000	2.735100	-9.086000	1
45.260000	146.880000	0.328430	-9.085800	1
45.296000	146.920000	0.322400	-9.086000	1
45.332000	146.960000	5.140700	-9.085900	1
45.368000	146.990000	7.565100	-9.085800	1
45.404000	147.030000	6.889500	-9.085900	1
45.440000	147.070000	5.170000	-9.085800	1
45.476000	147.100000	1.376700	-9.085800	1
45.512000	147.140000	2.081100	-9.085800	1
45.548000	147.170000	0.011454	-9.085900	1
45.583000	147.210000	1.731300	-9.086200	1
45.619000	147.250000	6.554600	-9.086000	1
45.655000	147.280000	7.566600	-9.086100	1
45.691000	147.320000	4.482600	-9.086200	1
45.727000	147.360000	8.945500	-9.086100	1
45.253000	146.800000	2.022900	-8.330200	1
45.289000	146.830000	3.046800	-8.330100	1
45.325000	146.870000	5.794200	-8.330200	1
45.361000	146.900000	5.817600	-8.330100	1
45.397000	146.940000	0.645550	-8.330100	1
45.433000	146.980000	1.320000	-8.330100	1
45.469000	147.010000	1.312900	-8.330000	1
45.505000	147.050000	0.283480	-8.330000	1
45.541000	147.090000	1.314000	-8.330000	1
45.577000	147.120000	2.012100	-8.330000	1
45.612000	147.160000	1.315100	-8.330400	1
45.648000	147.200000	4.089000	-8.330100	1
45.684000	147.230000	7.188600	-8.330300	1
45.720000	147.270000	7.538200	-8.330400	1
45.756000	147.310000	8.193600	-8.330300	1
45.354000	146.820000	8.243300	-7.574100	1
45.390000	146.850000	8.932900	-7.573900	1
45.426000	146.890000	1.008600	-7.573900	1
45.462000	146.920000	3.420500	-7.574000	1
45.498000	146.960000	2.391000	-7.573800	1
45.534000	147.000000	2.055300	-7.573900	1
45.570000	147.030000	5.139600	-7.573800	1
45.606000	147.070000	2.406300	-7.573900	1
45.641000	147.110000	2.406900	-7.574200	1
45.677000	147.140000	1.361000	-7.574000	1
45.713000	147.180000	6.187700	-7.574100	1
45.749000	147.220000	7.553500	-7.574200	1
45.785000	147.250000	7.566700	-7.574100	1
45.821000	147.290000	5.844400	-7.574200	1
45.857000	147.330000	9.285000	-7.574300	1
45.454000	146.840000	7.440500	-6.820100	1
45.490000	146.870000	6.408000	-6.820200	1
45.526000	146.910000	4.714700	-6.820000	1
45.562000	146.940000	6.409000	-6.820100	1
45.598000	146.980000	6.785700	-6.820000	1
45.634000	147.020000	2.629900	-6.820000	1
45.670000	147.050000	0.244240	-6.820400	1
45.706000	147.090000	-0.442960	-6.820100	1
45.742000	147.130000	3.685200	-6.820300	1
45.778000	147.160000	8.131500	-6.820400	1
45.814000	147.200000	7.124700	-6.820300	1
45.850000	147.240000	9.534300	-6.820300	1
45.885000	147.270000	10.222000	-6.820500	1
45.519000	146.820000	10.985000	-6.066000	1
45.555000	146.860000	9.239000	-6.065800	1
45.591000	146.890000	8.233200	-6.065900	1
45.627000	146.930000	6.513700	-6.065800	1
45.663000	146.970000	4.104200	-6.065800	1
45.699000	147.000000	2.724800	-6.066200	1
45.735000	147.040000	2.725200	-6.065900	1
45.771000	147.080000	2.385700	-6.066100	1
45.807000	147.110000	6.829800	-6.066200	1
45.843000	147.150000	6.515500	-6.066100	1
45.878000	147.190000	10.279000	-6.066100	1
45.914000	147.220000	10.957000	-6.066200	1
45.950000	147.260000	11.333000	-6.066200	1
45.584000	146.800000	10.624000	-5.311200	1
45.620000	146.840000	8.860800	-5.311300	1
45.656000	146.880000	8.214900	-5.311200	1
45.692000	146.910000	7.185400	-5.311200	1
45.728000	146.950000	3.406100	-5.311600	1
45.764000	146.990000	3.406400	-5.311300	1
45.800000	147.020000	2.367000	-5.311500	1
45.835000	147.060000	6.831100	-5.311600	1
45.871000	147.100000	10.287000	-5.311500	1
45.907000	147.130000	8.566500	-5.311600	1
45.943000	147.170000	10.268000	-5.311600	1
45.979000	147.210000	12.344000	-5.311600	1
46.015000	147.240000	7.534900	-5.311700	1
46.051000	147.280000	8.215200	-5.311600	1
44.816000	145.970000	12.159000	-4.556700	1
44.853000	146.000000	12.509000	-4.556700	1
44.889000	146.040000	13.550000	-4.556800	1
44.925000	146.070000	13.551000	-4.556500	1
44.962000	146.110000	13.201000	-4.556700	1
44.998000	146.140000	13.552000	-4.556800	1
45.034000	146.180000	13.893000	-4.556800	1
45.070000	146.210000	12.863000	-4.556900	1
45.107000	146.250000	12.864000	-4.556900	1
45.143000	146.280000	9.763700	-4.556800	1
45.179000	146.320000	4.943400	-4.557000	1
45.215000	146.360000	8.034700	-4.556800	1
45.251000	146.390000	12.505000	-4.556900	1
45.287000	146.430000	12.856000	-4.557100	1
45.324000	146.460000	11.823000	-4.556900	1
45.360000	146.500000	12.167000	-4.556900	1
45.396000	146.540000	11.511000	-4.557000	1
45.432000	146.570000	11.512000	-4.556900	1
45.468000	146.610000	12.509000	-4.557100	1
45.504000	146.640000	12.859000	-4.556900	1
45.540000	146.680000	12.168000	-4.556900	1
45.576000	146.720000	10.129000	-4.557000	1
45.612000	146.750000	12.200000	-4.556800	1
45.648000	146.790000	11.510000	-4.556900	1
45.684000	146.830000	10.097000	-4.556700	1
45.720000	146.860000	4.971200	-4.556800	1
45.756000	146.900000	5.661900	-4.557100	1
45.792000	146.930000	4.972200	-4.556900	1
45.828000	146.970000	10.133000	-4.557000	1
45.864000	147.010000	8.072900	-4.557100	1
45.900000	147.040000	8.746000	-4.557000	1
45.936000	147.080000	11.172000	-4.557100	1
45.972000	147.120000	10.480000	-4.557200	1
46.008000	147.160000	12.184000	-4.557100	1
46.044000	147.190000	9.084300	-4.557300	1
46.215000	146.880000	24.826000	0.117760	1
46.251000	146.920000	13.407000	0.118300	1
46.287000	146.960000	13.747000	0.117900	1
46.323000	146.990000	13.406000	0.117980	1
46.359000	147.030000	12.713000	0.118310	1
46.395000	147.070000	12.716000	0.117890	1
46.431000	147.100000	12.646000	0.118220	1
46.467000	147.140000	12.987000	0.118200	1
46.503000	147.180000	12.987000	0.117850	1
46.539000	147.220000	12.988000	0.118360	1
46.574000	147.250000	13.678000	0.117960	1
46.610000	147.290000	15.759000	0.117930	1
46.646000	147.330000	16.159000	0.118240	1
46.682000	147.370000	23.758000	0.117730	1
46.718000	147.400000	20.155000	0.118090	1
46.753000	147.440000	23.156000	0.118060	1
46.789000	147.480000	23.159000	0.117690	1
46.825000	147.520000	20.160000	0.118160	1
46.861000	147.550000	23.760000	0.117740	1
46.896000	147.590000	25.761000	0.117720	1
46.932000	147.630000	25.761000	0.118130	1
46.968000	147.670000	21.762000	0.117620	1
47.003000	147.700000	24.762000	0.118030	1
47.039000	147.740000	25.762000	0.118070	1
47.075000	147.780000	23.762000	0.117700	1
47.110000	147.820000	17.559000	0.118230	1
47.146000	147.860000	16.972000	0.117890	1
47.181000	147.900000	17.573000	0.117840	1
47.217000	147.930000	14.043000	0.118260	1
47.253000	147.970000	22.374000	0.117780	1
47.288000	148.010000	19.774000	0.118080	1
47.324000	148.050000	21.775000	0.118060	1
47.359000	148.090000	25.775000	0.117670	1
47.395000	148.130000	25.775000	0.118110	1
47.430000	148.160000	23.775000	0.117820	1
47.466000	148.200000	21.775000	0.117740	1
47.501000	148.240000	19.773000	0.118160	1
47.536000	148.280000	23.166000	0.117650	1
47.572000	148.320000	28.966000	0.117880	1
47.607000	148.360000	25.767000	0.118010	1
47.643000	148.400000	24.767000	0.117640	1
47.678000	148.440000	18.768000	0.118160	1
45.498000	145.840000	8.778500	2.991300	1
45.534000	145.880000	8.438900	2.991200	1
45.570000	145.910000	7.749400	2.991100	1
45.607000	145.950000	5.003400	2.991300	1
45.643000	145.980000	5.693800	2.991200	1
45.679000	146.020000	5.344500	2.991400	1
45.715000	146.060000	5.345000	2.991300	1
45.752000	146.090000	6.725400	2.991200	1
45.788000	146.130000	6.375800	2.991400	1
45.824000	146.160000	6.035300	2.991300	1
45.860000	146.200000	10.502000	2.991300	1
45.897000	146.240000	7.063000	2.991500	1
45.933000	146.270000	8.103400	2.991200	1
45.969000	146.310000	7.427500	2.991600	1
46.005000	146.350000	7.428100	2.991600	1
46.359000	146.210000	8.613300	7.517700	1
46.395000	146.250000	10.327000	7.517500	1
46.431000	146.290000	9.643900	7.517600	1
46.467000	146.320000	11.012000	7.517700	1
46.504000	146.360000	10.321000	7.517500	1
46.540000	146.400000	10.658000	7.517700	1
46.576000	146.430000	9.284300	7.517700	1
46.612000	146.470000	8.254600	7.517800	1
46.648000	146.510000	5.165000	7.517900	1
46.684000	146.540000	4.125300	7.517700	1
46.720000	146.580000	3.191900	7.517800	1
46.756000	146.620000	3.882400	7.517900	1
46.792000	146.660000	0.430190	7.517700	1
46.828000	146.690000	4.587000	7.517900	1
46.865000	146.730000	6.646900	7.517700	1
46.901000	146.770000	7.650300	7.517900	1
46.937000	146.800000	9.367500	7.518000	1
46.972000	146.840000	9.027800	7.517800	1
47.008000	146.880000	8.338300	7.517900	1
47.044000	146.920000	7.308800	7.518000	1
47.080000	146.950000	2.489100	7.517800	1
47.116000	146.990000	3.513400	7.517900	1
47.152000	147.030000	1.467500	7.517700	1
47.188000	147.070000	6.301900	7.517800	1
47.224000	147.100000	7.305000	7.518000	1
47.260000	147.140000	9.364500	7.517800	1
47.296000	147.180000	6.625000	7.518000	1
47.332000	147.220000	4.891700	7.518100	1
47.367000	147.260000	-0.254250	7.518000	1
47.403000	147.290000	3.526500	7.518300	1
47.439000	147.330000	10.067000	7.518100	1
46.917000	146.530000	3.058500	9.783200	1
46.953000	146.570000	2.337300	9.783000	1
46.989000	146.610000	3.707900	9.783200	1
47.025000	146.640000	0.958320	9.783300	1
47.061000	146.680000	-0.761440	9.783100	1
47.097000	146.720000	0.605370	9.783200	1
47.133000	146.760000	1.985900	9.783300	1
47.169000	146.790000	-0.416170	9.783200	1
47.205000	146.830000	-0.028030	9.783200	1
47.241000	146.870000	3.710600	9.783000	1
47.277000	146.910000	6.158400	9.783100	1
47.313000	146.940000	5.431300	9.783300	1
47.349000	146.980000	4.065400	9.783100	1
47.385000	147.020000	4.439800	9.783300	1
47.421000	147.060000	4.746500	9.783400	1
46.149000	145.680000	4.659600	10.540000	1
46.185000	145.710000	4.663900	10.540000	1
46.222000	145.750000	6.380400	10.540000	1
46.258000	145.780000	6.040900	10.540000	1
46.295000	145.820000	1.915100	10.540000	1
46.331000	145.860000	3.639200	10.540000	1
46.367000	145.890000	6.732100	10.540000	1
46.404000	145.930000	7.076300	10.540000	1
46.440000	145.960000	3.639500	10.540000	1
46.476000	146.000000	5.002200	10.540000	1
46.512000	146.040000	1.908600	10.540000	1
46.549000	146.070000	2.602800	10.540000	1
46.585000	146.110000	1.563100	10.540000	1
46.621000	146.150000	7.073500	10.540000	1
46.657000	146.180000	6.043900	10.540000	1
46.694000	146.220000	6.051800	10.540000	1
46.730000	146.260000	7.074600	10.540000	1
46.766000	146.290000	6.742600	10.540000	1
46.802000	146.330000	4.672500	10.540000	1
46.838000	146.370000	4.662700	10.540000	1
46.874000	146.400000	1.517400	10.541000	1
46.911000	146.440000	3.635400	10.540000	1
46.947000	146.480000	4.325800	10.540000	1
46.983000	146.520000	4.673700	10.540000	1
47.019000	146.550000	5.006700	10.541000	1
47.055000	146.590000	2.607100	10.541000	1
47.091000	146.630000	-1.188900	10.540000	1
47.127000	146.660000	-0.498320	10.541000	1
47.163000	146.700000	1.573700	10.541000	1
47.199000	146.740000	2.956300	10.540000	1
47.235000	146.780000	5.366000	10.541000	1
47.271000	146.810000	5.362800	10.540000	1
47.307000	146.850000	6.743400	10.540000	1
47.343000	146.890000	5.690100	10.541000	1
47.379000	146.930000	3.976600	10.540000	1
46.019000	145.300000	3.294000	12.807000	1
46.055000	145.330000	0.884450	12.807000	1
46.092000	145.370000	1.222600	12.807000	1
46.128000	145.410000	3.266900	12.807000	1
46.165000	145.440000	4.313700	12.807000	1
46.201000	145.480000	4.310300	12.807000	1
46.238000	145.510000	3.280700	12.807000	1
46.274000	145.550000	1.576300	12.807000	1
46.311000	145.580000	0.176620	12.807000	1
46.347000	145.620000	1.544900	12.807000	1
46.384000	145.660000	2.941600	12.807000	1
46.420000	145.690000	3.631900	12.807000	1
46.456000	145.730000	1.218500	12.807000	1
46.493000	145.770000	0.180170	12.807000	1
46.529000	145.800000	0.571990	12.807000	1
46.565000	145.840000	1.928600	12.807000	1
46.602000	145.870000	-0.500400	12.807000	1
46.638000	145.910000	1.248500	12.807000	1
46.674000	145.950000	2.964900	12.807000	1
46.711000	145.980000	0.895100	12.807000	1
46.747000	146.020000	0.181600	12.807000	1
46.783000	146.060000	1.898200	12.807000	1
46.820000	146.090000	1.586200	12.807000	1
46.856000	146.130000	0.528900	12.807000	1
47.290000	146.580000	2.933100	12.807000	1
47.326000	146.610000	-0.506690	12.807000	1
47.362000	146.650000	0.555170	12.807000	1
47.398000	146.690000	0.550510	12.807000	1
47.434000	146.730000	0.200140	12.808000	1
47.470000	146.760000	-1.197200	12.807000	1
47.506000	146.800000	-1.525300	12.808000	1
47.542000	146.840000	1.899200	12.808000	1
47.578000	146.880000	1.238100	12.808000	1
47.614000	146.920000	3.630200	12.808000	1
47.650000	146.950000	4.302900	12.808000	1
47.686000	146.990000	3.987100	12.808000	1
47.721000	147.030000	2.960000	12.808000	1
47.757000	147.070000	2.957900	12.808000	1
47.793000	147.110000	1.216400	12.808000	1
47.829000	147.140000	3.635700	12.808000	1
47.865000	147.180000	4.682300	12.808000	1
47.901000	147.220000	2.955100	12.808000	1
47.936000	147.260000	2.963200	12.808000	1
47.972000	147.300000	5.016100	12.808000	1
48.008000	147.340000	2.606600	12.808000	1
48.044000	147.370000	4.660900	12.808000	1
48.080000	147.410000	2.607500	12.808000	1
48.115000	147.450000	3.655700	12.808000	1
48.151000	147.490000	2.259700	12.808000	1
48.187000	147.530000	4.661800	12.808000	1
48.222000	147.570000	2.265000	12.808000	1
48.258000	147.610000	1.235400	12.808000	1
48.294000	147.650000	1.559800	12.808000	1
48.329000	147.680000	0.551620	12.808000	1
48.365000	147.720000	3.654700	12.808000	1
48.401000	147.760000	3.995300	12.808000	1
48.436000	147.800000	5.715800	12.808000	1
46.049000	145.240000	1.470500	13.565000	1
46.085000	145.280000	2.178700	13.565000	1
46.122000	145.310000	1.499200	13.565000	1
46.158000	145.350000	2.869000	13.565000	1
46.195000	145.390000	2.491800	13.565000	1
46.231000	145.420000	3.199800	13.565000	1
46.268000	145.460000	1.836400	13.565000	1
46.304000	145.490000	-4.370100	13.565000	1
46.341000	145.530000	-1.965500	13.565000	1
46.377000	145.570000	1.821500	13.565000	1
46.414000	145.600000	1.838200	13.566000	1
46.450000	145.640000	0.458420	13.565000	1
46.487000	145.670000	1.148900	13.565000	1
46.523000	145.710000	-0.923860	13.565000	1
46.559000	145.750000	-0.915240	13.565000	1
46.596000	145.780000	0.426650	13.565000	1
46.632000	145.820000	1.467000	13.565000	1
46.668000	145.860000	0.805890	13.565000	1
46.705000	145.890000	1.130000	13.565000	1
46.741000	145.930000	0.421720	13.565000	1
46.777000	145.970000	1.496900	13.565000	1
46.814000	146.000000	0.100900	13.565000	1
46.850000	146.040000	1.497600	13.566000	1
46.886000	146.080000	1.469200	13.566000	1
46.922000	146.110000	-0.928970	13.566000	1
46.959000	146.150000	1.828100	13.566000	1
46.995000	146.190000	3.185800	13.566000	1
47.031000	146.220000	1.479900	13.566000	1
47.067000	146.260000	1.820400	13.566000	1
47.103000	146.300000	1.783100	13.566000	1
47.140000	146.330000	2.851300	13.566000	1
47.176000	146.370000	1.467900	13.566000	1
47.212000	146.410000	0.101910	13.566000	1
47.248000	146.450000	0.754840	13.566000	1
47.284000	146.480000	-1.612600	13.566000	1
47.320000	146.520000	-0.941000	13.566000	1
47.356000	146.560000	2.159200	13.566000	1
47.392000	146.600000	1.129600	13.566000	1
47.428000	146.630000	0.086212	13.566000	1
47.464000	146.670000	0.402990	13.566000	1
47.500000	146.710000	1.119600	13.566000	1
47.536000	146.750000	0.432830	13.566000	1
47.572000	146.780000	-0.920700	13.566000	1
47.608000	146.820000	-2.314300	13.566000	1
47.644000	146.860000	2.162800	13.566000	1
47.680000	146.900000	3.537000	13.566000	1
47.716000	146.940000	4.240400	13.566000	1
47.752000	146.970000	3.199500	13.566000	1
47.788000	147.010000	1.813500	13.566000	1
47.824000	147.050000	4.230200	13.566000	1
47.860000	147.090000	4.230700	13.566000	1
47.896000	147.130000	2.511100	13.566000	1
47.932000	147.160000	-0.238680	13.566000	1
47.967000	147.200000	0.778100	13.566000	1
48.003000	147.240000	1.490000	13.566000	1
48.039000	147.280000	1.816800	13.566000	1
48.075000	147.320000	2.852900	13.566000	1
48.111000	147.360000	2.159400	13.566000	1
48.146000	147.400000	3.533800	13.566000	1
48.182000	147.430000	1.820400	13.566000	1
48.218000	147.470000	-0.230260	13.566000	1
48.254000	147.510000	1.138900	13.566000	1
48.289000	147.550000	-0.594550	13.566000	1
48.325000	147.590000	1.816200	13.567000	1
48.361000	147.630000	4.240600	13.566000	1
48.396000	147.670000	3.901100	13.567000	1
48.432000	147.710000	2.171400	13.567000	1
48.467000	147.750000	2.844900	13.567000	1
45.969000	145.080000	-0.226660	14.316000	1
46.005000	145.120000	0.123990	14.317000	1
46.042000	145.150000	0.803120	14.317000	1
46.078000	145.190000	0.463010	14.317000	1
46.115000	145.220000	-0.563010	14.317000	1
46.152000	145.260000	1.840000	14.317000	1
46.188000	145.300000	1.146600	14.317000	1
46.225000	145.330000	0.800960	14.317000	1
46.261000	145.370000	1.499000	14.317000	1
46.298000	145.400000	2.189500	14.317000	1
46.334000	145.440000	2.523800	14.317000	1
46.371000	145.480000	1.500300	14.317000	1
46.407000	145.510000	1.497000	14.317000	1
46.444000	145.550000	1.500800	14.317000	1
46.480000	145.580000	0.466900	14.317000	1
46.517000	145.620000	0.467330	14.317000	1
46.553000	145.660000	0.800060	14.317000	1
46.589000	145.690000	0.801820	14.317000	1
46.626000	145.730000	3.218500	14.317000	1
46.662000	145.760000	1.170100	14.317000	1
47.459000	146.580000	0.825510	14.317000	1
47.495000	146.620000	-0.186470	14.318000	1
47.531000	146.650000	1.862600	14.317000	1
47.567000	146.690000	1.513100	14.318000	1
47.603000	146.730000	1.858700	14.318000	1
47.639000	146.770000	2.198500	14.318000	1
47.675000	146.800000	2.221200	14.318000	1
47.711000	146.840000	2.561600	14.318000	1
47.747000	146.880000	2.535800	14.318000	1
47.783000	146.920000	3.578700	14.318000	1
47.819000	146.960000	0.842630	14.318000	1
47.855000	146.990000	1.169200	14.318000	1
47.891000	147.030000	1.865900	14.318000	1
47.927000	147.070000	1.193900	14.318000	1
47.962000	147.110000	-1.224600	14.318000	1
47.998000	147.150000	1.168300	14.318000	1
48.034000	147.190000	0.476890	14.318000	1
48.070000	147.220000	2.197600	14.318000	1
48.106000	147.260000	0.833150	14.318000	1
48.141000	147.300000	1.856100	14.318000	1
48.177000	147.340000	1.865200	14.318000	1
48.213000	147.380000	0.817070	14.318000	1
48.249000	147.420000	0.503710	14.318000	1
48.285000	147.460000	-2.268600	14.318000	1
48.320000	147.500000	1.884700	14.318000	1
48.356000	147.530000	2.915200	14.318000	1
45.926000	144.960000	-0.273940	15.078000	1
45.962000	144.990000	1.091100	15.078000	1
45.999000	145.030000	-0.640930	15.077000	1
46.036000	145.060000	-0.626630	15.078000	1
46.072000	145.100000	-0.626170	15.078000	1
46.109000	145.130000	1.090700	15.078000	1
46.145000	145.170000	0.061112	15.078000	1
46.182000	145.200000	-0.622310	15.078000	1
46.219000	145.240000	-0.278000	15.078000	1
46.255000	145.280000	-0.942340	15.078000	1
46.292000	145.310000	-0.269650	15.078000	1
46.328000	145.350000	0.066458	15.078000	1
46.365000	145.380000	-0.280720	15.078000	1
46.401000	145.420000	0.063492	15.078000	1
46.438000	145.460000	0.410180	15.078000	1
46.474000	145.490000	-0.604250	15.078000	1
46.511000	145.530000	-1.315400	15.078000	1
46.547000	145.560000	-4.734400	15.078000	1
46.584000	145.600000	-3.372700	15.078000	1
46.620000	145.640000	-1.990600	15.078000	1
46.656000	145.670000	1.096200	15.078000	1
46.693000	145.710000	0.411900	15.078000	1
46.729000	145.750000	0.058466	15.078000	1
46.766000	145.780000	-0.623780	15.078000	1
46.802000	145.820000	-2.666100	15.078000	1
46.838000	145.850000	-4.079900	15.078000	1
46.875000	145.890000	-0.962860	15.078000	1
46.911000	145.930000	-0.254800	15.078000	1
46.947000	145.960000	0.758050	15.078000	1
46.983000	146.000000	-1.328100	15.078000	1
47.020000	146.040000	-1.031700	15.078000	1
47.056000	146.080000	-1.397400	15.078000	1
47.092000	146.110000	-1.030700	15.078000	1
47.128000	146.150000	-1.030900	15.078000	1
47.165000	146.190000	1.009500	15.078000	1
47.201000	146.220000	1.360000	15.078000	1
47.237000	146.260000	-0.359670	15.079000	1
47.273000	146.300000	1.010800	15.078000	1
47.309000	146.330000	-0.002609	15.079000	1
47.345000	146.370000	-0.343270	15.079000	1
47.382000	146.410000	1.043500	15.079000	1
47.418000	146.450000	1.006300	15.079000	1
47.454000	146.480000	-1.737400	15.078000	1
47.490000	146.520000	-3.441400	15.078000	1
47.526000	146.560000	2.383200	15.079000	1
47.562000	146.600000	1.359700	15.078000	1
47.598000	146.630000	2.037800	15.079000	1
47.634000	146.670000	2.038200	15.079000	1
47.670000	146.710000	1.361000	15.079000	1
47.706000	146.750000	0.665210	15.079000	1
47.742000	146.790000	1.355600	15.079000	1
47.778000	146.820000	1.393500	15.079000	1
47.814000	146.860000	0.351470	15.079000	1
47.850000	146.900000	2.068100	15.079000	1
47.886000	146.940000	1.352500	15.079000	1
47.922000	146.980000	0.010351	15.079000	1
47.958000	147.010000	1.730900	15.079000	1
47.994000	147.050000	2.421300	15.079000	1
48.030000	147.090000	-1.056000	15.079000	1
48.065000	147.130000	0.689800	15.079000	1
48.101000	147.170000	1.376600	15.079000	1
48.137000	147.210000	1.717100	15.079000	1
48.173000	147.240000	1.393800	15.079000	1
48.209000	147.280000	-1.366000	15.079000	1
48.245000	147.320000	-2.058700	15.079000	1
48.280000	147.360000	-1.385700	15.079000	1
48.316000	147.400000	2.408900	15.079000	1
48.352000	147.440000	1.025400	15.079000	1
48.388000	147.480000	0.702170	15.079000	1
48.423000	147.520000	1.392600	15.079000	1
48.459000	147.560000	3.069500	15.079000	1
45.956000	144.900000	-1.422500	15.834000	1
45.993000	144.940000	-1.081900	15.834000	1
46.029000	144.970000	-0.400050	15.833000	1
46.066000	145.010000	-1.427200	15.834000	1
46.103000	145.040000	-0.742850	15.834000	1
46.139000	145.080000	-1.773900	15.834000	1
46.176000	145.110000	-2.111400	15.834000	1
46.212000	145.150000	-1.772300	15.834000	1
46.249000	145.180000	-1.429400	15.834000	1
46.286000	145.220000	-3.491700	15.834000	1
46.322000	145.260000	-1.763400	15.834000	1
46.359000	145.290000	-2.810600	15.834000	1
46.395000	145.330000	-2.810200	15.834000	1
46.432000	145.360000	-2.078400	15.834000	1
46.468000	145.400000	-1.727800	15.834000	1
46.505000	145.440000	-1.764900	15.834000	1
46.541000	145.470000	-4.529700	15.834000	1
46.578000	145.510000	-4.873400	15.834000	1
46.614000	145.540000	-3.111200	15.834000	1
46.651000	145.580000	-4.186200	15.834000	1
46.687000	145.620000	-0.405090	15.834000	1
46.723000	145.650000	0.642890	15.834000	1
46.760000	145.690000	-0.736870	15.834000	1
46.796000	145.730000	-0.359000	15.834000	1
46.833000	145.760000	-0.698760	15.834000	1
46.869000	145.800000	-1.426100	15.834000	1
46.905000	145.840000	-1.093600	15.834000	1
46.942000	145.870000	0.980290	15.834000	1
46.978000	145.910000	0.294360	15.834000	1
47.014000	145.950000	-3.118400	15.834000	1
47.051000	145.980000	-4.181000	15.834000	1
47.087000	146.020000	-2.791400	15.834000	1
47.123000	146.060000	1.002000	15.834000	1
47.159000	146.090000	-2.794300	15.835000	1
47.196000	146.130000	-0.355940	15.834000	1
47.232000	146.170000	-0.695510	15.834000	1
47.268000	146.200000	0.307490	15.835000	1
47.304000	146.240000	-1.409900	15.834000	1
47.340000	146.280000	-2.095800	15.835000	1
47.377000	146.320000	1.000500	15.835000	1
47.413000	146.350000	-0.035405	15.835000	1
47.449000	146.390000	-1.071300	15.835000	1
47.485000	146.430000	-4.137900	15.834000	1
47.521000	146.470000	-4.137400	15.835000	1
47.557000	146.500000	-0.033708	15.835000	1
47.593000	146.540000	-1.045900	15.835000	1
47.629000	146.580000	-1.746900	15.835000	1
47.665000	146.620000	-3.124100	15.835000	1
47.701000	146.650000	-0.354550	15.835000	1
47.738000	146.690000	1.025600	15.835000	1
47.774000	146.730000	1.334400	15.835000	1
47.810000	146.770000	-0.721670	15.835000	1
47.846000	146.810000	0.682680	15.835000	1
47.882000	146.840000	-1.070900	15.835000	1
47.917000	146.880000	-0.718160	15.835000	1
47.953000	146.920000	-3.447000	15.835000	1
47.989000	146.960000	-3.459100	15.835000	1
48.025000	147.000000	0.334340	15.835000	1
48.061000	147.030000	0.672420	15.835000	1
48.097000	147.070000	1.689000	15.835000	1
48.133000	147.110000	1.711500	15.835000	1
48.169000	147.150000	0.681950	15.835000	1
48.204000	147.190000	-1.060200	15.835000	1
48.240000	147.230000	-0.384770	15.835000	1
48.276000	147.270000	-0.696680	15.835000	1
48.312000	147.300000	-0.356210	15.835000	1
48.348000	147.340000	-1.027000	15.835000	1
48.383000	147.380000	-1.069200	15.835000	1
48.419000	147.420000	1.702900	15.835000	1
48.455000	147.460000	2.379500	15.835000	1
45.913000	144.770000	-0.515160	16.587000	1
45.950000	144.810000	-1.544800	16.587000	1
45.986000	144.840000	-2.582000	16.587000	1
46.023000	144.880000	-1.550000	16.587000	1
46.060000	144.920000	-0.867810	16.587000	1
46.096000	144.950000	-0.517240	16.587000	1
46.133000	144.990000	-2.587100	16.587000	1
46.170000	145.020000	-3.235500	16.587000	1
46.206000	145.060000	-1.902200	16.588000	1
46.243000	145.090000	-2.609400	16.588000	1
46.280000	145.130000	-2.258900	16.588000	1
46.316000	145.160000	-4.305100	16.588000	1
46.353000	145.200000	-2.930400	16.588000	1
46.389000	145.240000	-3.255100	16.588000	1
46.426000	145.270000	-2.930400	16.588000	1
46.462000	145.310000	-3.641500	16.588000	1
46.499000	145.340000	-2.927000	16.588000	1
46.535000	145.380000	-3.614400	16.588000	1
46.572000	145.420000	-4.646700	16.588000	1
46.609000	145.450000	-3.272200	16.588000	1
46.645000	145.490000	-3.622000	16.588000	1
46.681000	145.520000	-3.584200	16.588000	1
46.718000	145.560000	-2.234600	16.588000	1
46.754000	145.600000	-2.236900	16.588000	1
46.791000	145.630000	-3.271300	16.588000	1
46.827000	145.670000	-4.651400	16.588000	1
46.864000	145.710000	-2.879300	16.588000	1
46.900000	145.740000	-4.259300	16.588000	1
46.936000	145.780000	-5.000600	16.588000	1
46.973000	145.820000	-3.273500	16.588000	1
47.009000	145.850000	-3.269300	16.588000	1
47.045000	145.890000	-0.460900	16.588000	1
47.082000	145.930000	-0.798270	16.588000	1
47.118000	145.960000	-2.510600	16.588000	1
47.154000	146.000000	-2.850300	16.588000	1
47.190000	146.040000	-0.790780	16.588000	1
47.227000	146.070000	0.583490	16.588000	1
47.263000	146.110000	-1.474600	16.588000	1
47.299000	146.150000	-1.480300	16.588000	1
47.335000	146.180000	-5.271200	16.588000	1
47.371000	146.220000	-1.822100	16.588000	1
47.408000	146.260000	-0.449000	16.588000	1
47.444000	146.300000	-1.821200	16.588000	1
47.480000	146.330000	-0.796820	16.588000	1
47.516000	146.370000	-2.524400	16.588000	1
47.552000	146.410000	-2.523900	16.588000	1
47.588000	146.450000	-3.546200	16.589000	1
47.625000	146.480000	-5.264800	16.588000	1
47.661000	146.520000	-2.163300	16.589000	1
47.697000	146.560000	-0.116370	16.589000	1
47.733000	146.600000	-0.443560	16.589000	1
47.769000	146.630000	0.242070	16.589000	1
47.805000	146.670000	0.247340	16.589000	1
47.841000	146.710000	0.596590	16.589000	1
47.877000	146.750000	-1.463200	16.589000	1
47.913000	146.790000	-3.515800	16.589000	1
47.949000	146.820000	0.947770	16.589000	1
47.985000	146.860000	-0.106140	16.589000	1
48.021000	146.900000	-0.793700	16.589000	1
48.057000	146.940000	-0.095721	16.589000	1
48.093000	146.980000	0.944770	16.589000	1
48.128000	147.020000	-0.094930	16.589000	1
48.164000	147.050000	0.248130	16.589000	1
48.200000	147.090000	0.234840	16.589000	1
48.236000	147.130000	-1.459900	16.589000	1
48.272000	147.170000	0.257060	16.589000	1
48.308000	147.210000	-0.414930	16.589000	1
48.344000	147.250000	-0.432380	16.589000	1
48.379000	147.290000	0.240320	16.589000	1
48.415000	147.320000	-0.443050	16.589000	1
48.451000	147.360000	0.612660	16.589000	1
48.487000	147.400000	0.259260	16.589000	1
45.907000	144.680000	-1.944600	17.351000	1
45.944000	144.720000	-1.944000	17.352000	1
45.981000	144.750000	-2.293600	17.352000	1
46.017000	144.790000	-3.663500	17.352000	1
46.054000	144.820000	-2.656500	17.352000	1
46.091000	144.860000	-4.702900	17.351000	1
46.127000	144.890000	-2.628000	17.352000	1
46.164000	144.930000	-1.601100	17.352000	1
46.201000	144.960000	-2.971100	17.352000	1
46.238000	145.000000	-3.696400	17.352000	1
46.274000	145.040000	-4.014600	17.352000	1
46.311000	145.070000	-3.686600	17.352000	1
46.347000	145.110000	-4.700300	17.352000	1
46.384000	145.140000	-3.323000	17.352000	1
46.421000	145.180000	-3.318800	17.352000	1
46.457000	145.210000	-5.717800	17.352000	1
46.494000	145.250000	-6.095200	17.352000	1
46.530000	145.290000	-5.064400	17.352000	1
46.567000	145.320000	-4.374100	17.352000	1
46.603000	145.360000	-5.044700	17.352000	1
46.640000	145.390000	-3.687300	17.352000	1
46.676000	145.430000	-4.703700	17.352000	1
46.713000	145.470000	-5.044600	17.352000	1
46.749000	145.500000	-4.704100	17.352000	1
46.786000	145.540000	-3.345800	17.352000	1
46.822000	145.580000	-3.663000	17.352000	1
46.859000	145.610000	-2.968700	17.352000	1
46.895000	145.650000	-4.348800	17.352000	1
46.931000	145.690000	-2.970800	17.352000	1
46.968000	145.720000	-3.651300	17.352000	1
47.004000	145.760000	-4.037500	17.352000	1
47.040000	145.790000	-3.664300	17.352000	1
47.077000	145.830000	-2.293700	17.352000	1
47.113000	145.870000	-4.010200	17.352000	1
47.149000	145.900000	-3.690900	17.352000	1
47.186000	145.940000	-1.629900	17.352000	1
47.222000	145.980000	-1.969600	17.353000	1
47.258000	146.020000	-1.601700	17.352000	1
47.295000	146.050000	-1.965000	17.352000	1
47.331000	146.090000	-2.279700	17.353000	1
47.367000	146.130000	-1.600400	17.352000	1
47.403000	146.160000	-2.290300	17.353000	1
47.439000	146.200000	-3.348200	17.353000	1
47.476000	146.240000	-2.630100	17.353000	1
47.512000	146.280000	-2.969800	17.353000	1
47.548000	146.310000	-3.312000	17.352000	1
47.584000	146.350000	-3.662800	17.353000	1
47.620000	146.390000	-5.729500	17.353000	1
47.656000	146.430000	-3.310800	17.353000	1
47.693000	146.460000	-4.346800	17.353000	1
47.729000	146.500000	-3.323700	17.353000	1
47.765000	146.540000	-1.250300	17.353000	1
47.801000	146.580000	-0.226650	17.353000	1
47.837000	146.610000	-0.562630	17.353000	1
47.873000	146.650000	0.810450	17.353000	1
47.909000	146.690000	-0.909330	17.353000	1
47.945000	146.730000	0.805020	17.353000	1
47.981000	146.770000	-0.574830	17.353000	1
48.017000	146.800000	-0.574520	17.353000	1
48.053000	146.840000	-0.560350	17.353000	1
48.089000	146.880000	0.473880	17.353000	1
48.125000	146.920000	0.498040	17.353000	1
48.161000	146.960000	0.112690	17.353000	1
48.197000	147.000000	-0.563170	17.353000	1
48.232000	147.030000	-0.545260	17.353000	1
48.268000	147.070000	-1.592400	17.353000	1
48.304000	147.110000	-2.264600	17.353000	1
48.340000	147.150000	-1.590100	17.353000	1
48.376000	147.190000	-1.254700	17.353000	1
48.412000	147.230000	-1.223000	17.353000	1
48.448000	147.270000	0.130180	17.353000	1
48.483000	147.310000	0.124510	17.354000	1
48.519000	147.340000	-1.943500	17.353000	1
48.555000	147.380000	-0.212730	17.354000	1
48.591000	147.420000	1.507900	17.354000	1
48.626000	147.460000	0.812040	17.354000	1
45.975000	144.660000	-4.492100	18.111000	1
46.012000	144.700000	-4.831300	18.111000	1
46.048000	144.730000	-5.521100	18.111000	1
46.085000	144.770000	-4.477900	18.111000	1
46.122000	144.800000	-4.501100	18.111000	1
46.159000	144.840000	-2.078500	18.111000	1
46.195000	144.870000	-1.728000	18.111000	1
46.232000	144.910000	-3.461600	18.111000	1
46.269000	144.940000	-5.518300	18.112000	1
46.305000	144.980000	-6.186800	18.112000	1
46.342000	145.010000	-5.868900	18.112000	1
46.379000	145.050000	-5.185100	18.112000	1
46.415000	145.090000	-5.521000	18.112000	1
46.452000	145.120000	-4.503500	18.112000	1
46.488000	145.160000	-4.139300	18.112000	1
46.525000	145.190000	-5.860000	18.112000	1
46.562000	145.230000	-4.488900	18.112000	1
46.598000	145.260000	-4.164400	18.112000	1
46.635000	145.300000	-4.806800	18.112000	1
46.671000	145.340000	-5.544300	18.112000	1
46.708000	145.370000	-5.857900	18.112000	1
46.744000	145.410000	-5.524400	18.112000	1
46.781000	145.450000	-3.800700	18.112000	1
46.817000	145.480000	-4.154200	18.112000	1
46.854000	145.520000	-3.109800	18.112000	1
46.890000	145.550000	-2.419400	18.112000	1
46.927000	145.590000	-2.445200	18.112000	1
46.963000	145.630000	-3.777700	18.112000	1
46.999000	145.660000	-3.813800	18.112000	1
47.036000	145.700000	-4.467300	18.112000	1
47.072000	145.740000	-2.432700	18.112000	1
47.108000	145.770000	-2.740600	18.112000	1
47.145000	145.810000	-3.066000	18.112000	1
47.181000	145.850000	-5.126400	18.112000	1
47.217000	145.880000	-3.065500	18.112000	1
47.254000	145.920000	-2.382900	18.112000	1
47.290000	145.960000	-4.793200	18.112000	1
47.326000	145.990000	-3.072300	18.112000	1
47.363000	146.030000	-2.715500	18.112000	1
47.399000	146.070000	-4.101800	18.112000	1
47.435000	146.110000	-4.453900	18.113000	1
47.471000	146.140000	-3.739600	18.112000	1
47.508000	146.180000	-4.096800	18.113000	1
47.544000	146.220000	-3.756200	18.113000	1
47.580000	146.260000	-3.759700	18.112000	1
47.616000	146.290000	-3.759900	18.112000	1
47.652000	146.330000	-4.772400	18.113000	1
47.688000	146.370000	-3.408900	18.112000	1
47.725000	146.410000	-4.771500	18.113000	1
47.761000	146.440000	-5.128800	18.113000	1
47.797000	146.480000	-4.446900	18.113000	1
47.833000	146.520000	-2.720900	18.113000	1
47.869000	146.560000	-0.320030	18.113000	1
47.905000	146.590000	-1.686100	18.113000	1
47.941000	146.630000	-0.978120	18.113000	1
47.977000	146.670000	-3.757700	18.113000	1
48.013000	146.710000	-2.039500	18.113000	1
48.049000	146.750000	-2.042900	18.113000	1
48.085000	146.780000	-1.352400	18.113000	1
48.121000	146.820000	-0.300590	18.113000	1
48.157000	146.860000	-1.691600	18.113000	1
48.193000	146.900000	-2.716500	18.113000	1
48.229000	146.940000	-0.995720	18.113000	1
48.265000	146.980000	-0.662820	18.113000	1
48.301000	147.010000	-0.638720	18.113000	1
48.337000	147.050000	-0.642580	18.113000	1
48.372000	147.090000	-2.723700	18.113000	1
48.408000	147.130000	-3.742300	18.113000	1
48.444000	147.170000	-3.067800	18.113000	1
48.480000	147.210000	-2.703600	18.113000	1
48.516000	147.250000	-0.323810	18.114000	1
48.552000	147.290000	-0.979800	18.113000	1
48.587000	147.330000	-0.641640	18.114000	1
48.623000	147.360000	0.051439	18.114000	1
48.659000	147.400000	0.389400	18.113000	1
48.695000	147.440000	-0.982010	18.114000	1
48.730000	147.480000	-0.303970	18.114000	1
48.766000	147.520000	-0.322420	18.113000	1
48.802000	147.560000	-0.980670	18.114000	1
48.837000	147.600000	-0.656440	18.114000	1
48.873000	147.640000	-0.979740	18.114000	1
48.909000	147.680000	-1.331800	18.114000	1
48.944000	147.720000	-0.995050	18.114000	1
48.980000	147.760000	-0.995780	18.114000	1
49.015000	147.800000	-0.321440	18.114000	1
49.051000	147.840000	0.739850	18.114000	1