La	Lo	Sig	Theta	Ice
47.760000	130.650000	-4.150400	-17.418000	1
47.725000	130.690000	-4.139800	-17.418000	1
47.691000	130.730000	-3.454000	-17.418000	1
47.656000	130.770000	-5.175200	-17.418000	1
47.621000	130.810000	-3.770400	-17.418000	1
47.587000	130.850000	-1.391800	-17.418000	1
47.552000	130.890000	-3.806700	-17.418000	1
47.518000	130.930000	-2.079200	-17.418000	1
47.483000	130.970000	-2.422700	-17.418000	1
47.448000	131.010000	-2.767100	-17.418000	1
47.414000	131.050000	-2.765200	-17.418000	1
47.379000	131.090000	-3.456000	-17.418000	1
47.344000	131.130000	-3.123900	-17.418000	1
47.310000	131.170000	-4.497700	-17.418000	1
47.275000	131.210000	-3.117900	-17.418000	1
47.240000	131.250000	-3.458600	-17.418000	1
47.205000	131.290000	-4.839800	-17.417000	1
47.171000	131.330000	-4.483900	-17.418000	1
47.136000	131.370000	-1.740100	-17.417000	1
47.101000	131.410000	-3.441300	-17.417000	1
47.066000	131.450000	-4.132300	-17.418000	1
47.031000	131.490000	-3.793100	-17.417000	1
46.996000	131.530000	-4.500200	-17.417000	1
46.962000	131.570000	-4.146900	-17.417000	1
46.927000	131.600000	-4.135000	-17.417000	1
46.892000	131.640000	-4.135500	-17.417000	1
46.857000	131.680000	-4.826300	-17.417000	1
46.822000	131.720000	-5.184600	-17.417000	1
46.787000	131.760000	-3.813300	-17.417000	1
46.752000	131.800000	-3.815100	-17.417000	1
46.717000	131.840000	-6.224400	-17.417000	1
46.682000	131.880000	-4.841300	-17.417000	1
46.647000	131.920000	-3.812600	-17.417000	1
46.612000	131.960000	-4.177000	-17.417000	1
46.577000	131.990000	-4.136100	-17.417000	1
46.542000	132.030000	-3.796300	-17.417000	1
47.755000	130.840000	-4.751800	-15.898000	1
47.721000	130.880000	-4.412400	-15.898000	1
47.686000	130.920000	-4.035000	-15.898000	1
47.652000	130.960000	-4.043300	-15.898000	1
47.617000	131.000000	-4.042600	-15.898000	1
47.582000	131.040000	-3.704500	-15.898000	1
47.548000	131.080000	-3.355200	-15.898000	1
47.513000	131.120000	-2.675700	-15.898000	1
47.478000	131.160000	-3.356700	-15.898000	1
47.444000	131.200000	-3.361000	-15.898000	1
47.409000	131.240000	-2.681400	-15.898000	1
47.374000	131.280000	-3.362300	-15.897000	1
47.339000	131.320000	-3.019100	-15.898000	1
47.305000	131.360000	-3.359800	-15.898000	1
47.270000	131.400000	-3.699200	-15.897000	1
47.235000	131.440000	-4.401400	-15.898000	1
47.200000	131.480000	-3.711900	-15.897000	1
47.165000	131.520000	-4.743000	-15.897000	1
47.130000	131.560000	-3.019400	-15.898000	1
47.095000	131.600000	-2.684000	-15.897000	1
47.060000	131.640000	-2.330800	-15.897000	1
47.025000	131.680000	-3.704400	-15.897000	1
46.991000	131.720000	-3.712600	-15.897000	1
46.956000	131.760000	-2.370400	-15.897000	1
46.921000	131.800000	-3.027300	-15.897000	1
46.886000	131.830000	-4.417000	-15.897000	1
46.851000	131.870000	-3.020800	-15.897000	1
46.816000	131.910000	-3.386600	-15.897000	1
46.781000	131.950000	-3.378100	-15.897000	1
46.746000	131.990000	-3.716100	-15.897000	1
46.710000	132.030000	-4.052900	-15.897000	1
46.675000	132.070000	-4.424900	-15.897000	1
46.640000	132.110000	-3.385100	-15.897000	1
46.605000	132.150000	-2.371500	-15.897000	1
46.570000	132.180000	-2.372000	-15.897000	1
46.535000	132.220000	-3.062700	-15.897000	1
46.500000	132.260000	-2.706800	-15.897000	1
46.465000	132.300000	-3.060000	-15.897000	1
46.429000	132.340000	-2.720400	-15.897000	1
46.394000	132.380000	-2.370700	-15.897000	1
46.359000	132.410000	-1.681000	-15.897000	1
46.324000	132.450000	-2.687800	-15.897000	1
46.288000	132.490000	-2.722000	-15.897000	1
46.253000	132.530000	-1.325900	-15.897000	1
46.218000	132.570000	-3.390200	-15.897000	1
47.746000	131.130000	-4.195600	-13.631000	1
47.711000	131.170000	-4.220200	-13.631000	1
47.677000	131.210000	-3.868400	-13.631000	1
47.642000	131.250000	-2.827400	-13.631000	1
47.607000	131.290000	-2.161800	-13.631000	1
47.572000	131.330000	-1.816300	-13.631000	1
47.538000	131.370000	-2.829400	-13.631000	1
47.503000	131.410000	-3.166100	-13.631000	1
47.468000	131.450000	-2.850500	-13.631000	1
47.433000	131.490000	-2.845000	-13.631000	1
47.398000	131.530000	-2.495600	-13.631000	1
47.363000	131.570000	-2.840300	-13.631000	1
47.328000	131.610000	-2.497000	-13.631000	1
47.293000	131.650000	-2.841700	-13.631000	1
47.259000	131.690000	-4.569000	-13.631000	1
47.224000	131.730000	-2.493000	-13.631000	1
47.189000	131.770000	-2.157600	-13.631000	1
47.154000	131.810000	-1.470600	-13.631000	1
47.119000	131.840000	-1.471400	-13.631000	1
47.084000	131.880000	-2.498700	-13.630000	1
47.049000	131.920000	-1.813200	-13.631000	1
47.014000	131.960000	-1.124100	-13.630000	1
46.979000	132.000000	-2.158600	-13.630000	1
46.944000	132.040000	-3.875700	-13.630000	1
46.908000	132.080000	-2.155700	-13.630000	1
46.873000	132.120000	-3.876600	-13.630000	1
46.838000	132.160000	-3.537000	-13.630000	1
46.803000	132.200000	-2.851100	-13.630000	1
46.768000	132.230000	-2.170000	-13.630000	1
46.733000	132.270000	-2.852000	-13.630000	1
46.698000	132.310000	-2.498900	-13.630000	1
46.662000	132.350000	-2.495500	-13.630000	1
46.627000	132.390000	-1.816000	-13.630000	1
46.592000	132.430000	-2.850500	-13.630000	1
46.557000	132.470000	-0.086801	-13.630000	1
46.521000	132.500000	-0.781150	-13.630000	1
46.486000	132.540000	-2.497900	-13.630000	1
46.451000	132.580000	-2.498300	-13.630000	1
46.416000	132.620000	-2.852300	-13.630000	1
46.380000	132.660000	-2.498800	-13.630000	1
46.345000	132.690000	-2.502800	-13.630000	1
48.089000	130.820000	-5.552300	-12.872000	1
48.054000	130.860000	-5.572400	-12.872000	1
48.020000	130.900000	-1.485000	-12.872000	1
47.985000	130.940000	-2.164100	-12.872000	1
47.951000	130.980000	-1.128400	-12.872000	1
47.916000	131.020000	-2.828000	-12.872000	1
47.881000	131.060000	-3.892800	-12.872000	1
47.847000	131.100000	-3.893600	-12.872000	1
47.812000	131.140000	-4.550700	-12.872000	1
47.777000	131.180000	-4.569100	-12.872000	1
47.742000	131.220000	-3.522000	-12.872000	1
47.708000	131.270000	-1.798100	-12.872000	1
47.673000	131.310000	-1.816400	-12.872000	1
47.638000	131.350000	-2.489600	-12.872000	1
47.603000	131.390000	-3.198100	-12.872000	1
47.569000	131.430000	-2.854900	-12.872000	1
47.534000	131.460000	-2.849300	-12.872000	1
47.499000	131.500000	-2.850000	-12.872000	1
47.464000	131.540000	-3.200700	-12.872000	1
47.429000	131.580000	-3.183800	-12.872000	1
47.394000	131.620000	-3.202100	-12.872000	1
47.359000	131.660000	-2.516400	-12.872000	1
47.324000	131.700000	-1.487000	-12.872000	1
47.289000	131.740000	-2.854000	-12.872000	1
47.254000	131.780000	-2.514700	-12.872000	1
47.219000	131.820000	-1.469200	-12.872000	1
47.184000	131.860000	-0.792310	-12.872000	1
47.149000	131.900000	-2.173300	-12.872000	1
47.114000	131.940000	-2.161700	-12.871000	1
47.079000	131.980000	-1.812500	-12.872000	1
47.044000	132.020000	-1.139500	-12.871000	1
47.009000	132.060000	-0.800300	-12.871000	1
46.974000	132.100000	-2.845000	-12.871000	1
46.939000	132.130000	-3.885800	-12.871000	1
46.904000	132.170000	-3.212200	-12.871000	1
46.869000	132.210000	-1.138800	-12.871000	1
46.834000	132.250000	-1.489300	-12.871000	1
46.798000	132.290000	-2.503700	-12.871000	1
46.763000	132.330000	-3.552000	-12.871000	1
46.728000	132.370000	-1.830700	-12.871000	1
46.693000	132.410000	-2.165100	-12.871000	1
46.658000	132.440000	-1.815600	-12.871000	1
46.622000	132.480000	-2.189900	-12.871000	1
46.587000	132.520000	-0.436400	-12.871000	1
46.552000	132.560000	-0.460570	-12.871000	1
46.517000	132.600000	-1.494800	-12.871000	1
46.481000	132.640000	-2.504200	-12.871000	1
46.446000	132.670000	-2.164300	-12.871000	1
46.411000	132.710000	-3.535000	-12.871000	1
47.982000	131.040000	-2.770800	-12.112000	1
47.947000	131.080000	-3.455400	-12.112000	1
47.912000	131.120000	-3.083700	-12.112000	1
47.878000	131.160000	-3.755100	-12.112000	1
47.843000	131.200000	-2.725700	-12.112000	1
47.808000	131.240000	-2.080200	-12.112000	1
47.773000	131.280000	-3.757500	-12.112000	1
47.739000	131.320000	-4.777000	-12.112000	1
47.704000	131.360000	-2.038600	-12.112000	1
47.669000	131.400000	-3.797100	-12.112000	1
47.634000	131.440000	-3.420100	-12.112000	1
47.599000	131.480000	-2.411900	-12.112000	1
47.565000	131.520000	-3.782800	-12.112000	1
47.530000	131.560000	-3.115800	-12.112000	1
47.495000	131.600000	-3.462300	-12.112000	1
47.460000	131.640000	-2.772900	-12.112000	1
47.425000	131.680000	-1.053400	-12.112000	1
48.047000	131.050000	-3.697800	-11.359000	1
48.012000	131.090000	-0.605340	-11.359000	1
47.977000	131.130000	0.052685	-11.359000	1
47.943000	131.170000	-1.334500	-11.359000	1
47.908000	131.210000	1.771200	-11.359000	1
47.873000	131.250000	-0.596570	-11.359000	1
47.838000	131.290000	-4.084800	-11.359000	1
47.804000	131.330000	-5.115800	-11.359000	1
47.769000	131.370000	-3.760000	-11.359000	1
47.734000	131.420000	-2.716700	-11.359000	1
47.699000	131.460000	-2.363500	-11.359000	1
47.664000	131.500000	-3.398200	-11.359000	1
47.630000	131.530000	-2.024400	-11.359000	1
47.595000	131.570000	-2.728900	-11.359000	1
47.560000	131.610000	-3.083400	-11.359000	1
47.525000	131.650000	-2.393900	-11.359000	1
47.490000	131.690000	-2.717000	-11.359000	1
47.455000	131.730000	0.355020	-11.359000	1
47.420000	131.770000	-0.321910	-11.359000	1
47.385000	131.810000	-1.692900	-11.359000	1
47.350000	131.850000	-2.381300	-11.359000	1
47.315000	131.890000	-2.716900	-11.359000	1
47.280000	131.930000	-2.382900	-11.359000	1
47.245000	131.970000	-2.386000	-11.359000	1
47.210000	132.010000	-0.660370	-11.359000	1
47.175000	132.050000	-1.693800	-11.358000	1
47.140000	132.090000	-1.680800	-11.359000	1
47.105000	132.130000	-1.709300	-11.358000	1
47.070000	132.170000	-0.326220	-11.358000	1
47.035000	132.200000	-0.668540	-11.358000	1
46.999000	132.240000	0.364430	-11.358000	1
46.964000	132.280000	-0.326100	-11.358000	1
46.929000	132.320000	-1.359100	-11.358000	1
46.894000	132.360000	-1.007100	-11.358000	1
46.859000	132.400000	0.022549	-11.358000	1
46.823000	132.440000	-0.668140	-11.358000	1
46.788000	132.480000	-1.004900	-11.358000	1
46.753000	132.510000	-2.061700	-11.358000	1
46.718000	132.550000	-1.005900	-11.358000	1
46.682000	132.590000	-1.006200	-11.358000	1
46.647000	132.630000	-2.063000	-11.358000	1
46.612000	132.670000	-2.387200	-11.358000	1
46.576000	132.710000	-0.343490	-11.358000	1
46.541000	132.740000	-1.701700	-11.358000	1
47.765000	131.470000	-3.680500	-10.598000	1
47.730000	131.510000	-2.303200	-10.598000	1
47.695000	131.550000	-2.307700	-10.598000	1
47.660000	131.590000	-3.678500	-10.598000	1
47.625000	131.630000	-2.652800	-10.598000	1
47.590000	131.670000	-0.239420	-10.598000	1
47.555000	131.710000	-3.004100	-10.598000	1
47.520000	131.750000	-2.310800	-10.598000	1
47.485000	131.790000	-1.619000	-10.598000	1
47.450000	131.830000	-1.625800	-10.598000	1
47.415000	131.870000	-0.592730	-10.598000	1
47.380000	131.910000	-0.933470	-10.598000	1
47.345000	131.950000	-3.340600	-10.598000	1
47.310000	131.990000	-3.339000	-10.598000	1
47.275000	132.020000	-0.931920	-10.598000	1
47.240000	132.060000	1.473600	-10.598000	1
47.205000	132.100000	-0.247380	-10.598000	1
47.170000	132.140000	-0.598200	-10.598000	1
47.135000	132.180000	-1.279200	-10.598000	1
47.100000	132.220000	-0.246120	-10.598000	1
47.065000	132.260000	0.779280	-10.598000	1
47.029000	132.300000	-0.959440	-10.598000	1
46.994000	132.340000	-0.596390	-10.598000	1
46.959000	132.380000	-1.969600	-10.598000	1
46.924000	132.410000	-0.593710	-10.598000	1
46.889000	132.450000	0.095927	-10.598000	1
46.853000	132.490000	-0.940950	-10.598000	1
46.818000	132.530000	-2.321400	-10.598000	1
46.783000	132.570000	-1.649400	-10.598000	1
47.969000	131.320000	-3.639400	-9.842800	1
47.934000	131.360000	-3.981200	-9.842700	1
47.899000	131.400000	-1.977200	-9.842500	1
47.864000	131.440000	-1.287900	-9.842700	1
47.829000	131.480000	-2.302500	-9.842500	1
47.795000	131.520000	-1.979400	-9.842600	1
47.760000	131.560000	-4.390300	-9.842600	1
47.725000	131.600000	-2.994500	-9.842400	1
47.690000	131.640000	-5.405600	-9.842600	1
47.655000	131.680000	-1.291800	-9.842500	1
47.620000	131.720000	-1.292400	-9.842400	1
47.585000	131.760000	-2.323000	-9.842500	1
47.550000	131.800000	-1.289800	-9.842400	1
47.515000	131.840000	0.102170	-9.842400	1
47.480000	131.880000	-0.950680	-9.842500	1
47.445000	131.920000	-1.279100	-9.842300	1
47.410000	131.960000	-0.586070	-9.842400	1
47.375000	132.000000	-1.620700	-9.842400	1
47.340000	132.040000	-1.971600	-9.842300	1
47.305000	132.080000	0.101640	-9.842400	1
47.270000	132.120000	0.096970	-9.842300	1
47.235000	132.160000	0.436130	-9.842200	1
47.200000	132.200000	-0.254720	-9.842300	1
47.165000	132.240000	0.094401	-9.842200	1
47.129000	132.270000	-0.256470	-9.842200	1
47.094000	132.310000	0.096459	-9.842200	1
47.059000	132.350000	-0.590790	-9.842100	1
47.024000	132.390000	-1.281800	-9.842200	1
46.989000	132.430000	-1.622600	-9.842100	1
46.953000	132.470000	-1.286800	-9.842100	1
46.918000	132.510000	-1.321100	-9.842200	1
46.883000	132.550000	-0.631530	-9.842000	1
46.848000	132.580000	-0.598070	-9.842200	1
46.812000	132.620000	-0.948530	-9.842200	1
46.777000	132.660000	-1.662800	-9.842000	1
46.742000	132.700000	-1.629400	-9.842300	1
46.706000	132.740000	-2.319900	-9.842000	1
48.033000	131.340000	-4.752700	-9.088600	1
47.999000	131.380000	-1.631800	-9.088700	1
47.964000	131.420000	-1.309300	-9.088600	1
47.929000	131.460000	-1.676300	-9.088500	1
47.894000	131.500000	-0.296850	-9.088600	1
47.859000	131.540000	-0.621390	-9.088500	1
47.824000	131.580000	-0.271980	-9.088500	1
47.790000	131.620000	-0.298800	-9.088500	1
47.755000	131.660000	-0.649530	-9.088400	1
47.720000	131.700000	-3.034100	-9.088500	1
47.685000	131.740000	-1.680800	-9.088400	1
47.650000	131.780000	-1.681400	-9.088300	1
47.615000	131.820000	0.754410	-9.088400	1
47.580000	131.860000	0.381680	-9.088300	1
47.545000	131.900000	-0.622750	-9.088300	1
47.510000	131.940000	-0.627080	-9.088400	1
47.475000	131.980000	-0.964140	-9.088200	1
47.440000	132.020000	-0.274800	-9.088300	1
47.405000	132.050000	-0.625660	-9.088300	1
47.370000	132.090000	-2.346600	-9.088200	1
47.335000	132.130000	-1.317300	-9.088400	1
47.299000	132.170000	0.398190	-9.088200	1
47.264000	132.210000	1.087300	-9.088200	1
47.229000	132.250000	-3.043900	-9.088200	1
47.194000	132.290000	-1.320800	-9.088100	1
47.159000	132.330000	0.748590	-9.088200	1
47.124000	132.370000	-0.968680	-9.088100	1
47.088000	132.410000	-1.323400	-9.088100	1
47.053000	132.450000	-1.664400	-9.088100	1
47.018000	132.480000	-1.321500	-9.088100	1
46.983000	132.520000	-0.989740	-9.088100	1
46.947000	132.560000	-1.322600	-9.088200	1
46.912000	132.600000	-0.636830	-9.087900	1
46.877000	132.640000	-0.650910	-9.088200	1
46.841000	132.680000	-0.977580	-9.088100	1
46.806000	132.720000	-0.991840	-9.088000	1
46.771000	132.750000	-1.668400	-9.088200	1
46.735000	132.790000	-1.325200	-9.088000	1
46.700000	132.830000	-1.679400	-9.088100	1
48.133000	131.310000	-1.030700	-8.332700	1
48.098000	131.350000	-2.056900	-8.332700	1
48.063000	131.390000	-2.743900	-8.332600	1
48.029000	131.430000	-2.015700	-8.332700	1
47.994000	131.470000	-2.705100	-8.332600	1
47.959000	131.510000	-2.059700	-8.332400	1
47.924000	131.550000	-1.716400	-8.332600	1
47.889000	131.590000	-0.323270	-8.332400	1
47.854000	131.630000	-1.354000	-8.332500	1
47.819000	131.670000	-0.338250	-8.332500	1
47.784000	131.710000	-0.342740	-8.332300	1
47.749000	131.750000	-0.683280	-8.332500	1
47.715000	131.790000	-3.444200	-8.332400	1
47.680000	131.830000	-3.777000	-8.332300	1
47.645000	131.870000	-1.721000	-8.332400	1
47.610000	131.910000	-0.337790	-8.332300	1
47.574000	131.950000	-0.338350	-8.332300	1
47.539000	131.990000	-0.342670	-8.332400	1
47.504000	132.030000	0.686700	-8.332200	1
47.469000	132.070000	1.036000	-8.332300	1
47.434000	132.110000	-0.672430	-8.332300	1
47.399000	132.150000	-1.372000	-8.332200	1
47.364000	132.190000	-0.686480	-8.332400	1
47.329000	132.230000	0.028922	-8.332200	1
47.294000	132.270000	0.718100	-8.332200	1
47.259000	132.300000	1.761200	-8.332200	1
47.223000	132.340000	0.720230	-8.332100	1
47.188000	132.380000	-1.000800	-8.332200	1
47.153000	132.420000	-1.341700	-8.332100	1
47.118000	132.460000	-0.652590	-8.332100	1
47.082000	132.500000	-2.373600	-8.332100	1
47.047000	132.540000	-0.654410	-8.332100	1
47.012000	132.580000	-1.345300	-8.332100	1
46.977000	132.620000	0.374270	-8.332200	1
46.941000	132.650000	0.689940	-8.331900	1
46.906000	132.690000	1.039700	-8.332200	1
46.871000	132.730000	0.689210	-8.332100	1
46.835000	132.770000	-0.677630	-8.332000	1
46.800000	132.810000	-0.677930	-8.332200	1
46.765000	132.850000	-0.678490	-8.332000	1
46.729000	132.880000	-1.718800	-8.332200	1
46.694000	132.920000	-1.369200	-8.332200	1
48.058000	131.490000	-1.680300	-7.576300	1
48.023000	131.530000	-2.000200	-7.576200	1
47.988000	131.570000	-0.282490	-7.576100	1
47.954000	131.610000	-0.992240	-7.576300	1
47.919000	131.650000	-0.329170	-7.576100	1
47.884000	131.690000	-0.653540	-7.576100	1
47.849000	131.730000	-0.994180	-7.576200	1
47.814000	131.770000	0.375220	-7.576000	1
47.779000	131.810000	1.414700	-7.576200	1
47.744000	131.850000	-1.005600	-7.576100	1
47.709000	131.890000	-2.712700	-7.576000	1
47.674000	131.930000	-1.683100	-7.576000	1
47.639000	131.970000	1.416400	-7.575900	1
47.604000	132.010000	-1.008000	-7.576000	1
47.569000	132.040000	-1.344800	-7.576100	1
47.534000	132.080000	-1.345500	-7.575900	1
47.499000	132.120000	-2.049900	-7.576000	1
47.463000	132.160000	0.373270	-7.576000	1
47.428000	132.200000	0.032406	-7.575900	1
47.393000	132.240000	0.357930	-7.576000	1
47.358000	132.280000	0.370780	-7.575900	1
47.323000	132.320000	1.754000	-7.575900	1
47.288000	132.360000	2.429400	-7.575900	1
47.253000	132.400000	1.738400	-7.575800	1
47.217000	132.440000	-1.006400	-7.575900	1
47.182000	132.480000	1.046600	-7.575800	1
47.147000	132.510000	-0.334450	-7.575800	1
47.112000	132.550000	0.710960	-7.575800	1
47.076000	132.590000	-1.010100	-7.575700	1
47.041000	132.630000	-1.010900	-7.575800	1
47.006000	132.670000	-0.671690	-7.575900	1
46.970000	132.710000	1.397800	-7.575600	1
46.935000	132.750000	1.047500	-7.575900	1
46.900000	132.780000	1.050700	-7.575800	1
46.864000	132.820000	1.050300	-7.575700	1
46.829000	132.860000	-0.670120	-7.575900	1
46.793000	132.900000	-0.330640	-7.575700	1
46.758000	132.940000	-0.670940	-7.575900	1
46.723000	132.980000	-1.701400	-7.575900	1
48.122000	131.500000	-0.752470	-6.822100	1
48.088000	131.540000	-0.076823	-6.822300	1
48.053000	131.580000	-1.747300	-6.822200	1
48.018000	131.620000	0.320760	-6.822000	1
47.983000	131.660000	-1.448900	-6.822200	1
47.948000	131.700000	-1.095900	-6.822000	1
47.913000	131.740000	0.959930	-6.822100	1
47.878000	131.780000	-0.080755	-6.822100	1
47.843000	131.820000	0.282300	-6.821900	1
47.808000	131.860000	-0.754080	-6.822100	1
47.773000	131.900000	0.611640	-6.822000	1
47.738000	131.940000	-1.802900	-6.821900	1
47.703000	131.980000	-2.829800	-6.822000	1
47.668000	132.020000	-0.770280	-6.821900	1
47.633000	132.060000	-1.450800	-6.822000	1
47.598000	132.100000	-0.771340	-6.822000	1
47.563000	132.140000	-0.082019	-6.821800	1
47.528000	132.180000	-0.776310	-6.822000	1
47.493000	132.220000	-0.426920	-6.822000	1
47.457000	132.260000	0.262270	-6.821900	1
47.422000	132.300000	-0.428500	-6.822000	1
47.387000	132.330000	0.268360	-6.821800	1
47.352000	132.370000	-0.426270	-6.821900	1
47.317000	132.410000	1.633000	-6.821900	1
47.282000	132.450000	-0.084345	-6.821700	1
47.246000	132.490000	1.291100	-6.821800	1
47.211000	132.530000	1.306400	-6.821700	1
47.176000	132.570000	3.349300	-6.821700	1
47.140000	132.610000	0.614570	-6.821800	1
47.105000	132.650000	0.597350	-6.821700	1
47.070000	132.680000	0.962810	-6.821700	1
47.034000	132.720000	0.962040	-6.821900	1
46.999000	132.760000	0.944740	-6.821600	1
46.964000	132.800000	0.258200	-6.821900	1
46.928000	132.840000	0.947740	-6.821800	1
46.893000	132.880000	0.613540	-6.821700	1
46.858000	132.910000	-1.106800	-6.821900	1
46.822000	132.950000	-0.417350	-6.821600	1
48.152000	131.550000	-0.332490	-6.067700	1
48.117000	131.590000	0.696910	-6.067800	1
48.082000	131.630000	-0.333850	-6.067800	1
48.047000	131.680000	0.355470	-6.067600	1
48.012000	131.720000	0.731980	-6.067800	1
47.977000	131.760000	-0.692040	-6.067600	1
47.942000	131.800000	-1.026300	-6.067700	1
47.907000	131.840000	0.003125	-6.067700	1
47.872000	131.880000	-0.003895	-6.067500	1
47.837000	131.910000	-0.683910	-6.067700	1
47.802000	131.950000	-1.374600	-6.067600	1
47.767000	131.990000	-1.025200	-6.067500	1
47.732000	132.030000	-1.715800	-6.067600	1
47.697000	132.070000	-1.026400	-6.067500	1
47.662000	132.110000	-0.336880	-6.067600	1
47.627000	132.150000	-0.701160	-6.067600	1
47.592000	132.190000	0.001877	-6.067400	1
47.557000	132.230000	-1.042400	-6.067600	1
47.522000	132.270000	-0.702950	-6.067500	1
47.486000	132.310000	0.676360	-6.067500	1
47.451000	132.350000	-0.354440	-6.067600	1
47.416000	132.390000	1.708800	-6.067400	1
47.381000	132.430000	1.367900	-6.067500	1
47.346000	132.470000	3.403400	-6.067500	1
47.310000	132.510000	2.032400	-6.067300	1
47.275000	132.540000	1.681500	-6.067500	1
47.240000	132.580000	-0.355930	-6.067300	1
47.205000	132.620000	-1.760600	-6.067300	1
47.169000	132.660000	-0.357720	-6.067400	1
47.134000	132.700000	-1.072400	-6.067300	1
47.099000	132.740000	-1.767000	-6.067400	1
47.063000	132.780000	0.306080	-6.067500	1
47.028000	132.810000	-0.044979	-6.067200	1
46.992000	132.850000	-0.381790	-6.067500	1
46.957000	132.890000	-1.738700	-6.067400	1
46.922000	132.930000	-0.732760	-6.067300	1
46.886000	132.970000	-0.042998	-6.067500	1
46.851000	133.010000	-0.043536	-6.067200	1
46.815000	133.040000	-1.763700	-6.067500	1
46.780000	133.080000	-1.423800	-6.067500	1
48.181000	131.610000	0.027928	-5.312900	1
48.146000	131.650000	2.087400	-5.313100	1
48.111000	131.690000	1.746700	-5.313000	1
48.076000	131.730000	2.426000	-5.312800	1
48.041000	131.770000	1.430000	-5.313000	1
48.006000	131.810000	2.826900	-5.312800	1
47.971000	131.850000	1.791400	-5.312900	1
47.936000	131.890000	-1.016300	-5.312900	1
47.901000	131.930000	-1.673500	-5.312700	1
47.866000	131.970000	0.003099	-5.312900	1
47.831000	132.010000	2.426100	-5.312800	1
47.796000	132.050000	1.395500	-5.312700	1
47.761000	132.090000	0.341340	-5.312800	1
47.726000	132.130000	1.054300	-5.312700	1
47.691000	132.170000	2.083900	-5.312800	1
47.656000	132.210000	2.059600	-5.312800	1
47.621000	132.250000	0.022509	-5.312600	1
47.586000	132.290000	0.702060	-5.312800	1
47.550000	132.320000	0.361420	-5.312800	1
47.515000	132.360000	2.057200	-5.312700	1
47.480000	132.400000	0.676510	-5.312800	1
47.445000	132.440000	0.679600	-5.312600	1
47.410000	132.480000	1.028800	-5.312700	1
47.374000	132.520000	1.741500	-5.312700	1
47.339000	132.560000	4.126900	-5.312600	1
47.304000	132.600000	2.402300	-5.312700	1
47.268000	132.640000	1.714900	-5.312600	1
47.233000	132.680000	1.737600	-5.312600	1
47.198000	132.710000	-1.040600	-5.312700	1
47.163000	132.750000	0.338490	-5.312500	1
47.127000	132.790000	0.677680	-5.312600	1
47.092000	132.830000	0.336930	-5.312800	1
47.056000	132.870000	-0.004158	-5.312400	1
47.021000	132.910000	-0.000977	-5.312800	1
46.986000	132.950000	-0.001751	-5.312600	1
46.950000	132.980000	1.367800	-5.312600	1
46.915000	133.020000	1.027700	-5.312800	1
46.879000	133.060000	1.027300	-5.312500	1
46.844000	133.100000	-1.042800	-5.312700	1
46.808000	133.140000	-1.042900	-5.312800	1
48.175000	131.700000	1.515600	-4.558400	1
48.140000	131.740000	0.481260	-4.558300	1
48.105000	131.780000	2.540700	-4.558200	1
48.070000	131.820000	2.200200	-4.558400	1
48.035000	131.860000	3.288600	-4.558200	1
48.000000	131.900000	1.890600	-4.558300	1
47.965000	131.940000	2.240300	-4.558300	1
47.930000	131.980000	2.537900	-4.558100	1
47.895000	132.020000	1.511700	-4.558300	1
47.860000	132.060000	1.851100	-4.558200	1
47.825000	132.100000	-0.209580	-4.558100	1
47.790000	132.140000	2.200000	-4.558200	1
47.755000	132.180000	0.819270	-4.558100	1
47.720000	132.220000	0.818780	-4.558200	1
47.685000	132.260000	0.478200	-4.558200	1
47.650000	132.300000	0.483910	-4.558000	1
47.614000	132.340000	-0.546620	-4.558200	1
47.579000	132.380000	1.512800	-4.558100	1
47.544000	132.420000	3.232200	-4.558100	1
47.509000	132.460000	2.201700	-4.558200	1
47.473000	132.500000	1.174800	-4.558000	1
47.438000	132.530000	2.893900	-4.558100	1
47.403000	132.570000	2.202900	-4.558100	1
47.368000	132.610000	3.921900	-4.558000	1
47.332000	132.650000	2.187400	-4.558100	1
47.297000	132.690000	1.170000	-4.558000	1
47.262000	132.730000	0.819030	-4.558000	1
47.226000	132.770000	-0.225420	-4.558100	1
47.191000	132.810000	0.127190	-4.557900	1
47.156000	132.850000	-0.917250	-4.558000	1
47.120000	132.880000	0.475660	-4.558200	1
47.085000	132.920000	0.801010	-4.557800	1
47.049000	132.960000	0.114190	-4.558200	1
47.014000	133.000000	-0.226760	-4.558000	1
46.979000	133.040000	0.462870	-4.558000	1
46.943000	133.080000	0.462810	-4.558200	1
46.908000	133.110000	0.802430	-4.557900	1
46.872000	133.150000	0.828840	-4.558100	1
46.837000	133.190000	0.462250	-4.558200	1
46.801000	133.230000	0.138420	-4.558000	1
48.274000	131.680000	4.351300	-3.802900	1
48.239000	131.720000	1.940500	-3.802800	1
48.204000	131.760000	1.249900	-3.802900	1
48.169000	131.800000	2.289200	-3.802800	1
48.134000	131.840000	2.288600	-3.802700	1
48.099000	131.880000	1.598200	-3.802900	1
48.064000	131.920000	1.247500	-3.802600	1
48.029000	131.960000	-0.122830	-3.802800	1
47.994000	132.000000	0.610900	-3.802800	1
47.959000	132.040000	0.253940	-3.802600	1
47.924000	132.080000	-1.150100	-3.802800	1
47.889000	132.120000	0.569310	-3.802700	1
47.854000	132.160000	0.908740	-3.802600	1
47.819000	132.200000	0.568190	-3.802700	1
47.784000	132.240000	1.954100	-3.802500	1
47.749000	132.270000	1.247000	-3.802700	1
47.713000	132.310000	1.596500	-3.802700	1
47.678000	132.350000	0.582250	-3.802500	1
47.643000	132.390000	0.231770	-3.802700	1
47.608000	132.430000	2.991200	-3.802600	1
47.573000	132.470000	4.020600	-3.802600	1
47.537000	132.510000	3.330000	-3.802700	1
47.502000	132.550000	2.299100	-3.802500	1
47.467000	132.590000	1.952300	-3.802600	1
47.432000	132.630000	2.301300	-3.802600	1
47.396000	132.670000	4.360300	-3.802500	1
47.361000	132.710000	3.329400	-3.802600	1
47.326000	132.740000	1.254800	-3.802500	1
47.290000	132.780000	1.253900	-3.802500	1
47.255000	132.820000	1.256600	-3.802600	1
47.219000	132.860000	0.572080	-3.802400	1
47.184000	132.900000	-0.118740	-3.802500	1
47.149000	132.940000	1.250600	-3.802700	1
47.113000	132.980000	1.939500	-3.802300	1
47.078000	133.010000	1.599000	-3.802700	1
47.042000	133.050000	1.602100	-3.802500	1
47.007000	133.090000	0.221400	-3.802500	1
46.971000	133.130000	-0.118720	-3.802700	1
46.936000	133.170000	0.570900	-3.802400	1
46.900000	133.210000	1.940900	-3.802600	1
48.303000	131.730000	3.682700	-3.047100	1
48.268000	131.770000	3.341800	-3.046900	1
48.233000	131.810000	1.617900	-3.047100	1
48.198000	131.850000	1.267200	-3.047000	1
48.163000	131.890000	3.680000	-3.046900	1
48.128000	131.930000	3.336300	-3.047000	1
48.093000	131.970000	3.675700	-3.046800	1
48.058000	132.010000	2.645400	-3.046900	1
48.023000	132.050000	-1.821600	-3.046900	1
47.988000	132.090000	2.686600	-3.046700	1
47.953000	132.130000	3.334300	-3.047000	1
47.918000	132.170000	1.953600	-3.046800	1
47.883000	132.210000	1.267200	-3.046800	1
47.848000	132.250000	1.266700	-3.046900	1
47.812000	132.290000	1.956000	-3.046700	1
47.777000	132.330000	3.335600	-3.046800	1
47.742000	132.370000	4.021700	-3.046900	1
47.707000	132.410000	2.980900	-3.046700	1
47.672000	132.450000	6.080500	-3.046900	1
47.636000	132.490000	4.359800	-3.046800	1
47.601000	132.530000	4.359100	-3.046800	1
47.566000	132.560000	3.328400	-3.046900	1
47.531000	132.600000	1.607500	-3.046700	1
47.495000	132.640000	3.326800	-3.046800	1
47.460000	132.680000	1.949900	-3.046800	1
47.425000	132.720000	2.298800	-3.046700	1
47.389000	132.760000	2.298000	-3.046800	1
47.354000	132.800000	0.916930	-3.046700	1
47.319000	132.840000	1.606000	-3.046700	1
47.283000	132.880000	1.255200	-3.046800	1
47.248000	132.910000	1.240800	-3.046600	1
47.212000	132.950000	1.930100	-3.046700	1
47.177000	132.990000	0.899340	-3.046900	1
47.141000	133.030000	0.548370	-3.046500	1
47.106000	133.070000	1.238000	-3.046900	1
47.071000	133.110000	1.927300	-3.046700	1
47.035000	133.140000	1.590500	-3.046700	1
47.000000	133.180000	2.280100	-3.046900	1
48.367000	131.740000	2.432700	-2.295800	1
48.332000	131.780000	4.842000	-2.295800	1
48.297000	131.820000	5.875500	-2.295700	1
48.262000	131.860000	5.521800	-2.295800	1
48.227000	131.900000	4.844300	-2.295700	1
48.192000	131.940000	3.800500	-2.295600	1
48.157000	131.980000	5.533300	-2.295800	1
48.122000	132.020000	5.859600	-2.295600	1
48.087000	132.060000	5.519500	-2.295700	1
48.052000	132.100000	-3.771000	-2.295700	1
48.017000	132.140000	1.738800	-2.295500	1
47.981000	132.180000	5.900000	-2.295700	1
47.946000	132.220000	5.858000	-2.295600	1
47.911000	132.260000	4.487400	-2.295600	1
47.876000	132.300000	5.181100	-2.295600	1
47.841000	132.340000	3.110400	-2.295500	1
47.806000	132.380000	3.459900	-2.295600	1
47.770000	132.420000	2.419300	-2.295600	1
47.735000	132.460000	5.518600	-2.295500	1
47.700000	132.500000	6.898100	-2.295600	1
47.665000	132.540000	6.214200	-2.295600	1
47.629000	132.580000	4.833400	-2.295600	1
47.594000	132.620000	4.832800	-2.295700	1
47.559000	132.660000	3.461900	-2.295500	1
47.524000	132.700000	4.491200	-2.295600	1
47.488000	132.730000	2.770300	-2.295500	1
47.453000	132.770000	4.493300	-2.295400	1
47.417000	132.810000	4.142500	-2.295600	1
47.382000	132.850000	1.391400	-2.295400	1
47.347000	132.890000	2.080500	-2.295400	1
47.311000	132.930000	4.139700	-2.295600	1
47.276000	132.970000	2.435500	-2.295400	1
47.240000	133.010000	3.474800	-2.295500	1
47.205000	133.040000	1.064200	-2.295700	1
47.170000	133.080000	1.063300	-2.295300	1
47.134000	133.120000	2.092900	-2.295700	1
47.099000	133.160000	3.812200	-2.295500	1
47.063000	133.200000	1.751600	-2.295500	1
47.027000	133.240000	3.125000	-2.295700	1
46.992000	133.270000	4.844400	-2.295400	1
48.396000	131.800000	4.336400	-1.541100	1
48.361000	131.840000	5.365700	-1.541000	1
48.326000	131.880000	7.775000	-1.540900	1
48.291000	131.920000	9.154500	-1.541000	1
48.256000	131.960000	5.718000	-1.540900	1
48.221000	132.000000	7.777400	-1.540900	1
48.185000	132.040000	9.164300	-1.541000	1
48.150000	132.080000	10.187000	-1.540800	1
48.115000	132.120000	8.466600	-1.540900	1
48.080000	132.160000	-3.226700	-1.540900	1
48.045000	132.200000	6.063100	-1.540700	1
48.010000	132.240000	6.753100	-1.541000	1
47.975000	132.280000	8.132600	-1.540800	1
47.940000	132.320000	9.502000	-1.540800	1
47.904000	132.360000	9.501500	-1.540900	1
47.869000	132.400000	8.130800	-1.540700	1
47.834000	132.440000	7.104500	-1.540800	1
47.799000	132.480000	4.693900	-1.540900	1
47.764000	132.510000	6.413100	-1.540700	1
47.728000	132.550000	8.822500	-1.540900	1
47.693000	132.590000	8.131800	-1.540800	1
47.658000	132.630000	6.751000	-1.540800	1
47.622000	132.670000	5.720300	-1.540900	1
47.587000	132.710000	3.646500	-1.540700	1
47.552000	132.750000	2.965800	-1.540900	1
47.516000	132.790000	5.025000	-1.540800	1
47.481000	132.830000	2.964000	-1.540700	1
47.446000	132.870000	2.963200	-1.540800	1
47.410000	132.910000	3.306200	-1.540700	1
47.375000	132.940000	4.335300	-1.540700	1
47.339000	132.980000	6.054500	-1.540900	1
47.304000	133.020000	3.993500	-1.540600	1
47.269000	133.060000	4.649900	-1.540800	1
47.233000	133.100000	3.992300	-1.540900	1
47.198000	133.140000	3.268500	-1.540600	1
47.162000	133.170000	6.368100	-1.541000	1
47.127000	133.210000	6.017400	-1.540800	1
47.091000	133.250000	5.676800	-1.540800	1
47.056000	133.290000	3.956400	-1.541000	1
47.020000	133.330000	0.165640	-1.540700	1
48.529000	131.730000	7.098300	-0.792550	1
48.494000	131.770000	7.779900	-0.792680	1
48.459000	131.810000	7.389400	-0.792550	1
48.424000	131.850000	7.388700	-0.792630	1
48.389000	131.890000	8.428000	-0.792640	1
48.354000	131.930000	11.517000	-0.792480	1
48.319000	131.970000	15.307000	-0.792620	1
48.284000	132.010000	10.146000	-0.792550	1
48.249000	132.050000	13.586000	-0.792430	1
48.214000	132.090000	16.406000	-0.792600	1
48.179000	132.130000	16.009000	-0.792380	1
48.144000	132.170000	15.647000	-0.792490	1
48.109000	132.210000	8.766300	-0.792530	1
48.073000	132.250000	13.586000	-0.792320	1
48.038000	132.290000	8.766000	-0.792570	1
48.003000	132.330000	13.615000	-0.792440	1
47.968000	132.370000	13.925000	-0.792410	1
47.933000	132.410000	14.965000	-0.792460	1
47.898000	132.450000	16.004000	-0.792340	1
47.862000	132.490000	12.893000	-0.792430	1
47.827000	132.530000	11.863000	-0.792500	1
47.792000	132.570000	12.892000	-0.792310	1
47.757000	132.610000	13.236000	-0.792470	1
47.721000	132.650000	14.615000	-0.792450	1
47.686000	132.690000	10.144000	-0.792410	1
47.651000	132.730000	9.453400	-0.792550	1
47.615000	132.760000	8.072500	-0.792330	1
47.580000	132.800000	6.019000	-0.792470	1
47.545000	132.840000	7.048200	-0.792430	1
47.509000	132.880000	5.327400	-0.792330	1
47.474000	132.920000	5.326500	-0.792440	1
47.438000	132.960000	4.635600	-0.792370	1
47.403000	133.000000	6.704600	-0.792320	1
47.367000	133.040000	12.894000	-0.792490	1
47.332000	133.070000	8.767100	-0.792290	1
47.297000	133.110000	8.426400	-0.792390	1
47.261000	133.150000	10.146000	-0.792580	1
47.226000	133.190000	7.045000	-0.792260	1
47.190000	133.230000	6.014500	-0.792590	1
47.154000	133.270000	4.641100	-0.792430	1
47.119000	133.300000	5.670500	-0.792400	1
47.083000	133.340000	6.360100	-0.792610	1
48.523000	131.830000	16.261000	0.118330	1
48.488000	131.870000	12.751000	0.118380	1
48.453000	131.910000	18.860000	0.117930	1
48.418000	131.950000	22.459000	0.118370	1
48.383000	131.990000	41.059000	0.118110	1
48.347000	132.030000	29.062000	0.118000	1
48.312000	132.070000	17.619000	0.118450	1
48.277000	132.110000	24.862000	0.117920	1
48.242000	132.150000	29.061000	0.118180	1
48.207000	132.190000	23.861000	0.118340	1
48.172000	132.230000	27.218000	0.117920	1
48.137000	132.270000	21.218000	0.118370	1
48.102000	132.310000	22.418000	0.118150	1
48.067000	132.350000	17.218000	0.118030	1
48.031000	132.390000	25.850000	0.118470	1
47.996000	132.430000	25.817000	0.118060	1
47.961000	132.460000	32.217000	0.118210	1
47.926000	132.500000	25.845000	0.118380	1
47.890000	132.540000	41.047000	0.117910	1
47.855000	132.580000	20.219000	0.118460	1
47.820000	132.620000	24.818000	0.118290	1
47.785000	132.660000	23.818000	0.118100	1
47.749000	132.700000	22.417000	0.118580	1
47.714000	132.740000	17.244000	0.118140	1
47.679000	132.780000	18.443000	0.118310	1
47.643000	132.820000	24.842000	0.118560	1
47.608000	132.860000	29.041000	0.118120	1
47.573000	132.900000	15.480000	0.118600	1
47.537000	132.930000	15.840000	0.118460	1
47.502000	132.970000	12.393000	0.118230	1
47.466000	133.010000	11.702000	0.118680	1
47.431000	133.050000	14.451000	0.118230	1
47.395000	133.090000	23.840000	0.118390	1
47.360000	133.130000	18.040000	0.118630	1
47.324000	133.170000	11.699000	0.118180	1
47.289000	133.210000	11.676000	0.118640	1
47.253000	133.240000	14.085000	0.118480	1
47.218000	133.280000	9.306800	0.118270	1
48.516000	131.920000	8.283800	0.732480	1
48.481000	131.960000	12.063000	0.732230	1
48.446000	132.000000	13.093000	0.732370	1
48.411000	132.040000	16.662000	0.732450	1
48.376000	132.080000	15.502000	0.732260	1
48.341000	132.120000	11.722000	0.732500	1
48.306000	132.160000	15.501000	0.732430	1
48.271000	132.200000	16.665000	0.732330	1
48.236000	132.240000	14.135000	0.732630	1
48.201000	132.280000	15.192000	0.732370	1
48.165000	132.320000	15.532000	0.732470	1
48.130000	132.360000	10.372000	0.732640	1
48.095000	132.400000	10.371000	0.732310	1
48.060000	132.440000	11.401000	0.732610	1
48.025000	132.480000	13.121000	0.732480	1
47.989000	132.520000	14.536000	0.732480	1
47.954000	132.560000	15.926000	0.732680	1
47.919000	132.600000	14.160000	0.732410	1
47.883000	132.640000	13.119000	0.732520	1
47.848000	132.680000	13.122000	0.732670	1
47.813000	132.720000	12.092000	0.732420	1
47.778000	132.750000	12.441000	0.732620	1
47.742000	132.790000	11.750000	0.732500	1
47.707000	132.830000	10.369000	0.732400	1
47.671000	132.870000	11.749000	0.732740	1
47.636000	132.910000	13.105000	0.732410	1
47.601000	132.950000	6.224300	0.732620	1
47.565000	132.990000	8.633500	0.732680	1
47.530000	133.030000	7.942700	0.732480	1
47.494000	133.070000	6.610000	0.732710	1
47.459000	133.100000	6.911200	0.732620	1
47.423000	133.140000	10.048000	0.732450	1
47.388000	133.180000	6.952600	0.732790	1
47.352000	133.220000	9.009000	0.732500	1
47.317000	133.260000	6.912300	0.732470	1
47.281000	133.300000	6.950200	0.732730	1
47.246000	133.340000	5.938000	0.732320	1
47.210000	133.370000	6.628700	0.732620	1
47.174000	133.410000	10.754000	0.732550	1
48.510000	132.020000	4.208400	1.487000	1
48.475000	132.060000	6.278300	1.487200	1
48.440000	132.100000	7.315100	1.487200	1
48.405000	132.140000	9.038700	1.487100	1
48.370000	132.180000	6.628600	1.487300	1
48.334000	132.220000	6.978200	1.487200	1
48.299000	132.260000	9.377900	1.487100	1
48.264000	132.300000	10.758000	1.487400	1
48.229000	132.340000	8.697500	1.487200	1
48.194000	132.380000	5.597300	1.487200	1
48.159000	132.420000	7.657200	1.487400	1
48.123000	132.450000	5.246900	1.487100	1
48.088000	132.490000	6.626900	1.487400	1
48.053000	132.530000	6.626600	1.487300	1
48.018000	132.570000	5.974600	1.487300	1
47.982000	132.610000	8.378400	1.487400	1
47.947000	132.650000	8.009500	1.487200	1
47.912000	132.690000	6.628800	1.487300	1
47.876000	132.730000	5.248200	1.487400	1
47.841000	132.770000	5.597300	1.487200	1
47.806000	132.810000	6.613800	1.487400	1
47.770000	132.850000	5.922900	1.487300	1
47.735000	132.890000	8.332100	1.487200	1
47.700000	132.930000	6.961500	1.487500	1
47.664000	132.970000	3.860500	1.487200	1
47.629000	133.000000	3.207000	1.487400	1
47.593000	133.040000	3.509100	1.487400	1
47.558000	133.080000	5.582300	1.487200	1
47.522000	133.120000	6.271700	1.487400	1
47.487000	133.160000	2.830900	1.487400	1
47.451000	133.200000	1.110000	1.487200	1
47.416000	133.240000	3.219500	1.487500	1
47.380000	133.270000	2.521200	1.487300	1
47.345000	133.310000	3.515100	1.487200	1
47.309000	133.350000	4.204600	1.487400	1
47.274000	133.390000	4.893800	1.487100	1
47.238000	133.430000	3.863300	1.487300	1
47.202000	133.470000	9.362800	1.487300	1
48.608000	131.990000	1.740100	2.236000	1
48.573000	132.030000	1.390200	2.236100	1
48.538000	132.070000	4.127200	2.235900	1
48.503000	132.110000	4.834200	2.236000	1
48.468000	132.150000	5.524000	2.236100	1
48.433000	132.190000	6.553600	2.235900	1
48.398000	132.230000	3.803400	2.236100	1
48.363000	132.270000	4.143100	2.236100	1
48.328000	132.310000	8.272800	2.236000	1
48.292000	132.350000	6.212800	2.236200	1
48.257000	132.390000	3.112300	2.236000	1
48.222000	132.430000	3.089000	2.236100	1
48.187000	132.470000	4.119000	2.236300	1
48.152000	132.510000	-0.351480	2.235900	1
48.116000	132.550000	3.442800	2.236200	1
48.081000	132.590000	0.682440	2.236100	1
48.046000	132.630000	0.705410	2.236100	1
48.010000	132.670000	2.425400	2.236300	1
47.975000	132.710000	5.184700	2.236000	1
47.940000	132.750000	4.810900	2.236100	1
47.904000	132.790000	3.113400	2.236300	1
47.869000	132.820000	4.469400	2.236000	1
47.834000	132.860000	3.088700	2.236200	1
47.798000	132.900000	3.437900	2.236100	1
47.763000	132.940000	3.777100	2.236000	1
47.727000	132.980000	3.436500	2.236300	1
47.692000	133.020000	2.055500	2.236000	1
47.657000	133.060000	1.028900	2.236200	1
47.621000	133.100000	0.678230	2.236200	1
47.586000	133.140000	1.044200	2.236100	1
47.550000	133.170000	2.746800	2.236200	1
47.515000	133.210000	1.732900	2.236200	1
47.479000	133.250000	2.072000	2.236000	1
47.444000	133.290000	2.411600	2.236300	1
47.408000	133.330000	2.410700	2.236100	1
47.372000	133.370000	3.450000	2.236000	1
47.337000	133.410000	3.449500	2.236200	1
47.301000	133.440000	3.448700	2.235900	1
47.266000	133.480000	2.072200	2.236100	1
47.230000	133.520000	4.131700	2.236100	1
47.194000	133.560000	5.171100	2.235900	1
47.159000	133.600000	1.047800	2.236100	1
48.672000	132.000000	-2.144300	2.992000	1
48.637000	132.040000	-1.464800	2.992000	1
48.602000	132.080000	3.662400	2.992100	1
48.567000	132.120000	3.662300	2.991900	1
48.532000	132.160000	4.012400	2.992000	1
48.497000	132.200000	2.632500	2.992100	1
48.461000	132.240000	3.662100	2.991900	1
48.426000	132.290000	4.352000	2.992100	1
48.391000	132.330000	4.011700	2.992100	1
48.356000	132.360000	4.691300	2.992000	1
48.321000	132.400000	4.011300	2.992200	1
48.286000	132.440000	2.630900	2.992000	1
48.250000	132.480000	-0.482670	2.992100	1
48.215000	132.520000	-8.389200	2.992200	1
48.180000	132.560000	-5.282600	2.991900	1
48.145000	132.600000	-5.962700	2.992200	1
48.109000	132.640000	-7.696500	2.992100	1
48.074000	132.680000	1.590500	2.992100	1
48.039000	132.720000	1.603800	2.992200	1
48.003000	132.760000	1.590200	2.992000	1
47.968000	132.800000	-1.510500	2.992100	1
47.933000	132.840000	2.959000	2.992200	1
47.897000	132.880000	-0.805370	2.992000	1
47.862000	132.920000	-1.836000	2.992200	1
47.826000	132.960000	1.926600	2.992100	1
47.791000	133.000000	1.235700	2.991900	1
47.756000	133.040000	-0.820750	2.992300	1
47.720000	133.070000	-0.131730	2.992000	1
47.685000	133.110000	0.547660	2.992100	1
47.649000	133.150000	-0.483060	2.992200	1
47.614000	133.190000	1.975700	2.992000	1
47.578000	133.230000	0.562150	2.992200	1
47.543000	133.270000	1.601400	2.992200	1
47.507000	133.310000	1.600600	2.991900	1
47.471000	133.340000	3.660200	2.992300	1
47.436000	133.380000	1.939300	2.992000	1
47.400000	133.420000	4.008600	2.992000	1
47.365000	133.460000	2.968200	2.992200	1
47.329000	133.500000	0.561200	2.991800	1
47.293000	133.540000	1.600900	2.992000	1
47.258000	133.570000	1.600500	2.992000	1
47.222000	133.610000	2.290000	2.991800	1
48.700000	132.060000	-1.926500	3.746800	1
48.665000	132.100000	-2.325900	3.746700	1
48.630000	132.140000	-2.630100	3.746900	1
48.595000	132.180000	1.114300	3.746600	1
48.560000	132.220000	1.804500	3.746800	1
48.525000	132.260000	1.804600	3.746800	1
48.490000	132.300000	1.464400	3.746700	1
48.455000	132.340000	0.750810	3.746900	1
48.419000	132.380000	2.494000	3.746800	1
48.384000	132.420000	3.873700	3.746700	1
48.349000	132.460000	3.183700	3.747000	1
48.314000	132.500000	1.779800	3.746800	1
48.279000	132.540000	-0.626410	3.746800	1
48.243000	132.580000	-6.783000	3.747000	1
48.208000	132.620000	-7.468300	3.746700	1
48.173000	132.660000	1.443100	3.746900	1
48.137000	132.700000	-1.633800	3.746800	1
48.102000	132.740000	-0.253910	3.746800	1
48.067000	132.780000	0.086068	3.747000	1
48.031000	132.820000	-0.277720	3.746800	1
47.996000	132.860000	1.150500	3.746800	1
47.961000	132.890000	-0.271990	3.747000	1
47.925000	132.930000	-2.666500	3.746700	1
47.890000	132.970000	-1.960200	3.746900	1
47.854000	133.010000	0.413280	3.746800	1
47.819000	133.050000	0.412410	3.746700	1
47.783000	133.090000	-0.628150	3.747000	1
47.748000	133.130000	0.750890	3.746700	1
47.713000	133.170000	0.060238	3.746900	1
47.677000	133.210000	-0.273930	3.746900	1
47.641000	133.240000	-0.964840	3.746700	1
47.606000	133.280000	-0.625440	3.746900	1
47.570000	133.320000	-1.996200	3.746900	1
47.535000	133.360000	-0.562270	3.746600	1
47.499000	133.400000	-0.967430	3.747000	1
47.464000	133.440000	0.411720	3.746700	1
47.428000	133.480000	0.415040	3.746700	1
47.392000	133.510000	-0.625420	3.746900	1
47.357000	133.550000	0.413950	3.746600	1
47.321000	133.590000	0.770190	3.746700	1
47.285000	133.630000	0.753280	3.746800	1
47.250000	133.670000	0.429240	3.746500	1
47.214000	133.700000	2.489100	3.746800	1
47.178000	133.740000	0.768630	3.746700	1
47.143000	133.780000	-1.291900	3.746500	1
47.107000	133.820000	-3.022000	3.746800	1
47.071000	133.860000	-2.672500	3.746500	1
47.035000	133.890000	-0.286060	3.746600	1
46.999000	133.930000	0.081232	3.746800	1
46.964000	133.970000	-0.282660	3.746400	1
46.928000	134.010000	3.181000	3.746800	1
46.892000	134.040000	2.467100	3.746600	1
46.856000	134.080000	-5.443600	3.746500	1
46.820000	134.120000	-1.313400	3.746800	1
46.784000	134.160000	4.186300	3.746500	1
46.749000	134.190000	-1.663900	3.746700	1
48.694000	132.150000	-3.053400	4.500100	1
48.659000	132.190000	-2.713200	4.500300	1
48.624000	132.230000	1.416900	4.500000	1
48.588000	132.270000	2.447000	4.500100	1
48.553000	132.310000	1.753600	4.500200	1
48.518000	132.350000	1.077000	4.500000	1
48.483000	132.390000	0.727080	4.500300	1
48.448000	132.430000	0.033170	4.500200	1
48.412000	132.470000	2.106500	4.500100	1
48.377000	132.510000	2.102900	4.500400	1
48.342000	132.550000	0.040004	4.500100	1
48.307000	132.590000	-0.993810	4.500200	1
48.271000	132.630000	-3.737600	4.500400	1
48.236000	132.670000	-3.050800	4.500100	1
48.201000	132.710000	-2.710800	4.500300	1
48.166000	132.750000	0.385450	4.500200	1
48.130000	132.790000	-0.304730	4.500200	1
48.095000	132.830000	1.075300	4.500300	1
48.059000	132.870000	-1.335100	4.500100	1
48.024000	132.910000	-0.645190	4.500200	1
47.989000	132.950000	0.038185	4.500300	1
47.953000	132.990000	-1.686400	4.500100	1
47.918000	133.030000	-1.286500	4.500300	1
47.882000	133.070000	-0.643680	4.500100	1
47.847000	133.110000	-0.298100	4.500000	1
47.811000	133.140000	-1.678700	4.500400	1
47.776000	133.180000	0.383970	4.500000	1
47.740000	133.220000	0.039749	4.500200	1
47.705000	133.260000	-2.371100	4.500300	1
47.669000	133.300000	-0.991830	4.500100	1
47.634000	133.340000	-1.688900	4.500200	1
47.598000	133.380000	-1.333200	4.500200	1
47.563000	133.420000	-0.644030	4.500000	1
47.527000	133.450000	-1.636800	4.500400	1
47.491000	133.490000	-0.301300	4.500100	1
47.456000	133.530000	-0.991850	4.500100	1
47.420000	133.570000	0.037861	4.500200	1
47.384000	133.610000	-0.259020	4.499900	1
47.349000	133.650000	0.393360	4.500100	1
47.313000	133.680000	0.392990	4.500100	1
47.277000	133.720000	-0.248110	4.499900	1
47.242000	133.760000	1.082300	4.500100	1
47.206000	133.800000	1.081900	4.500000	1
47.170000	133.840000	0.041390	4.499800	1
47.134000	133.870000	-2.018800	4.500100	1
47.099000	133.910000	-0.299130	4.499900	1
47.063000	133.950000	-1.325500	4.499900	1
47.027000	133.990000	0.030867	4.500100	1
46.991000	134.020000	2.454000	4.499800	1
46.955000	134.060000	2.440400	4.500100	1
46.919000	134.100000	-3.410300	4.499900	1
46.884000	134.140000	0.719670	4.499900	1
46.848000	134.170000	-0.650500	4.500100	1
46.812000	134.210000	2.439200	4.499900	1
46.776000	134.250000	0.379050	4.500000	1
46.740000	134.290000	-2.031300	4.500000	1
46.704000	134.320000	-6.175600	4.499900	1
46.668000	134.360000	-4.101900	4.499900	1
46.632000	134.400000	-2.378200	4.499900	1
48.687000	132.250000	-0.115460	5.254900	1
48.652000	132.290000	-1.155600	5.254600	1
48.617000	132.330000	-1.159100	5.254800	1
48.582000	132.370000	-2.525400	5.254800	1
48.546000	132.410000	-0.809000	5.254700	1
48.511000	132.450000	-1.155200	5.254900	1
48.476000	132.490000	-0.118990	5.254800	1
48.441000	132.530000	0.560720	5.254700	1
48.406000	132.570000	-0.801810	5.255000	1
48.370000	132.610000	-1.845900	5.254700	1
48.335000	132.650000	-2.522500	5.254800	1
48.300000	132.690000	-4.230000	5.255000	1
48.264000	132.730000	-1.842900	5.254700	1
48.229000	132.770000	-0.462870	5.254900	1
48.194000	132.810000	0.223240	5.254800	1
48.158000	132.850000	-0.116950	5.254800	1
48.123000	132.890000	0.223020	5.254900	1
48.088000	132.930000	0.222750	5.254700	1
48.052000	132.960000	-3.551300	5.254800	1
48.017000	133.000000	-1.141100	5.254900	1
47.981000	133.040000	-3.547800	5.254700	1
47.946000	133.080000	-3.529600	5.254900	1
47.910000	133.120000	-2.859200	5.254700	1
47.875000	133.160000	-1.480000	5.254600	1
47.839000	133.200000	-1.480500	5.255000	1
47.804000	133.240000	-0.467830	5.254600	1
47.768000	133.280000	-1.142100	5.254800	1
47.733000	133.320000	-1.499200	5.254900	1
47.697000	133.350000	-1.143700	5.254700	1
47.662000	133.390000	-0.104270	5.254800	1
47.626000	133.430000	-0.794980	5.254800	1
47.590000	133.470000	-0.455840	5.254600	1
47.555000	133.510000	-0.452220	5.255000	1
47.519000	133.550000	-1.143000	5.254600	1
47.483000	133.590000	-0.453390	5.254700	1
47.448000	133.620000	-2.173800	5.254800	1
47.412000	133.660000	-0.436710	5.254500	1
47.376000	133.700000	-0.454670	5.254600	1
47.341000	133.740000	-0.478670	5.254700	1
47.305000	133.780000	-0.417980	5.254400	1
47.269000	133.810000	0.924290	5.254700	1
47.233000	133.850000	-0.106130	5.254600	1
47.198000	133.890000	1.239800	5.254400	1
47.162000	133.930000	-0.130300	5.254700	1
47.126000	133.970000	-1.506900	5.254400	1
47.090000	134.000000	-1.870800	5.254500	1
47.054000	134.040000	1.242800	5.254700	1
47.019000	134.080000	0.198510	5.254300	1
46.983000	134.120000	-2.551700	5.254700	1
46.947000	134.150000	-2.552100	5.254500	1
46.911000	134.190000	-4.258900	5.254500	1
46.875000	134.230000	0.197640	5.254600	1
46.839000	134.270000	2.623700	5.254400	1
46.803000	134.300000	0.887180	5.254600	1
46.767000	134.340000	-0.833100	5.254600	1
46.731000	134.380000	-2.887200	5.254400	1
48.786000	132.220000	-3.218500	6.008500	1
48.751000	132.260000	-2.528400	6.008500	1
48.715000	132.300000	-0.808100	6.008600	1
48.680000	132.350000	-1.474500	6.008300	1
48.645000	132.390000	-1.474400	6.008500	1
48.610000	132.430000	-2.528000	6.008500	1
48.575000	132.470000	-3.558200	6.008400	1
48.540000	132.510000	-1.497800	6.008600	1
48.504000	132.550000	-0.457760	6.008500	1
48.469000	132.590000	-2.150500	6.008400	1
48.434000	132.630000	-1.120500	6.008700	1
48.398000	132.660000	-1.470900	6.008400	1
48.363000	132.700000	-1.811200	6.008500	1
48.328000	132.740000	-1.811200	6.008700	1
48.292000	132.780000	1.264800	6.008400	1
48.257000	132.820000	0.598480	6.008600	1
48.222000	132.860000	0.258190	6.008500	1
48.186000	132.900000	0.234340	6.008500	1
48.151000	132.940000	0.570610	6.008600	1
48.116000	132.980000	-0.456020	6.008400	1
48.080000	133.020000	-1.496200	6.008500	1
48.045000	133.060000	-1.492100	6.008600	1
48.009000	133.100000	-4.260100	6.008400	1
47.974000	133.140000	3.323600	6.008600	1
47.938000	133.180000	-1.147500	6.008400	1
47.903000	133.220000	-1.834700	6.008300	1
47.867000	133.250000	-1.148900	6.008600	1
47.832000	133.290000	-1.839900	6.008300	1
47.796000	133.330000	-1.496800	6.008500	1
47.761000	133.370000	-0.461130	6.008600	1
47.725000	133.410000	-1.502000	6.008400	1
47.689000	133.450000	-1.842700	6.008500	1
47.654000	133.490000	-1.503400	6.008500	1
47.618000	133.520000	-1.500100	6.008200	1
47.583000	133.560000	-0.474060	6.008700	1
47.547000	133.600000	-0.121050	6.008300	1
47.511000	133.640000	-1.841500	6.008300	1
47.475000	133.680000	-1.165600	6.008400	1
47.440000	133.720000	-1.516200	6.008200	1
47.404000	133.750000	-0.136430	6.008300	1
47.368000	133.790000	-1.516900	6.008400	1
47.333000	133.830000	1.599100	6.008100	1
47.297000	133.870000	-0.477520	6.008300	1
47.261000	133.910000	-2.534300	6.008300	1
47.225000	133.940000	-0.812040	6.008000	1
47.189000	133.980000	1.245600	6.008300	1
47.154000	134.020000	-2.178800	6.008100	1
47.118000	134.060000	-3.575500	6.008200	1
47.082000	134.100000	-0.809300	6.008300	1
47.046000	134.130000	-2.179900	6.008000	1
47.010000	134.170000	-4.250200	6.008300	1
48.497000	132.640000	-2.603600	6.760200	1
48.462000	132.680000	-1.577400	6.760400	1
48.427000	132.720000	-0.533940	6.760200	1
48.391000	132.760000	-0.884190	6.760200	1
48.356000	132.800000	-1.914300	6.760400	1
48.321000	132.840000	-0.548330	6.760100	1
48.285000	132.880000	-1.224700	6.760400	1
48.250000	132.920000	-0.208610	6.760200	1
48.214000	132.960000	-0.195020	6.760200	1
48.179000	133.000000	1.171300	6.760400	1
48.144000	133.040000	0.154630	6.760100	1
48.108000	133.080000	0.480760	6.760200	1
48.073000	133.110000	-3.295400	6.760300	1
48.037000	133.150000	-5.029800	6.760100	1
48.002000	133.190000	-3.299500	6.760300	1
47.966000	133.230000	-1.580200	6.760100	1
47.931000	133.270000	-0.550970	6.760000	1
47.895000	133.310000	-1.931600	6.760400	1
47.860000	133.350000	-1.242500	6.760100	1
47.824000	133.390000	-1.243200	6.760200	1
47.788000	133.430000	-0.903840	6.760300	1
47.753000	133.460000	-1.918500	6.760100	1
47.717000	133.500000	-1.935400	6.760200	1
47.682000	133.540000	-1.585900	6.760200	1
47.646000	133.580000	-1.582700	6.760000	1
47.610000	133.620000	-1.933000	6.760400	1
47.575000	133.660000	-2.947500	6.760000	1
47.539000	133.690000	-1.584000	6.760100	1
47.503000	133.730000	-1.934400	6.760100	1
47.467000	133.770000	-2.258700	6.759900	1
47.432000	133.810000	-2.949000	6.760000	1
47.396000	133.850000	-2.609400	6.760100	1
47.360000	133.890000	-1.569800	6.759800	1
47.324000	133.920000	-3.290200	6.760000	1
47.289000	133.960000	-1.570400	6.760000	1
47.253000	134.000000	-1.230800	6.759700	1
47.217000	134.040000	-0.903380	6.760000	1
47.181000	134.070000	-2.607800	6.759800	1
47.145000	134.110000	-1.228000	6.759900	1
47.109000	134.150000	-0.554500	6.760000	1
47.073000	134.190000	-3.672700	6.759700	1
47.038000	134.230000	-5.053000	6.760000	1
47.002000	134.260000	-4.690800	6.759800	1
48.632000	132.580000	-2.313700	7.519500	1
48.596000	132.620000	-3.679800	7.519700	1
48.561000	132.660000	-4.720100	7.519600	1
48.526000	132.700000	-1.959800	7.519500	1
48.490000	132.740000	-1.265700	7.519700	1
48.455000	132.780000	-1.282300	7.519500	1
48.420000	132.820000	-2.986400	7.519600	1
48.384000	132.860000	-1.616400	7.519700	1
48.349000	132.900000	-0.926700	7.519500	1
48.314000	132.930000	-1.973000	7.519700	1
48.278000	132.970000	-0.603190	7.519500	1
48.243000	133.010000	-1.617200	7.519500	1
48.207000	133.050000	0.102820	7.519700	1
48.172000	133.090000	1.142600	7.519500	1
48.136000	133.130000	1.482400	7.519500	1
48.101000	133.170000	-2.311700	7.519700	1
48.065000	133.210000	-1.614000	7.519400	1
48.030000	133.250000	-4.364300	7.519600	1
47.994000	133.290000	-2.308200	7.519500	1
47.959000	133.330000	-1.958900	7.519400	1
47.923000	133.370000	-3.335900	7.519700	1
47.888000	133.400000	-2.310500	7.519400	1
47.852000	133.440000	-2.984900	7.519500	1
47.816000	133.480000	-2.305600	7.519600	1
47.781000	133.520000	-2.306400	7.519400	1
47.745000	133.560000	-1.956900	7.519600	1
47.710000	133.600000	-4.717800	7.519500	1
47.674000	133.640000	-2.644300	7.519300	1
47.638000	133.670000	-2.984600	7.519700	1
47.602000	133.710000	-2.311500	7.519300	1
47.567000	133.750000	-2.311900	7.519400	1
47.531000	133.790000	-2.652200	7.519500	1
47.495000	133.830000	-2.652600	7.519200	1
47.460000	133.870000	-2.306700	7.519300	1
47.424000	133.900000	-1.957000	7.519400	1
47.388000	133.940000	-3.343900	7.519100	1
47.352000	133.980000	-2.314000	7.519400	1
47.316000	134.020000	-1.958100	7.519300	1
47.281000	134.060000	-1.268700	7.519000	1
47.245000	134.090000	-0.588870	7.519400	1
47.209000	134.130000	0.454550	7.519100	1
47.173000	134.170000	-1.959600	7.519200	1
47.137000	134.210000	-1.956200	7.519300	1
47.101000	134.240000	-2.306700	7.519100	1
47.065000	134.280000	-2.990700	7.519300	1
47.029000	134.320000	-4.717500	7.519100	1
48.589000	132.710000	-4.582000	8.272700	1
48.554000	132.750000	-3.208100	8.272700	1
48.519000	132.790000	-2.173900	8.272900	1
48.483000	132.830000	-2.514100	8.272700	1
48.448000	132.870000	-3.198200	8.272700	1
48.413000	132.910000	-0.750520	8.272900	1
48.377000	132.950000	-2.174700	8.272600	1
48.342000	132.990000	-2.174700	8.272900	1
48.306000	133.030000	-1.441200	8.272700	1
48.271000	133.070000	-1.479000	8.272600	1
48.235000	133.110000	-1.101500	8.272800	1
48.200000	133.150000	0.574570	8.272600	1
48.164000	133.190000	0.924430	8.272700	1
48.129000	133.230000	-1.835900	8.272800	1
48.093000	133.270000	-0.068108	8.272500	1
48.058000	133.300000	-1.142000	8.272800	1
48.022000	133.340000	-2.512300	8.272600	1
47.987000	133.380000	-1.826400	8.272500	1
47.951000	133.420000	-3.159600	8.272800	1
47.916000	133.460000	-3.510600	8.272500	1
47.880000	133.500000	-2.514900	8.272600	1
47.844000	133.540000	-2.175500	8.272700	1
47.809000	133.580000	-3.890300	8.272500	1
47.773000	133.610000	-3.550800	8.272700	1
47.737000	133.650000	-3.215100	8.272700	1
47.702000	133.690000	-2.862000	8.272400	1
47.666000	133.730000	-3.548400	8.272800	1
47.630000	133.770000	-3.198900	8.272500	1
47.595000	133.810000	-3.563100	8.272500	1
47.559000	133.840000	-2.523300	8.272600	1
47.523000	133.880000	-3.887600	8.272400	1
47.487000	133.920000	-4.920500	8.272400	1
47.451000	133.960000	-3.904500	8.272500	1
47.416000	134.000000	-4.238800	8.272200	1
47.380000	134.030000	-5.269400	8.272500	1
47.344000	134.070000	-4.922300	8.272400	1
47.308000	134.110000	-3.566400	8.272200	1
47.272000	134.150000	-4.242900	8.272500	1
47.236000	134.190000	-4.237200	8.272200	1
47.200000	134.220000	-2.183400	8.272400	1
47.165000	134.260000	-1.153600	8.272400	1
47.129000	134.300000	-1.477800	8.272200	1
47.093000	134.340000	-5.286000	8.272400	1
47.057000	134.370000	-4.932500	8.272200	1
47.021000	134.410000	-4.252600	8.272300	1
46.985000	134.450000	-5.283000	8.272300	1
48.512000	132.890000	-5.964100	9.031300	1
48.477000	132.930000	-7.340800	9.031300	1
48.441000	132.970000	-3.562300	9.031500	1
48.406000	133.010000	-4.252800	9.031200	1
48.370000	133.050000	-3.259000	9.031500	1
48.335000	133.090000	-3.563100	9.031300	1
48.299000	133.130000	-3.599500	9.031300	1
48.264000	133.170000	-1.503200	9.031500	1
48.228000	133.200000	-1.843500	9.031200	1
48.193000	133.240000	-1.843600	9.031300	1
48.157000	133.280000	-2.533800	9.031400	1
48.122000	133.320000	-4.594400	9.031200	1
48.086000	133.360000	-4.594300	9.031400	1
48.051000	133.400000	-2.854000	9.031200	1
48.015000	133.440000	-3.204200	9.031100	1
47.979000	133.480000	-3.204500	9.031400	1
47.944000	133.520000	-3.205400	9.031100	1
47.908000	133.550000	-4.592500	9.031300	1
47.873000	133.590000	-2.516700	9.031400	1
47.837000	133.630000	-2.183600	9.031100	1
47.801000	133.670000	-4.238300	9.031300	1
47.765000	133.710000	-2.858700	9.031300	1
47.730000	133.750000	-5.273500	9.031000	1
47.694000	133.790000	-3.549600	9.031400	1
47.658000	133.820000	-4.240200	9.031100	1
47.623000	133.860000	-3.912900	9.031100	1
47.587000	133.900000	1.597300	9.031200	1
47.551000	133.940000	-2.170900	9.031000	1
47.515000	133.980000	-2.517400	9.031000	1
47.479000	134.020000	-5.271900	9.031100	1
47.444000	134.050000	-0.451980	9.030800	1
47.408000	134.090000	-1.832500	9.031100	1
47.372000	134.130000	-4.290900	9.031000	1
47.336000	134.170000	-1.489800	9.030800	1
47.300000	134.200000	-4.244200	9.031100	1
47.264000	134.240000	-4.240900	9.030800	1
47.228000	134.280000	-3.578600	9.031000	1
47.192000	134.320000	-2.544900	9.030900	1
47.156000	134.350000	-2.885200	9.030800	1
47.120000	134.390000	-5.622100	9.031000	1
48.505000	132.990000	-6.876900	9.785400	1
48.469000	133.030000	-3.428400	9.785600	1
48.434000	133.060000	-2.742500	9.785300	1
48.399000	133.100000	-3.078800	9.785600	1
48.363000	133.140000	-4.113100	9.785300	1
48.328000	133.180000	-2.743100	9.785300	1
48.292000	133.220000	-3.079400	9.785500	1
48.257000	133.260000	-2.393400	9.785300	1
48.221000	133.300000	-2.049800	9.785300	1
48.186000	133.340000	-3.433900	9.785500	1
48.150000	133.380000	-4.488000	9.785200	1
48.114000	133.420000	-3.798000	9.785500	1
48.079000	133.460000	-3.430500	9.785200	1
48.043000	133.500000	-1.700100	9.785200	1
48.008000	133.530000	-2.390200	9.785500	1
47.972000	133.570000	-3.081000	9.785200	1
47.936000	133.610000	-3.078000	9.785300	1
47.901000	133.650000	-2.392300	9.785400	1
47.865000	133.690000	-2.766900	9.785100	1
47.829000	133.730000	-3.083700	9.785400	1
47.793000	133.770000	-3.770500	9.785300	1
47.758000	133.800000	-3.108600	9.785000	1
47.722000	133.840000	-3.799100	9.785400	1
47.686000	133.880000	-4.813600	9.785100	1
47.650000	133.920000	-3.459900	9.785200	1
47.615000	133.960000	-3.408500	9.785200	1
47.579000	134.000000	-4.803000	9.785000	1
47.543000	134.030000	-2.766800	9.785000	1
47.507000	134.070000	-3.107200	9.785100	1
47.471000	134.110000	-3.798100	9.784800	1
47.435000	134.150000	-2.765800	9.785100	1
47.400000	134.180000	-3.442700	9.785000	1
47.364000	134.220000	-5.179700	9.784800	1
47.328000	134.260000	-4.441300	9.785100	1
47.292000	134.300000	-3.093900	9.784800	1
47.256000	134.340000	-5.182200	9.785000	1
47.220000	134.370000	-4.138400	9.784900	1
47.184000	134.410000	-4.471100	9.784800	1
47.148000	134.450000	-5.161500	9.785000	1
49.198000	132.380000	-5.942600	11.296000	1
49.162000	132.420000	-5.579000	11.295000	1
49.127000	132.460000	-4.905400	11.295000	1
49.092000	132.500000	-5.564500	11.296000	1
49.057000	132.540000	-5.911100	11.295000	1
49.022000	132.580000	-3.844700	11.296000	1
48.986000	132.620000	-4.197300	11.295000	1
48.951000	132.660000	-4.558600	11.295000	1
48.916000	132.700000	-2.820600	11.295000	1
48.880000	132.740000	-5.577300	11.295000	1
48.845000	132.780000	-7.631800	11.295000	1
48.810000	132.820000	-6.947800	11.295000	1
48.774000	132.860000	-4.519400	11.295000	1
48.739000	132.900000	-2.466500	11.295000	1
48.704000	132.940000	-4.193000	11.295000	1
48.668000	132.980000	-3.852900	11.295000	1
48.633000	133.020000	-3.496600	11.295000	1
48.597000	133.060000	-3.840600	11.295000	1
48.562000	133.100000	-2.466600	11.295000	1
48.526000	133.140000	-4.530900	11.295000	1
48.491000	133.180000	-5.211200	11.295000	1
48.455000	133.220000	-4.181100	11.295000	1
48.420000	133.260000	-2.121000	11.295000	1
48.384000	133.300000	-2.457300	11.295000	1
48.349000	133.340000	-2.831300	11.295000	1
48.313000	133.380000	-1.767600	11.295000	1
48.278000	133.410000	-2.807800	11.295000	1
48.242000	133.450000	-2.808000	11.295000	1
48.207000	133.490000	-3.512100	11.295000	1
48.171000	133.530000	-4.528600	11.295000	1
48.135000	133.570000	-2.787700	11.295000	1
48.100000	133.610000	-2.808600	11.295000	1
48.064000	133.650000	-2.808700	11.295000	1
48.028000	133.690000	-3.176600	11.295000	1
47.993000	133.730000	-3.489300	11.295000	1
47.957000	133.760000	-4.207500	11.295000	1
47.921000	133.800000	-3.514200	11.295000	1
47.885000	133.840000	-3.174700	11.295000	1
47.850000	133.880000	-3.179000	11.295000	1
47.814000	133.920000	-3.172000	11.295000	1
47.778000	133.960000	-5.232700	11.295000	1
47.742000	133.990000	-4.896900	11.295000	1
47.706000	134.030000	-3.517000	11.295000	1
47.671000	134.070000	-3.521300	11.295000	1
47.635000	134.110000	-3.518000	11.295000	1
47.599000	134.150000	-2.810600	11.295000	1
47.563000	134.180000	-3.166300	11.295000	1
47.527000	134.220000	-3.171500	11.295000	1
47.491000	134.260000	-3.175500	11.295000	1
47.455000	134.300000	-3.163700	11.295000	1
47.419000	134.340000	-5.237100	11.295000	1
47.383000	134.370000	-4.553300	11.295000	1
47.347000	134.410000	-5.915500	11.294000	1
47.311000	134.450000	-5.939400	11.295000	1
47.276000	134.490000	-5.932300	11.295000	1
47.239000	134.520000	-3.872000	11.295000	1
48.980000	132.720000	-6.686100	12.050000	1
48.945000	132.760000	-6.352200	12.050000	1
48.909000	132.800000	-3.923000	12.050000	1
48.874000	132.840000	-4.269100	12.050000	1
48.839000	132.880000	-3.578700	12.050000	1
48.803000	132.920000	-0.484540	12.050000	1
48.768000	132.960000	-1.864600	12.050000	1
48.732000	133.000000	-3.575000	12.050000	1
48.697000	133.040000	-4.605200	12.050000	1
48.662000	133.080000	-3.581200	12.050000	1
48.626000	133.120000	-3.921400	12.050000	1
48.591000	133.160000	-3.225100	12.050000	1
48.555000	133.200000	-3.915200	12.050000	1
48.520000	133.240000	-4.949500	12.050000	1
48.484000	133.280000	-4.609600	12.050000	1
48.448000	133.320000	-3.231900	12.050000	1
48.413000	133.350000	-3.916000	12.050000	1
48.377000	133.390000	-3.579800	12.050000	1
48.342000	133.430000	-3.920100	12.050000	1
48.306000	133.470000	-2.882400	12.050000	1
48.271000	133.510000	-2.886300	12.050000	1
48.235000	133.550000	-3.579000	12.050000	1
48.199000	133.590000	-4.606900	12.050000	1
48.164000	133.630000	-2.886800	12.050000	1
48.128000	133.670000	-3.865900	12.050000	1
48.092000	133.710000	-3.250900	12.050000	1
48.057000	133.740000	-3.579700	12.050000	1
48.021000	133.780000	-4.947800	12.050000	1
47.985000	133.820000	-4.264100	12.050000	1
47.949000	133.860000	-3.602300	12.050000	1
47.914000	133.900000	-3.575100	12.050000	1
47.878000	133.940000	-4.265700	12.050000	1
47.842000	133.980000	-4.290000	12.050000	1
47.806000	134.010000	-4.946700	12.050000	1
47.770000	134.050000	-4.603400	12.050000	1
47.735000	134.090000	-5.297800	12.050000	1
47.699000	134.130000	-4.948300	12.050000	1
47.663000	134.170000	-4.948700	12.050000	1
47.627000	134.200000	-3.602600	12.050000	1
47.591000	134.240000	-2.912800	12.050000	1
47.555000	134.280000	-2.549500	12.049000	1
47.519000	134.320000	-2.223500	12.050000	1
47.483000	134.360000	-3.572600	12.049000	1
47.447000	134.390000	-4.947200	12.049000	1
47.411000	134.430000	-6.701800	12.050000	1
47.375000	134.470000	-6.366100	12.049000	1
47.339000	134.510000	-5.335900	12.049000	1
48.974000	132.820000	-5.659400	12.811000	1
48.938000	132.860000	-6.676000	12.810000	1
48.903000	132.900000	-6.343300	12.810000	1
48.868000	132.940000	-4.272400	12.810000	1
48.832000	132.980000	-3.582400	12.810000	1
48.797000	133.020000	-4.278600	12.811000	1
48.761000	133.060000	-4.955000	12.810000	1
48.726000	133.100000	-4.278700	12.810000	1
48.691000	133.140000	-4.612600	12.810000	1
48.655000	133.180000	-4.272600	12.810000	1
48.619000	133.220000	-4.965200	12.810000	1
48.584000	133.260000	-5.291700	12.810000	1
48.548000	133.300000	-3.571500	12.810000	1
48.513000	133.330000	-5.989700	12.810000	1
48.477000	133.370000	-6.340100	12.810000	1
48.442000	133.410000	-6.680500	12.810000	1
48.406000	133.450000	-5.300100	12.810000	1
48.371000	133.490000	-4.283800	12.810000	1
48.335000	133.530000	-3.239800	12.810000	1
48.299000	133.570000	-3.253800	12.810000	1
48.264000	133.610000	-3.930400	12.810000	1
48.228000	133.650000	-5.307100	12.810000	1
48.192000	133.690000	-5.987400	12.810000	1
48.157000	133.720000	-3.576800	12.810000	1
48.121000	133.760000	-2.560500	12.810000	1
48.085000	133.800000	-3.940900	12.810000	1
48.049000	133.840000	-3.577100	12.810000	1
48.014000	133.880000	-3.583600	12.810000	1
47.978000	133.920000	-4.274200	12.810000	1
47.942000	133.960000	-4.282200	12.810000	1
47.906000	133.990000	-4.282700	12.810000	1
47.871000	134.030000	-5.677400	12.810000	1
47.835000	134.070000	-5.996600	12.810000	1
47.799000	134.110000	-4.984400	12.810000	1
47.763000	134.150000	-6.001400	12.810000	1
47.727000	134.190000	-5.988100	12.810000	1
47.691000	134.220000	-4.985800	12.810000	1
47.655000	134.260000	-4.608500	12.810000	1
47.619000	134.300000	-4.282500	12.810000	1
47.583000	134.340000	-3.606600	12.810000	1
47.548000	134.380000	-2.564300	12.810000	1
47.512000	134.410000	-2.223200	12.810000	1
47.476000	134.450000	-3.267500	12.810000	1
47.440000	134.490000	-4.624300	12.810000	1
47.404000	134.530000	-5.328800	12.810000	1
47.368000	134.560000	-6.693300	12.810000	1
47.332000	134.600000	-7.383700	12.810000	1
48.968000	132.920000	-5.353300	13.569000	1
48.932000	132.960000	-7.408200	13.569000	1
48.897000	133.000000	-4.656900	13.569000	1
48.861000	133.040000	-5.347100	13.569000	1
48.826000	133.080000	-3.972800	13.569000	1
48.790000	133.120000	-3.975300	13.569000	1
48.755000	133.160000	-3.975400	13.569000	1
48.720000	133.200000	-2.945100	13.569000	1
48.684000	133.240000	-3.635400	13.569000	1
48.648000	133.280000	-4.999600	13.569000	1
48.613000	133.310000	-5.347400	13.569000	1
48.577000	133.350000	-4.997400	13.569000	1
48.542000	133.390000	-6.380400	13.569000	1
48.506000	133.430000	-6.374400	13.569000	1
48.471000	133.470000	-7.059800	13.569000	1
48.435000	133.510000	-6.374900	13.569000	1
48.399000	133.550000	-5.691000	13.569000	1
48.364000	133.590000	-7.762000	13.569000	1
48.328000	133.630000	-5.018500	13.569000	1
48.292000	133.670000	-4.994900	13.569000	1
48.257000	133.710000	-4.311000	13.569000	1
48.221000	133.740000	-3.971100	13.569000	1
48.185000	133.780000	-3.965000	13.569000	1
48.150000	133.820000	-3.967500	13.569000	1
48.114000	133.860000	-4.305300	13.569000	1
48.078000	133.900000	-4.991800	13.569000	1
48.042000	133.940000	-4.319100	13.569000	1
48.006000	133.980000	-2.931500	13.568000	1
47.971000	134.020000	-4.302300	13.569000	1
47.935000	134.050000	-3.646600	13.569000	1
47.899000	134.090000	-5.683900	13.568000	1
47.863000	134.130000	-6.746300	13.569000	1
47.827000	134.170000	-6.715300	13.568000	1
47.791000	134.210000	-7.066000	13.568000	1
47.756000	134.240000	-5.709500	13.568000	1
47.720000	134.280000	-3.965700	13.568000	1
47.684000	134.320000	-3.979900	13.568000	1
47.648000	134.360000	-3.962600	13.568000	1
47.612000	134.400000	-3.296600	13.568000	1
47.576000	134.430000	-2.600600	13.568000	1
47.540000	134.470000	-2.950900	13.568000	1
47.504000	134.510000	-3.987700	13.568000	1
47.468000	134.550000	-4.654200	13.568000	1
47.432000	134.580000	-4.672300	13.568000	1
47.396000	134.620000	-6.035400	13.568000	1
47.360000	134.660000	-7.774200	13.568000	1
50.051000	131.750000	-7.403800	14.322000	1
50.016000	131.790000	-5.714500	14.321000	1
49.982000	131.830000	-7.435200	14.322000	1
49.947000	131.870000	-6.748500	14.321000	1
49.912000	131.920000	-7.757800	14.321000	1
49.877000	131.960000	-7.060700	14.321000	1
49.842000	132.000000	-7.743500	14.321000	1
49.807000	132.040000	-6.713100	14.321000	1
49.772000	132.080000	-8.101200	14.321000	1
49.736000	132.120000	-7.434400	14.321000	1
49.701000	132.160000	-8.774000	14.321000	1
49.666000	132.210000	-6.390600	14.321000	1
49.631000	132.250000	-6.734200	14.321000	1
49.596000	132.290000	-8.801400	14.321000	1
49.561000	132.330000	-6.733800	14.321000	1
49.526000	132.370000	-7.095200	14.321000	1
49.491000	132.410000	-8.104200	14.321000	1
49.455000	132.450000	-8.104500	14.321000	1
49.420000	132.490000	-7.773200	14.321000	1
49.385000	132.530000	-6.734200	14.321000	1
49.350000	132.570000	-6.377100	14.321000	1
49.315000	132.610000	-7.417900	14.321000	1
49.279000	132.650000	-7.079500	14.321000	1
49.244000	132.690000	-6.034800	14.321000	1
49.209000	132.740000	-6.375400	14.321000	1
49.173000	132.780000	-5.671500	14.321000	1
49.138000	132.820000	-4.631300	14.321000	1
49.103000	132.860000	-7.042700	14.321000	1
49.067000	132.900000	-7.393200	14.321000	1
49.032000	132.940000	-6.709100	14.321000	1
48.997000	132.980000	-7.417300	14.321000	1
48.961000	133.020000	-7.393200	14.321000	1
48.926000	133.060000	-4.650600	14.321000	1
48.890000	133.100000	-4.988300	14.321000	1
48.855000	133.140000	-5.672200	14.321000	1
48.819000	133.180000	-5.331200	14.321000	1
48.784000	133.220000	-4.306900	14.321000	1
48.748000	133.250000	-4.306900	14.321000	1
48.713000	133.290000	-5.675200	14.321000	1
48.677000	133.330000	-3.938300	14.321000	1
48.642000	133.370000	-4.628700	14.321000	1
48.606000	133.410000	-4.991400	14.321000	1
48.570000	133.450000	-5.669300	14.321000	1
48.535000	133.490000	-7.046400	14.321000	1
48.499000	133.530000	-6.350100	14.321000	1
48.464000	133.570000	-6.009900	14.321000	1
48.428000	133.610000	-6.700400	14.320000	1
48.392000	133.650000	-5.690100	14.321000	1
48.357000	133.690000	-6.044200	14.321000	1
48.321000	133.730000	-7.043700	14.320000	1
48.285000	133.760000	-6.013100	14.321000	1
48.250000	133.800000	-5.354500	14.320000	1
48.214000	133.840000	-5.000700	14.320000	1
48.178000	133.880000	-4.983100	14.321000	1
48.142000	133.920000	-3.960500	14.320000	1
48.107000	133.960000	-4.650800	14.320000	1
48.071000	134.000000	-3.937000	14.321000	1
48.035000	134.040000	-3.263400	14.320000	1
47.999000	134.070000	-3.259500	14.321000	1
47.963000	134.110000	-5.011900	14.320000	1
47.927000	134.150000	-7.423900	14.320000	1
47.892000	134.190000	-6.369900	14.320000	1
47.856000	134.230000	-6.370200	14.320000	1
47.820000	134.260000	-6.347100	14.320000	1
47.784000	134.300000	-5.000600	14.320000	1
47.748000	134.340000	-5.699000	14.320000	1
47.712000	134.380000	-5.349100	14.320000	1
47.676000	134.420000	-4.311500	14.320000	1
47.640000	134.450000	-3.938100	14.320000	1
47.604000	134.490000	-3.598300	14.320000	1
47.568000	134.530000	-3.286100	14.320000	1
47.532000	134.570000	-5.346900	14.320000	1
47.496000	134.610000	-5.697200	14.320000	1
47.460000	134.640000	-4.649600	14.320000	1
47.424000	134.680000	-7.068400	14.320000	1
47.388000	134.720000	-6.041900	14.320000	1
49.097000	132.960000	-8.893800	15.082000	1
49.061000	133.000000	-7.478700	15.082000	1
49.026000	133.040000	-7.138800	15.082000	1
48.991000	133.080000	-5.475400	15.082000	1
48.955000	133.120000	-4.056000	15.082000	1
48.920000	133.160000	-4.377400	15.082000	1
48.884000	133.200000	-5.451600	15.082000	1
48.849000	133.240000	-4.727500	15.082000	1
48.813000	133.280000	-3.007100	15.082000	1
48.778000	133.310000	-4.037300	15.082000	1
48.742000	133.350000	-7.536600	15.082000	1
48.707000	133.390000	-7.495400	15.082000	1
48.671000	133.430000	-6.785200	15.082000	1
48.635000	133.470000	-5.788600	15.082000	1
48.600000	133.510000	-6.111200	15.082000	1
48.564000	133.550000	-7.135700	15.082000	1
48.528000	133.590000	-8.869800	15.082000	1
48.493000	133.630000	-8.506900	15.082000	1
48.457000	133.670000	-6.129600	15.082000	1
48.421000	133.710000	-5.099300	15.082000	1
48.386000	133.750000	-6.827700	15.082000	1
48.350000	133.790000	-7.493200	15.082000	1
48.314000	133.820000	-6.096300	15.082000	1
48.279000	133.860000	-6.844500	15.082000	1
48.243000	133.900000	-3.715700	15.082000	1
48.207000	133.940000	-4.756100	15.082000	1
48.171000	133.980000	-4.406300	15.082000	1
48.135000	134.020000	-5.104000	15.082000	1
48.100000	134.060000	-5.062900	15.082000	1
48.064000	134.090000	-2.668800	15.081000	1
48.028000	134.130000	-3.002600	15.082000	1
47.992000	134.170000	-3.036800	15.082000	1
47.956000	134.210000	-6.820000	15.081000	1
47.920000	134.250000	-7.533200	15.082000	1
47.884000	134.290000	-6.479500	15.081000	1
47.848000	134.320000	-6.503800	15.081000	1
47.813000	134.360000	-6.442700	15.081000	1
47.777000	134.400000	-4.763800	15.081000	1
47.741000	134.440000	-4.372700	15.081000	1
47.705000	134.480000	-4.780600	15.081000	1
47.669000	134.510000	-3.683300	15.081000	1
47.633000	134.550000	-2.354500	15.081000	1
47.597000	134.590000	-4.415300	15.081000	1
47.561000	134.630000	-5.812300	15.081000	1
47.525000	134.660000	-5.796100	15.081000	1
47.488000	134.700000	-4.091800	15.081000	1
47.452000	134.740000	-6.153000	15.081000	1
49.303000	132.820000	-6.268900	15.838000	1
49.268000	132.860000	-6.263100	15.838000	1
49.233000	132.900000	-7.296400	15.838000	1
49.197000	132.940000	-6.942500	15.838000	1
49.162000	132.980000	-6.960600	15.838000	1
49.126000	133.020000	-6.270100	15.838000	1
49.091000	133.060000	-6.252600	15.838000	1
49.055000	133.100000	-7.620100	15.838000	1
49.020000	133.140000	-6.932000	15.838000	1
48.985000	133.180000	-2.424300	15.838000	1
48.949000	133.220000	-5.551400	15.838000	1
48.914000	133.260000	-6.552100	15.838000	1
48.878000	133.300000	-6.564800	15.838000	1
48.843000	133.340000	-6.914900	15.838000	1
48.807000	133.380000	-7.242900	15.838000	1
48.771000	133.410000	-6.590100	15.838000	1
48.736000	133.450000	-7.933400	15.838000	1
48.700000	133.490000	-7.971200	15.838000	1
48.665000	133.530000	-8.274200	15.838000	1
48.629000	133.570000	-8.964600	15.838000	1
48.593000	133.610000	-6.937000	15.838000	1
48.558000	133.650000	-8.274700	15.838000	1
48.522000	133.690000	-8.274500	15.838000	1
48.486000	133.730000	-8.655600	15.838000	1
48.451000	133.770000	-8.621700	15.838000	1
48.415000	133.810000	-7.982600	15.838000	1
48.379000	133.850000	-6.244400	15.838000	1
48.343000	133.880000	-7.618900	15.838000	1
48.308000	133.920000	-8.298000	15.838000	1
48.272000	133.960000	-6.949800	15.838000	1
48.236000	134.000000	-5.231400	15.838000	1
48.200000	134.040000	-4.527800	15.838000	1
48.164000	134.080000	-6.248800	15.838000	1
48.129000	134.120000	-4.868100	15.838000	1
48.093000	134.150000	-3.796800	15.838000	1
48.057000	134.190000	-3.834300	15.838000	1
48.021000	134.230000	-4.865000	15.838000	1
47.985000	134.270000	-6.932600	15.838000	1
47.949000	134.310000	-8.325300	15.838000	1
47.913000	134.350000	-6.954600	15.838000	1
47.877000	134.380000	-6.587300	15.838000	1
47.841000	134.420000	-6.605300	15.838000	1
47.805000	134.460000	-6.265500	15.838000	1
47.769000	134.500000	-5.894400	15.838000	1
47.733000	134.540000	-5.572300	15.838000	1
47.697000	134.570000	-4.178200	15.837000	1
47.661000	134.610000	-5.517700	15.838000	1
47.625000	134.650000	-5.913200	15.837000	1
47.589000	134.690000	-5.178100	15.837000	1
47.553000	134.720000	-4.865600	15.837000	1
47.517000	134.760000	-4.186800	15.837000	1
47.481000	134.800000	-7.992700	15.837000	1
47.445000	134.840000	-8.658400	15.837000	1