La	Lo	Sig	Theta	Ice
56.726000	139.430000	-8.440700	-18.181000	1
56.699000	139.490000	-7.763800	-18.181000	1
56.672000	139.550000	-7.396100	-18.181000	1
56.644000	139.610000	-7.743900	-18.181000	1
56.617000	139.680000	-7.411400	-18.182000	1
56.590000	139.740000	-7.397800	-18.182000	1
56.562000	139.800000	-7.400800	-18.181000	1
56.535000	139.860000	-8.100200	-18.182000	1
56.507000	139.920000	-8.428900	-18.182000	1
56.480000	139.990000	-8.776600	-18.182000	1
56.452000	140.050000	-8.440400	-18.182000	1
56.425000	140.110000	-8.090600	-18.181000	1
56.397000	140.170000	-8.087000	-18.182000	1
56.369000	140.230000	-7.753500	-18.182000	1
56.341000	140.290000	-8.087900	-18.181000	1
56.314000	140.350000	-8.091800	-18.182000	1
56.286000	140.420000	-8.779300	-18.182000	1
56.258000	140.480000	-9.130900	-18.182000	1
56.230000	140.540000	-9.135100	-18.182000	1
56.202000	140.600000	-7.748800	-18.182000	1
56.174000	140.660000	-7.746200	-18.182000	1
56.146000	140.720000	-8.090400	-18.182000	1
56.118000	140.780000	-7.750500	-18.182000	1
56.090000	140.840000	-8.784100	-18.182000	1
56.062000	140.900000	-7.414700	-18.182000	1
56.034000	140.960000	-8.099100	-18.182000	1
56.006000	141.020000	-7.401100	-18.182000	1
55.978000	141.080000	-7.068500	-18.182000	1
55.950000	141.140000	-8.106200	-18.182000	1
55.922000	141.200000	-8.454000	-18.182000	1
55.893000	141.260000	-7.760000	-18.182000	1
55.865000	141.320000	-7.416300	-18.182000	1
55.837000	141.380000	-6.385600	-18.182000	1
55.808000	141.440000	-7.402800	-18.182000	1
55.780000	141.500000	-7.062900	-18.182000	1
55.752000	141.560000	-7.408000	-18.181000	1
55.723000	141.620000	-8.102300	-18.182000	1
55.695000	141.680000	-6.370100	-18.182000	1
55.666000	141.740000	-7.408600	-18.181000	1
55.638000	141.800000	-6.718200	-18.182000	1
55.609000	141.860000	-7.068700	-18.181000	1
55.580000	141.920000	-7.413000	-18.181000	1
55.552000	141.980000	-6.722900	-18.182000	1
55.523000	142.030000	-7.764000	-18.181000	1
55.494000	142.090000	-7.062200	-18.181000	1
55.466000	142.150000	-7.076500	-18.182000	1
55.437000	142.210000	-7.767200	-18.181000	1
55.408000	142.270000	-7.088000	-18.182000	1
55.379000	142.330000	-6.720400	-18.181000	1
55.350000	142.380000	-7.422500	-18.181000	1
55.321000	142.440000	-7.019100	-18.181000	1
55.293000	142.500000	-7.045200	-18.181000	1
55.264000	142.560000	-7.710000	-18.181000	1
55.235000	142.620000	-7.032000	-18.181000	1
55.206000	142.670000	-7.723100	-18.181000	1
55.177000	142.730000	-7.029900	-18.181000	1
55.147000	142.790000	-7.030100	-18.181000	1
55.118000	142.850000	-6.680500	-18.181000	1
55.089000	142.900000	-7.018100	-18.181000	1
55.060000	142.960000	-6.354200	-18.181000	1
55.031000	143.020000	-5.637800	-18.181000	1
55.002000	143.080000	-6.000900	-18.181000	1
54.972000	143.130000	-6.668800	-18.181000	1
54.943000	143.190000	-6.328600	-18.181000	1
54.914000	143.250000	-6.015000	-18.181000	1
54.884000	143.300000	-6.355300	-18.181000	1
54.855000	143.360000	-7.019500	-18.181000	1
54.826000	143.420000	-6.341800	-18.181000	1
54.796000	143.470000	-6.348200	-18.181000	1
54.767000	143.530000	-6.026600	-18.181000	1
54.737000	143.590000	-5.662000	-18.181000	1
54.708000	143.640000	-5.329200	-18.181000	1
54.678000	143.700000	-5.307900	-18.181000	1
54.648000	143.760000	-4.631400	-18.181000	1
54.619000	143.810000	-4.642300	-18.181000	1
54.589000	143.870000	-3.224300	-18.181000	1
56.767000	139.480000	-7.936000	-17.424000	1
56.740000	139.540000	-6.884300	-17.424000	1
56.712000	139.610000	-6.891800	-17.424000	1
56.685000	139.670000	-6.881300	-17.424000	1
56.658000	139.730000	-8.273200	-17.424000	1
56.630000	139.790000	-6.885500	-17.424000	1
56.603000	139.860000	-7.232100	-17.424000	1
56.575000	139.920000	-7.570200	-17.424000	1
56.548000	139.980000	-7.236700	-17.424000	1
56.520000	140.040000	-7.570600	-17.424000	1
56.492000	140.100000	-7.582100	-17.424000	1
56.465000	140.160000	-8.259500	-17.424000	1
56.437000	140.230000	-7.568800	-17.424000	1
56.409000	140.290000	-8.273800	-17.424000	1
56.382000	140.350000	-8.616900	-17.424000	1
56.354000	140.410000	-8.274000	-17.424000	1
56.326000	140.470000	-8.274400	-17.424000	1
56.298000	140.530000	-7.570500	-17.424000	1
56.270000	140.590000	-7.230700	-17.424000	1
56.242000	140.660000	-8.963400	-17.424000	1
56.214000	140.720000	-7.571200	-17.424000	1
56.186000	140.780000	-7.571500	-17.424000	1
56.158000	140.840000	-6.547600	-17.424000	1
56.130000	140.900000	-7.572000	-17.424000	1
56.102000	140.960000	-8.280600	-17.424000	1
56.074000	141.020000	-7.569800	-17.424000	1
56.046000	141.080000	-6.885800	-17.424000	1
56.018000	141.140000	-5.522700	-17.424000	1
55.989000	141.200000	-6.557000	-17.424000	1
55.961000	141.260000	-7.587800	-17.424000	1
55.933000	141.320000	-7.247900	-17.424000	1
55.905000	141.380000	-7.921300	-17.424000	1
55.876000	141.440000	-7.582800	-17.424000	1
55.848000	141.500000	-6.881200	-17.424000	1
55.819000	141.560000	-6.892600	-17.424000	1
55.791000	141.620000	-6.552600	-17.424000	1
55.763000	141.680000	-7.257200	-17.424000	1
55.734000	141.740000	-5.865100	-17.424000	1
55.706000	141.800000	-6.882600	-17.424000	1
55.677000	141.860000	-7.250100	-17.424000	1
55.648000	141.910000	-7.233000	-17.424000	1
55.620000	141.970000	-6.891400	-17.424000	1
55.591000	142.030000	-6.897500	-17.424000	1
55.562000	142.090000	-6.894300	-17.424000	1
55.534000	142.150000	-6.217700	-17.424000	1
55.505000	142.210000	-6.554500	-17.424000	1
55.476000	142.270000	-6.881500	-17.423000	1
55.447000	142.330000	-7.231700	-17.424000	1
55.418000	142.380000	-6.552600	-17.424000	1
55.389000	142.440000	-6.906700	-17.424000	1
55.361000	142.500000	-6.545900	-17.424000	1
55.332000	142.560000	-7.230700	-17.423000	1
55.303000	142.620000	-6.886700	-17.424000	1
55.274000	142.670000	-6.880900	-17.424000	1
55.245000	142.730000	-6.880900	-17.423000	1
55.215000	142.790000	-6.534000	-17.423000	1
55.186000	142.850000	-6.539000	-17.423000	1
55.157000	142.900000	-6.215400	-17.423000	1
55.128000	142.960000	-6.202100	-17.423000	1
55.099000	143.020000	-7.230300	-17.423000	1
55.070000	143.080000	-5.522500	-17.423000	1
55.040000	143.130000	-5.501400	-17.423000	1
55.011000	143.190000	-5.530200	-17.423000	1
54.982000	143.250000	-6.199500	-17.423000	1
54.952000	143.300000	-5.501900	-17.423000	1
54.923000	143.360000	-4.832900	-17.423000	1
54.894000	143.420000	-5.507100	-17.423000	1
54.864000	143.470000	-5.173400	-17.423000	1
54.835000	143.530000	-6.206500	-17.423000	1
54.805000	143.590000	-4.476400	-17.423000	1
54.776000	143.640000	-3.786400	-17.423000	1
54.746000	143.700000	-3.119800	-17.423000	1
54.716000	143.760000	-3.436100	-17.423000	1
54.687000	143.810000	-3.119700	-17.423000	1
54.657000	143.870000	-4.143700	-17.423000	1
56.807000	139.540000	-6.450600	-16.661000	1
56.780000	139.600000	-8.175800	-16.661000	1
56.753000	139.660000	-5.788400	-16.661000	1
56.725000	139.720000	-7.143500	-16.661000	1
56.698000	139.790000	-7.833900	-16.661000	1
56.670000	139.850000	-6.820100	-16.661000	1
56.643000	139.910000	-7.160600	-16.661000	1
56.615000	139.970000	-6.793100	-16.661000	1
56.588000	140.040000	-8.178300	-16.661000	1
56.560000	140.100000	-8.526500	-16.661000	1
56.533000	140.160000	-7.488600	-16.661000	1
56.505000	140.220000	-7.853100	-16.661000	1
56.477000	140.280000	-8.551300	-16.661000	1
56.449000	140.340000	-7.836900	-16.661000	1
56.422000	140.410000	-8.525100	-16.661000	1
56.394000	140.470000	-7.511100	-16.661000	1
56.366000	140.530000	-7.137100	-16.661000	1
56.338000	140.590000	-6.456900	-16.661000	1
56.310000	140.650000	-7.518900	-16.661000	1
56.282000	140.710000	-7.835900	-16.661000	1
56.254000	140.770000	-7.835800	-16.661000	1
56.226000	140.830000	-7.512100	-16.661000	1
56.198000	140.890000	-7.852800	-16.661000	1
56.170000	140.950000	-6.822300	-16.661000	1
56.142000	141.020000	-7.829700	-16.661000	1
56.114000	141.080000	-7.146800	-16.661000	1
56.086000	141.140000	-7.837600	-16.661000	1
56.057000	141.200000	-6.116700	-16.661000	1
56.029000	141.260000	-6.807300	-16.662000	1
56.001000	141.320000	-6.483700	-16.661000	1
55.972000	141.380000	-6.828400	-16.661000	1
55.944000	141.440000	-6.821100	-16.662000	1
55.916000	141.500000	-7.172900	-16.661000	1
55.887000	141.560000	-6.139000	-16.661000	1
55.859000	141.620000	-7.146200	-16.661000	1
55.830000	141.680000	-6.489700	-16.661000	1
55.802000	141.730000	-5.791900	-16.661000	1
55.773000	141.790000	-6.493700	-16.661000	1
55.745000	141.850000	-7.168100	-16.661000	1
55.716000	141.910000	-6.494200	-16.661000	1
55.688000	141.970000	-6.140400	-16.661000	1
55.659000	142.030000	-6.494700	-16.661000	1
55.630000	142.090000	-6.482300	-16.661000	1
55.602000	142.150000	-6.138600	-16.661000	1
55.573000	142.210000	-5.798700	-16.661000	1
55.544000	142.270000	-6.808500	-16.661000	1
55.515000	142.320000	-6.820600	-16.661000	1
55.486000	142.380000	-6.139300	-16.661000	1
55.457000	142.440000	-6.136900	-16.661000	1
55.428000	142.500000	-5.453100	-16.661000	1
55.399000	142.560000	-6.167600	-16.661000	1
55.371000	142.610000	-6.500500	-16.661000	1
55.342000	142.670000	-5.828100	-16.661000	1
55.312000	142.730000	-7.531900	-16.661000	1
55.283000	142.790000	-6.855800	-16.661000	1
55.254000	142.850000	-7.178500	-16.661000	1
55.225000	142.900000	-6.173100	-16.661000	1
55.196000	142.960000	-7.182800	-16.661000	1
55.167000	143.020000	-6.166200	-16.661000	1
55.138000	143.080000	-5.139600	-16.661000	1
55.108000	143.130000	-4.445800	-16.661000	1
55.079000	143.190000	-4.109500	-16.661000	1
55.050000	143.250000	-5.136400	-16.661000	1
55.020000	143.300000	-4.453600	-16.661000	1
54.991000	143.360000	-4.113600	-16.661000	1
54.962000	143.420000	-5.133600	-16.661000	1
54.932000	143.480000	-4.094400	-16.661000	1
54.903000	143.530000	-3.753100	-16.660000	1
54.873000	143.590000	-3.399300	-16.661000	1
54.844000	143.640000	-4.450600	-16.661000	1
54.814000	143.700000	-2.713900	-16.660000	1
54.784000	143.760000	-1.696100	-16.661000	1
54.755000	143.810000	-1.696200	-16.661000	1
54.725000	143.870000	-3.420200	-16.660000	1
54.695000	143.930000	-3.048800	-16.661000	1
56.875000	139.530000	-10.855000	-15.903000	1
56.847000	139.590000	-8.474000	-15.903000	1
56.820000	139.650000	-6.721900	-15.903000	1
56.792000	139.720000	-7.069800	-15.903000	1
56.765000	139.780000	-7.760600	-15.903000	1
56.738000	139.840000	-7.434500	-15.903000	1
56.710000	139.900000	-7.060300	-15.903000	1
56.683000	139.970000	-6.401500	-15.903000	1
56.655000	140.030000	-6.728300	-15.903000	1
56.627000	140.090000	-6.728700	-15.903000	1
56.600000	140.150000	-7.766200	-15.903000	1
56.572000	140.210000	-6.729300	-15.903000	1
56.544000	140.280000	-7.410300	-15.903000	1
56.517000	140.340000	-7.416900	-15.903000	1
56.489000	140.400000	-8.784400	-15.903000	1
56.461000	140.460000	-8.107700	-15.903000	1
56.433000	140.520000	-7.071400	-15.903000	1
56.405000	140.580000	-7.411500	-15.903000	1
56.377000	140.650000	-8.119800	-15.903000	1
56.349000	140.710000	-7.412300	-15.903000	1
56.321000	140.770000	-7.095900	-15.903000	1
56.293000	140.830000	-6.755800	-15.903000	1
56.265000	140.890000	-7.096400	-15.903000	1
56.237000	140.950000	-7.093700	-15.903000	1
56.209000	141.010000	-6.729800	-15.903000	1
56.181000	141.070000	-7.428000	-15.903000	1
56.153000	141.130000	-6.063700	-15.903000	1
56.125000	141.190000	-7.403700	-15.903000	1
56.096000	141.250000	-6.737400	-15.903000	1
56.068000	141.310000	-6.381100	-15.904000	1
56.040000	141.370000	-6.749000	-15.903000	1
56.011000	141.430000	-7.072000	-15.903000	1
55.983000	141.490000	-6.381500	-15.904000	1
55.955000	141.550000	-5.715300	-15.903000	1
55.926000	141.610000	-7.437700	-15.903000	1
55.898000	141.670000	-7.090200	-15.903000	1
55.869000	141.730000	-5.012200	-15.903000	1
55.841000	141.790000	-6.406500	-15.903000	1
55.812000	141.850000	-6.733400	-15.903000	1
55.784000	141.910000	-6.380400	-15.903000	1
55.755000	141.970000	-6.381700	-15.903000	1
55.726000	142.030000	-6.064400	-15.903000	1
55.698000	142.090000	-6.748900	-15.903000	1
55.669000	142.150000	-6.398900	-15.903000	1
55.640000	142.200000	-6.042500	-15.903000	1
55.611000	142.260000	-5.012500	-15.903000	1
55.582000	142.320000	-6.042100	-15.903000	1
55.554000	142.380000	-5.710800	-15.903000	1
55.525000	142.440000	-5.369800	-15.903000	1
55.496000	142.500000	-6.044000	-15.903000	1
55.467000	142.550000	-5.717800	-15.903000	1
55.438000	142.610000	-5.710800	-15.903000	1
55.409000	142.670000	-5.018500	-15.903000	1
55.380000	142.730000	-6.061900	-15.903000	1
55.351000	142.790000	-6.752200	-15.903000	1
55.322000	142.840000	-6.402400	-15.903000	1
55.293000	142.900000	-6.390400	-15.903000	1
55.263000	142.960000	-5.723100	-15.903000	1
55.234000	143.020000	-5.383300	-15.903000	1
55.205000	143.080000	-4.666900	-15.903000	1
55.176000	143.130000	-4.327000	-15.903000	1
55.146000	143.190000	-3.970700	-15.903000	1
55.117000	143.250000	-2.256600	-15.903000	1
55.088000	143.300000	-3.287000	-15.903000	1
55.058000	143.360000	-3.977300	-15.903000	1
55.029000	143.420000	-3.982500	-15.903000	1
54.999000	143.470000	-2.606000	-15.903000	1
54.970000	143.530000	-2.283400	-15.903000	1
54.941000	143.590000	-2.954800	-15.902000	1
54.911000	143.640000	-3.313400	-15.903000	1
54.881000	143.700000	-0.563020	-15.903000	1
54.852000	143.760000	-1.239400	-15.902000	1
54.822000	143.810000	0.154630	-15.903000	1
56.887000	139.650000	-8.425300	-15.147000	1
56.859000	139.710000	-8.767200	-15.147000	1
56.832000	139.770000	-5.334200	-15.147000	1
56.804000	139.830000	-6.705400	-15.147000	1
56.777000	139.900000	-6.006500	-15.147000	1
56.749000	139.960000	-6.719700	-15.147000	1
56.722000	140.020000	-7.056600	-15.147000	1
56.694000	140.080000	-6.016100	-15.147000	1
56.667000	140.150000	-7.751300	-15.147000	1
56.639000	140.210000	-7.057300	-15.147000	1
56.611000	140.270000	-7.389300	-15.147000	1
56.583000	140.330000	-8.065000	-15.147000	1
56.556000	140.390000	-8.080400	-15.147000	1
56.528000	140.460000	-7.743900	-15.147000	1
56.500000	140.520000	-7.063700	-15.147000	1
56.472000	140.580000	-7.744300	-15.147000	1
56.444000	140.640000	-6.706200	-15.147000	1
56.416000	140.700000	-6.016300	-15.147000	1
56.388000	140.760000	-6.024000	-15.147000	1
56.360000	140.820000	-6.698300	-15.147000	1
56.332000	140.880000	-6.008300	-15.147000	1
56.304000	140.940000	-6.699100	-15.147000	1
56.276000	141.010000	-6.699100	-15.147000	1
56.248000	141.070000	-7.049600	-15.147000	1
56.220000	141.130000	-5.685300	-15.147000	1
56.192000	141.190000	-6.716100	-15.147000	1
56.163000	141.250000	-6.360000	-15.147000	1
56.135000	141.310000	-6.382900	-15.147000	1
56.107000	141.370000	-6.010200	-15.148000	1
56.078000	141.430000	-7.418600	-15.147000	1
56.050000	141.490000	-6.714400	-15.147000	1
56.022000	141.550000	-6.007800	-15.148000	1
55.993000	141.610000	-6.008200	-15.147000	1
55.965000	141.670000	-6.358500	-15.147000	1
55.936000	141.730000	-4.978100	-15.147000	1
55.908000	141.790000	-5.328600	-15.147000	1
55.879000	141.850000	-5.668800	-15.147000	1
55.851000	141.910000	-6.359500	-15.147000	1
55.822000	141.960000	-6.700200	-15.147000	1
55.793000	142.020000	-5.003200	-15.147000	1
55.765000	142.080000	-4.639600	-15.147000	1
55.736000	142.140000	-6.010200	-15.147000	1
55.707000	142.200000	-4.980100	-15.147000	1
55.678000	142.260000	-5.330500	-15.147000	1
55.649000	142.320000	-5.358300	-15.147000	1
55.621000	142.380000	-6.038900	-15.147000	1
55.592000	142.440000	-4.304200	-15.147000	1
55.563000	142.490000	-2.917700	-15.147000	1
55.534000	142.550000	-2.941900	-15.147000	1
55.505000	142.610000	-5.329200	-15.147000	1
55.476000	142.670000	-5.003200	-15.147000	1
55.447000	142.730000	-5.709900	-15.147000	1
55.418000	142.790000	-5.694100	-15.147000	1
55.389000	142.840000	-5.694300	-15.147000	1
55.360000	142.900000	-5.020700	-15.147000	1
55.330000	142.960000	-4.680800	-15.147000	1
55.301000	143.020000	-5.038700	-15.147000	1
55.272000	143.070000	-5.388800	-15.147000	1
55.243000	143.130000	-6.053100	-15.147000	1
55.213000	143.190000	-5.022900	-15.147000	1
55.184000	143.250000	-1.922200	-15.147000	1
55.155000	143.300000	0.121710	-15.147000	1
55.125000	143.360000	-0.184760	-15.147000	1
56.871000	139.830000	-6.239900	-14.393000	1
56.843000	139.890000	-5.900100	-14.393000	1
56.816000	139.950000	-6.590800	-14.393000	1
56.788000	140.010000	-6.591200	-14.393000	1
56.761000	140.080000	-5.907300	-14.393000	1
56.733000	140.140000	-7.965700	-14.393000	1
56.705000	140.200000	-7.279200	-14.393000	1
56.678000	140.260000	-7.963600	-14.393000	1
56.650000	140.320000	-7.626500	-14.393000	1
56.622000	140.390000	-7.624600	-14.393000	1
56.594000	140.450000	-7.287200	-14.393000	1
56.567000	140.510000	-7.625300	-14.393000	1
56.539000	140.570000	-6.931300	-14.393000	1
56.511000	140.630000	-7.285400	-14.393000	1
56.483000	140.690000	-5.905000	-14.393000	1
56.455000	140.760000	-7.945200	-14.393000	1
56.427000	140.820000	-6.245700	-14.393000	1
56.399000	140.880000	-5.905800	-14.393000	1
56.371000	140.940000	-6.246100	-14.393000	1
56.343000	141.000000	-4.872000	-14.393000	1
56.314000	141.060000	-5.566500	-14.393000	1
56.286000	141.120000	-6.247500	-14.393000	1
56.258000	141.180000	-6.597900	-14.393000	1
56.230000	141.240000	-6.241800	-14.393000	1
56.202000	141.300000	-6.938600	-14.393000	1
56.173000	141.360000	-5.218100	-14.393000	1
56.145000	141.420000	-7.282900	-14.393000	1
56.117000	141.480000	-6.249000	-14.393000	1
56.088000	141.540000	-6.593200	-14.393000	1
56.060000	141.600000	-6.249400	-14.393000	1
56.031000	141.660000	-6.257300	-14.393000	1
56.003000	141.720000	-4.873200	-14.393000	1
55.974000	141.780000	-5.566100	-14.393000	1
55.946000	141.840000	-5.910500	-14.393000	1
55.917000	141.900000	-6.250500	-14.393000	1
55.888000	141.960000	-5.570600	-14.393000	1
55.860000	142.020000	-4.880700	-14.393000	1
55.831000	142.080000	-5.561800	-14.393000	1
55.802000	142.140000	-4.871800	-14.393000	1
55.774000	142.200000	-4.181900	-14.393000	1
55.745000	142.260000	-4.528400	-14.393000	1
55.716000	142.320000	-5.219000	-14.393000	1
55.687000	142.370000	-5.569300	-14.393000	1
55.658000	142.430000	-4.523000	-14.393000	1
55.629000	142.490000	-4.887200	-14.393000	1
55.600000	142.550000	-5.910200	-14.393000	1
55.571000	142.610000	-0.059245	-14.393000	1
55.542000	142.670000	-4.190300	-14.393000	1
55.513000	142.720000	-5.217300	-14.393000	1
55.484000	142.780000	-4.187300	-14.393000	1
55.455000	142.840000	-5.551700	-14.393000	1
55.426000	142.900000	-3.821500	-14.393000	1
55.397000	142.960000	-5.202300	-14.393000	1
55.368000	143.010000	-5.910200	-14.393000	1
55.339000	143.070000	-4.172300	-14.393000	1
55.309000	143.130000	-5.199700	-14.393000	1
55.280000	143.190000	-4.509600	-14.393000	1
55.251000	143.240000	-3.819600	-14.393000	1
55.221000	143.300000	-2.449300	-14.393000	1
55.192000	143.360000	-0.746680	-14.393000	1
55.163000	143.420000	-2.807200	-14.393000	1
55.133000	143.470000	-1.090700	-14.393000	1
55.104000	143.530000	0.629370	-14.393000	1
55.074000	143.590000	-0.750770	-14.393000	1
56.910000	139.880000	-5.509300	-13.635000	1
56.882000	139.940000	-7.246600	-13.635000	1
56.855000	140.010000	-5.860100	-13.635000	1
56.827000	140.070000	-6.912200	-13.635000	1
56.799000	140.130000	-5.874400	-13.635000	1
56.772000	140.190000	-6.905200	-13.636000	1
56.744000	140.260000	-6.891900	-13.635000	1
56.716000	140.320000	-8.290500	-13.636000	1
56.689000	140.380000	-6.913900	-13.635000	1
56.661000	140.440000	-6.542900	-13.635000	1
56.633000	140.500000	-6.564300	-13.636000	1
56.605000	140.560000	-7.233600	-13.635000	1
56.577000	140.630000	-7.261600	-13.635000	1
56.549000	140.690000	-7.261800	-13.636000	1
56.521000	140.750000	-6.228500	-13.636000	1
56.493000	140.810000	-6.568800	-13.636000	1
56.465000	140.870000	-7.609500	-13.636000	1
56.437000	140.930000	-6.563100	-13.635000	1
56.409000	140.990000	-6.226700	-13.636000	1
56.381000	141.050000	-6.223400	-13.636000	1
56.353000	141.120000	-6.216200	-13.636000	1
56.325000	141.180000	-5.199700	-13.636000	1
56.296000	141.240000	-5.862700	-13.636000	1
56.268000	141.300000	-5.534100	-13.636000	1
56.240000	141.360000	-5.198000	-13.636000	1
56.211000	141.420000	-6.217500	-13.636000	1
56.183000	141.480000	-5.888700	-13.636000	1
56.155000	141.540000	-5.891400	-13.636000	1
56.126000	141.600000	-6.229400	-13.636000	1
56.098000	141.660000	-5.891900	-13.636000	1
56.069000	141.720000	-5.199400	-13.636000	1
56.041000	141.780000	-3.812400	-13.636000	1
56.012000	141.840000	-5.533200	-13.636000	1
55.984000	141.900000	-4.847000	-13.635000	1
55.955000	141.960000	-6.568000	-13.636000	1
55.926000	142.020000	-5.193600	-13.636000	1
55.898000	142.080000	-5.541800	-13.635000	1
55.869000	142.140000	-4.850300	-13.636000	1
55.840000	142.190000	-4.508100	-13.636000	1
55.811000	142.250000	-4.844900	-13.636000	1
55.783000	142.310000	-4.512400	-13.636000	1
55.754000	142.370000	-5.535600	-13.635000	1
55.725000	142.430000	-4.853100	-13.636000	1
55.696000	142.490000	-4.498100	-13.636000	1
55.667000	142.550000	-3.132000	-13.635000	1
55.638000	142.610000	-2.785800	-13.636000	1
55.609000	142.660000	-5.201000	-13.635000	1
55.580000	142.720000	-4.847600	-13.635000	1
55.551000	142.780000	-4.847300	-13.635000	1
55.522000	142.840000	-5.198400	-13.635000	1
55.493000	142.900000	-3.818200	-13.635000	1
55.464000	142.950000	-4.505000	-13.635000	1
55.434000	143.010000	-4.845400	-13.635000	1
55.405000	143.070000	-4.505400	-13.635000	1
55.376000	143.130000	-4.509300	-13.635000	1
55.347000	143.190000	-3.826800	-13.635000	1
55.317000	143.240000	-3.815800	-13.635000	1
55.288000	143.300000	-2.439400	-13.635000	1
55.259000	143.360000	-2.446900	-13.635000	1
55.229000	143.420000	-1.784500	-13.635000	1
55.200000	143.470000	-0.727030	-13.635000	1
55.170000	143.530000	2.019400	-13.635000	1
56.976000	139.870000	-7.582900	-12.876000	1
56.948000	139.940000	-4.848500	-12.876000	1
56.921000	140.000000	-5.175200	-12.876000	1
56.893000	140.060000	-6.893500	-12.876000	1
56.866000	140.120000	-6.217400	-12.876000	1
56.838000	140.190000	-6.554100	-12.876000	1
56.810000	140.250000	-5.540200	-12.876000	1
56.783000	140.310000	-6.214700	-12.876000	1
56.755000	140.370000	-6.892100	-12.876000	1
56.727000	140.430000	-7.242700	-12.876000	1
56.699000	140.500000	-7.243200	-12.876000	1
56.671000	140.560000	-6.897000	-12.876000	1
56.643000	140.620000	-7.243600	-12.876000	1
56.616000	140.680000	-5.523200	-12.876000	1
56.588000	140.740000	-6.894000	-12.876000	1
56.560000	140.800000	-6.570400	-12.876000	1
56.532000	140.870000	-5.867800	-12.876000	1
56.503000	140.930000	-5.178000	-12.876000	1
56.475000	140.990000	-5.868500	-12.876000	1
56.447000	141.050000	-4.838200	-12.876000	1
56.419000	141.110000	-5.192300	-12.876000	1
56.391000	141.170000	-5.192600	-12.876000	1
56.363000	141.230000	-4.502600	-12.877000	1
56.334000	141.290000	-5.865900	-12.876000	1
56.306000	141.350000	-5.179600	-12.877000	1
56.278000	141.410000	-6.224400	-12.876000	1
56.249000	141.470000	-5.863400	-12.876000	1
56.221000	141.530000	-4.837000	-12.877000	1
56.193000	141.590000	-5.875200	-12.876000	1
56.164000	141.650000	-5.864100	-12.876000	1
56.136000	141.710000	-5.541700	-12.877000	1
56.107000	141.770000	-2.781400	-12.876000	1
56.079000	141.830000	-4.838300	-12.876000	1
56.050000	141.890000	-5.528600	-12.877000	1
56.021000	141.950000	-4.144900	-12.876000	1
55.993000	142.010000	-3.822500	-12.876000	1
55.964000	142.070000	-4.149200	-12.876000	1
55.935000	142.130000	-3.816900	-12.876000	1
55.907000	142.190000	-4.149600	-12.876000	1
55.878000	142.250000	-3.817500	-12.876000	1
55.849000	142.310000	-4.854200	-12.876000	1
55.820000	142.370000	-5.185200	-12.876000	1
55.791000	142.430000	-4.501400	-12.876000	1
55.762000	142.490000	-4.851700	-12.876000	1
55.733000	142.540000	-3.471700	-12.876000	1
55.704000	142.600000	-3.132000	-12.876000	1
55.675000	142.660000	-3.472300	-12.876000	1
55.646000	142.720000	-4.846700	-12.876000	1
55.617000	142.780000	-5.187100	-12.876000	1
55.588000	142.840000	-4.887300	-12.876000	1
55.559000	142.890000	-4.537600	-12.876000	1
55.530000	142.950000	-5.578100	-12.876000	1
55.501000	143.010000	-3.507800	-12.876000	1
55.472000	143.070000	-4.544600	-12.876000	1
55.442000	143.130000	-4.544600	-12.876000	1
55.413000	143.180000	-4.896300	-12.876000	1
55.384000	143.240000	-3.174700	-12.876000	1
55.354000	143.300000	-3.508700	-12.876000	1
55.325000	143.360000	-0.769030	-12.876000	1
55.296000	143.410000	1.308700	-12.876000	1
55.266000	143.470000	1.654800	-12.876000	1
57.014000	139.930000	-6.482200	-12.116000	1
56.987000	139.990000	-6.148600	-12.116000	1
56.959000	140.050000	-6.819800	-12.116000	1
56.932000	140.120000	-5.789600	-12.116000	1
56.904000	140.180000	-5.789900	-12.116000	1
56.876000	140.240000	-5.100100	-12.116000	1
56.849000	140.300000	-5.456600	-12.116000	1
56.821000	140.370000	-6.133600	-12.116000	1
56.793000	140.430000	-6.497900	-12.116000	1
56.765000	140.490000	-5.807800	-12.116000	1
56.737000	140.550000	-6.822400	-12.116000	1
56.710000	140.610000	-5.808400	-12.116000	1
56.682000	140.670000	-6.132600	-12.116000	1
56.654000	140.740000	-5.795200	-12.116000	1
56.626000	140.800000	-6.483300	-12.116000	1
56.598000	140.860000	-6.483600	-12.116000	1
56.570000	140.920000	-6.133800	-12.116000	1
56.541000	140.980000	-6.150200	-12.116000	1
56.513000	141.040000	-5.788000	-12.116000	1
56.485000	141.100000	-4.404600	-12.116000	1
56.457000	141.170000	-4.745000	-12.116000	1
56.429000	141.230000	-5.095300	-12.116000	1
56.400000	141.290000	-5.435500	-12.116000	1
56.372000	141.350000	-4.745600	-12.116000	1
56.344000	141.410000	-5.442200	-12.116000	1
56.316000	141.470000	-4.752200	-12.116000	1
56.287000	141.530000	-4.746500	-12.116000	1
56.259000	141.590000	-5.436800	-12.117000	1
56.230000	141.650000	-5.437000	-12.116000	1
56.202000	141.710000	-4.070700	-12.116000	1
56.173000	141.770000	-4.413500	-12.117000	1
56.145000	141.830000	-4.407500	-12.116000	1
56.116000	141.890000	-4.067700	-12.116000	1
56.087000	141.950000	-3.721600	-12.116000	1
56.059000	142.010000	-3.034300	-12.116000	1
56.030000	142.070000	-3.381200	-12.116000	1
56.001000	142.130000	-4.405700	-12.116000	1
55.973000	142.190000	-3.029400	-12.116000	1
55.944000	142.250000	-0.633040	-12.116000	1
55.915000	142.310000	-2.363600	-12.116000	1
55.886000	142.360000	-4.406700	-12.116000	1
55.857000	142.420000	-5.097200	-12.116000	1
55.828000	142.480000	-4.071000	-12.116000	1
55.800000	142.540000	-3.030900	-12.116000	1
55.771000	142.600000	-3.027400	-12.116000	1
55.742000	142.660000	-2.691500	-12.116000	1
55.713000	142.720000	-3.721800	-12.116000	1
55.683000	142.780000	-3.718500	-12.116000	1
55.654000	142.830000	-4.412800	-12.116000	1
55.625000	142.890000	-4.769400	-12.116000	1
55.596000	142.950000	-4.763400	-12.116000	1
55.567000	143.010000	-3.727200	-12.116000	1
55.538000	143.070000	-4.423700	-12.116000	1
55.508000	143.120000	-3.390600	-12.116000	1
55.479000	143.180000	-3.730800	-12.116000	1
55.450000	143.240000	-2.694600	-12.116000	1
55.421000	143.300000	-3.397300	-12.116000	1
55.391000	143.350000	0.394200	-12.116000	1
55.362000	143.410000	1.761600	-12.116000	1
57.052000	139.980000	-4.345300	-11.362000	1
57.025000	140.040000	-6.412300	-11.362000	1
56.997000	140.110000	-5.033500	-11.362000	1
56.970000	140.170000	-5.380000	-11.363000	1
56.942000	140.230000	-5.724300	-11.362000	1
56.914000	140.290000	-6.074800	-11.362000	1
56.886000	140.360000	-4.694600	-11.363000	1
56.859000	140.420000	-4.695000	-11.362000	1
56.831000	140.480000	-5.381600	-11.363000	1
56.803000	140.540000	-5.725900	-11.363000	1
56.775000	140.610000	-7.443000	-11.362000	1
56.747000	140.670000	-7.447100	-11.363000	1
56.719000	140.730000	-6.417100	-11.363000	1
56.691000	140.790000	-6.417400	-11.363000	1
56.663000	140.850000	-5.720300	-11.363000	1
56.635000	140.910000	-6.074500	-11.363000	1
56.607000	140.980000	-6.068500	-11.363000	1
56.579000	141.040000	-5.722500	-11.363000	1
56.551000	141.100000	-5.385100	-11.363000	1
56.523000	141.160000	-5.028900	-11.363000	1
56.494000	141.220000	-5.035500	-11.363000	1
56.466000	141.280000	-5.033300	-11.363000	1
56.438000	141.340000	-5.033300	-11.363000	1
56.409000	141.400000	-5.380200	-11.363000	1
56.381000	141.460000	-4.350000	-11.363000	1
56.353000	141.520000	-3.663900	-11.363000	1
56.324000	141.580000	-5.384700	-11.363000	1
56.296000	141.640000	-5.034700	-11.363000	1
56.267000	141.700000	-3.664700	-11.363000	1
56.239000	141.760000	-1.278500	-11.363000	1
56.210000	141.820000	-0.564740	-11.363000	1
56.182000	141.880000	-2.278300	-11.363000	1
56.153000	141.940000	-2.628600	-11.363000	1
56.124000	142.000000	-3.662700	-11.363000	1
56.096000	142.060000	-3.309300	-11.363000	1
56.067000	142.120000	-3.309400	-11.363000	1
56.038000	142.180000	-1.967000	-11.363000	1
56.010000	142.240000	-2.657500	-11.363000	1
55.981000	142.300000	-4.000400	-11.363000	1
55.952000	142.360000	-3.660700	-11.363000	1
55.923000	142.420000	-4.694900	-11.363000	1
55.894000	142.480000	-3.317300	-11.363000	1
55.865000	142.540000	-4.005300	-11.363000	1
55.836000	142.600000	-2.999100	-11.363000	1
55.807000	142.650000	-0.561480	-11.363000	1
55.778000	142.710000	-2.632100	-11.362000	1
55.749000	142.770000	-3.666200	-11.363000	1
55.720000	142.830000	-3.330900	-11.363000	1
55.691000	142.890000	-2.997300	-11.363000	1
55.662000	142.950000	-3.374000	-11.363000	1
55.633000	143.010000	-3.360500	-11.362000	1
55.603000	143.060000	-4.064500	-11.363000	1
55.574000	143.120000	-3.034500	-11.363000	1
55.545000	143.180000	-3.361100	-11.362000	1
55.516000	143.240000	-4.755200	-11.363000	1
55.486000	143.290000	0.413930	-11.362000	1
55.457000	143.350000	2.125200	-11.362000	1
55.427000	143.410000	3.511400	-11.362000	1
57.063000	140.100000	-5.723900	-10.602000	1
57.035000	140.160000	-5.380200	-10.602000	1
57.007000	140.220000	-6.064300	-10.602000	1
56.980000	140.290000	-6.070800	-10.602000	1
56.952000	140.350000	-5.724800	-10.602000	1
56.924000	140.410000	-4.004700	-10.602000	1
56.896000	140.470000	-5.729400	-10.602000	1
56.869000	140.540000	-5.729500	-10.602000	1
56.841000	140.600000	-5.379100	-10.602000	1
56.813000	140.660000	-6.063300	-10.602000	1
56.785000	140.720000	-7.447900	-10.602000	1
56.757000	140.780000	-6.431600	-10.602000	1
56.729000	140.850000	-6.068000	-10.602000	1
56.701000	140.910000	-5.728100	-10.602000	1
56.673000	140.970000	-5.378300	-10.602000	1
56.645000	141.030000	-4.694500	-10.602000	1
56.616000	141.090000	-5.374900	-10.602000	1
56.588000	141.150000	-5.729200	-10.602000	1
56.560000	141.210000	-5.035300	-10.602000	1
56.532000	141.270000	-4.699500	-10.602000	1
56.503000	141.340000	-5.393600	-10.602000	1
56.475000	141.400000	-4.699900	-10.602000	1
56.447000	141.460000	-4.010100	-10.602000	1
56.418000	141.520000	-4.010200	-10.602000	1
56.390000	141.580000	-3.320300	-10.602000	1
56.362000	141.640000	-3.657600	-10.602000	1
56.333000	141.700000	-2.287400	-10.602000	1
56.305000	141.760000	-2.977900	-10.602000	1
56.276000	141.820000	0.108380	-10.602000	1
56.247000	141.880000	0.469570	-10.602000	1
56.219000	141.940000	-1.262300	-10.602000	1
56.190000	142.000000	-1.616300	-10.602000	1
56.161000	142.060000	-3.319200	-10.602000	1
56.133000	142.120000	-2.643300	-10.602000	1
56.104000	142.180000	-2.629600	-10.602000	1
56.075000	142.240000	-1.263500	-10.602000	1
56.047000	142.300000	-0.923850	-10.602000	1
56.018000	142.360000	-2.304200	-10.602000	1
55.989000	142.420000	-3.678600	-10.602000	1
55.960000	142.470000	-2.291000	-10.602000	1
55.931000	142.530000	-4.029100	-10.602000	1
55.902000	142.590000	-2.642100	-10.602000	1
55.873000	142.650000	-2.288500	-10.602000	1
55.844000	142.710000	-2.992700	-10.602000	1
55.815000	142.770000	-2.646800	-10.602000	1
55.786000	142.830000	-1.953100	-10.602000	1
55.757000	142.890000	0.106770	-10.602000	1
55.728000	142.940000	-2.289900	-10.602000	1
55.698000	143.000000	-1.274000	-10.602000	1
55.669000	143.060000	-1.958100	-10.602000	1
55.640000	143.120000	-0.571800	-10.602000	1
55.611000	143.180000	5.612100	-10.602000	1
57.100000	140.150000	-3.994400	-9.845600	1
57.073000	140.220000	-5.027200	-9.845500	1
57.045000	140.280000	-5.707600	-9.845700	1
57.017000	140.340000	-4.677600	-9.845600	1
56.989000	140.400000	-4.671600	-9.845600	1
56.962000	140.470000	-5.365000	-9.845800	1
56.934000	140.530000	-5.359200	-9.845600	1
56.906000	140.590000	-6.049600	-9.845900	1
56.878000	140.650000	-4.675800	-9.845700	1
56.850000	140.710000	-5.700200	-9.845700	1
56.822000	140.780000	-7.087000	-9.845900	1
56.794000	140.840000	-5.360600	-9.845700	1
56.766000	140.900000	-4.330600	-9.845800	1
56.738000	140.960000	-4.330900	-9.845900	1
56.710000	141.020000	-5.021400	-9.845800	1
56.682000	141.080000	-4.331400	-9.846000	1
56.654000	141.150000	-2.951500	-9.845900	1
56.625000	141.210000	-3.301900	-9.845700	1
56.597000	141.270000	-3.642000	-9.846100	1
56.569000	141.330000	-4.346200	-9.845900	1
56.540000	141.390000	-4.332700	-9.846000	1
56.512000	141.450000	-3.642800	-9.846200	1
56.484000	141.510000	-2.963600	-9.845900	1
56.455000	141.570000	-3.994000	-9.846200	1
56.427000	141.630000	-3.300400	-9.846100	1
56.398000	141.690000	-3.314500	-9.845900	1
56.370000	141.750000	-2.260700	-9.846300	1
56.341000	141.810000	1.165500	-9.846100	1
56.313000	141.870000	-2.618900	-9.846000	1
56.284000	141.930000	-0.212620	-9.846200	1
56.256000	141.990000	-1.929300	-9.846000	1
56.227000	142.050000	-2.612100	-9.846100	1
56.198000	142.110000	-2.612300	-9.846200	1
56.169000	142.170000	-3.302900	-9.845800	1
56.141000	142.230000	0.816170	-9.846200	1
56.112000	142.290000	-0.906700	-9.846100	1
56.083000	142.350000	-1.587200	-9.845800	1
56.054000	142.410000	-0.543410	-9.846000	1
56.025000	142.470000	-1.578200	-9.845900	1
55.996000	142.530000	-2.268500	-9.845900	1
55.967000	142.590000	-3.312600	-9.846000	1
55.938000	142.650000	-2.951600	-9.845900	1
55.909000	142.710000	-2.269300	-9.846000	1
55.880000	142.760000	-0.899370	-9.846000	1
55.851000	142.820000	-0.213520	-9.845700	1
55.822000	142.880000	-2.620100	-9.846000	1
55.793000	142.940000	-2.620500	-9.845800	1
55.764000	143.000000	-1.936900	-9.845900	1
55.735000	143.060000	1.485600	-9.845900	1
55.705000	143.120000	6.305500	-9.845700	1
57.110000	140.270000	-1.986300	-9.091100	1
57.082000	140.330000	-4.053500	-9.091300	1
57.054000	140.400000	-4.737600	-9.091200	1
57.027000	140.460000	-5.070400	-9.091300	1
56.999000	140.520000	-5.428100	-9.091400	1
56.971000	140.580000	-5.761100	-9.091300	1
56.943000	140.640000	-4.054700	-9.091500	1
56.915000	140.710000	-5.769200	-9.091300	1
56.887000	140.770000	-5.775600	-9.091300	1
56.859000	140.830000	-5.775900	-9.091500	1
56.831000	140.890000	-4.049700	-9.091400	1
56.803000	140.950000	-4.056200	-9.091400	1
56.775000	141.020000	-4.764000	-9.091600	1
56.747000	141.080000	-3.360400	-9.091400	1
56.719000	141.140000	-3.384300	-9.091700	1
56.690000	141.200000	-2.670800	-9.091600	1
56.662000	141.260000	-5.081500	-9.091400	1
56.634000	141.320000	-3.021200	-9.091800	1
56.605000	141.380000	-2.328300	-9.091600	1
56.577000	141.440000	-2.002300	-9.091700	1
56.549000	141.500000	-2.692600	-9.091800	1
56.520000	141.570000	-2.693000	-9.091500	1
56.492000	141.630000	-2.693100	-9.091800	1
56.463000	141.690000	-2.693400	-9.091800	1
56.435000	141.750000	-3.043800	-9.091600	1
56.406000	141.810000	-2.330100	-9.092000	1
56.378000	141.870000	-1.300400	-9.091700	1
56.349000	141.930000	0.401960	-9.091700	1
56.321000	141.990000	-0.284470	-9.091900	1
56.292000	142.050000	-1.318700	-9.091600	1
56.263000	142.110000	-2.331500	-9.091700	1
56.234000	142.170000	-1.301500	-9.091900	1
56.206000	142.230000	-3.039700	-9.091500	1
56.177000	142.290000	0.750560	-9.091800	1
56.148000	142.350000	3.829800	-9.091700	1
56.119000	142.410000	-1.639500	-9.091500	1
56.090000	142.470000	-1.997300	-9.091700	1
56.061000	142.520000	-3.044000	-9.091500	1
56.033000	142.580000	-2.004100	-9.091600	1
56.004000	142.640000	-1.664300	-9.091700	1
55.974000	142.700000	0.378020	-9.091500	1
55.945000	142.760000	-1.998600	-9.091600	1
55.916000	142.820000	1.757600	-9.091700	1
55.887000	142.880000	0.377170	-9.091400	1
55.858000	142.940000	-1.659400	-9.091700	1
55.829000	143.000000	-2.689800	-9.091500	1
55.800000	143.050000	-0.653590	-9.091600	1
55.770000	143.110000	8.370200	-9.091500	1
57.147000	140.320000	-3.023300	-8.334800	1
57.119000	140.390000	-4.063500	-8.335100	1
57.092000	140.450000	-4.407700	-8.334900	1
57.064000	140.510000	-4.064000	-8.335000	1
57.036000	140.570000	-6.128300	-8.335200	1
57.008000	140.640000	-5.438400	-8.335000	1
56.980000	140.700000	-4.408400	-8.335200	1
56.952000	140.760000	-4.408700	-8.335100	1
56.924000	140.820000	-5.099200	-8.335000	1
56.896000	140.880000	-5.439400	-8.335200	1
56.868000	140.950000	-3.379400	-8.335100	1
56.840000	141.010000	-2.689600	-8.335200	1
56.812000	141.070000	-3.379900	-8.335300	1
56.783000	141.130000	-3.030200	-8.335100	1
56.755000	141.190000	-2.690300	-8.335400	1
56.727000	141.250000	-2.690700	-8.335300	1
56.699000	141.320000	-3.718000	-8.335100	1
56.670000	141.380000	-3.041700	-8.335500	1
56.642000	141.440000	-1.998200	-8.335300	1
56.614000	141.500000	-1.998400	-8.335400	1
56.585000	141.560000	-2.352400	-8.335600	1
56.557000	141.620000	-2.352900	-8.335300	1
56.528000	141.680000	-2.339300	-8.335500	1
56.500000	141.740000	-1.999500	-8.335500	1
56.471000	141.800000	-1.323600	-8.335300	1
56.443000	141.860000	-3.397600	-8.335700	1
56.414000	141.920000	-1.324000	-8.335400	1
56.386000	141.980000	3.835900	-8.335400	1
56.357000	142.040000	3.145800	-8.335600	1
56.328000	142.100000	2.457900	-8.335400	1
56.300000	142.160000	-0.638720	-8.335400	1
56.271000	142.220000	-2.019000	-8.335600	1
56.242000	142.280000	-1.672400	-8.335200	1
56.213000	142.340000	-0.289920	-8.335600	1
56.184000	142.400000	6.937500	-8.335500	1
56.155000	142.460000	0.733190	-8.335200	1
56.126000	142.520000	1.089300	-8.335400	1
56.098000	142.580000	-1.323700	-8.335300	1
56.069000	142.640000	-2.357700	-8.335400	1
56.040000	142.700000	-0.987850	-8.335400	1
56.011000	142.760000	0.398180	-8.335300	1
55.981000	142.820000	-0.984660	-8.335400	1
55.952000	142.870000	0.390170	-8.335400	1
55.923000	142.930000	-0.292740	-8.335200	1
55.894000	142.990000	-0.639200	-8.335400	1
55.865000	143.050000	-2.359600	-8.335200	1
55.836000	143.110000	5.214300	-8.335300	1
55.806000	143.170000	8.316600	-8.335300	1
57.184000	140.380000	-3.026200	-7.578200	1
57.156000	140.440000	-2.330000	-7.578400	1
57.128000	140.500000	-4.400500	-7.578300	1
57.101000	140.570000	-4.050500	-7.578400	1
57.073000	140.630000	-5.087100	-7.578500	1
57.045000	140.690000	-3.360900	-7.578300	1
57.017000	140.750000	-4.051000	-7.578600	1
56.989000	140.810000	-4.741500	-7.578400	1
56.961000	140.880000	-4.051700	-7.578400	1
56.933000	140.940000	-3.361800	-7.578600	1
56.905000	141.000000	-3.712200	-7.578400	1
56.876000	141.060000	-2.686100	-7.578500	1
56.848000	141.120000	-2.332600	-7.578700	1
56.820000	141.190000	-1.992900	-7.578500	1
56.792000	141.250000	-2.343600	-7.578800	1
56.764000	141.310000	-3.724000	-7.578700	1
56.735000	141.370000	-2.684300	-7.578500	1
56.707000	141.430000	1.459600	-7.578900	1
56.679000	141.490000	-0.270820	-7.578700	1
56.650000	141.550000	-2.004900	-7.578800	1
56.622000	141.610000	-2.685200	-7.578900	1
56.593000	141.670000	-2.345600	-7.578600	1
56.565000	141.740000	-1.315700	-7.578900	1
56.536000	141.800000	-2.329800	-7.578900	1
56.508000	141.860000	0.767520	-7.578700	1
56.479000	141.920000	-0.286370	-7.579100	1
56.450000	141.980000	-2.330600	-7.578800	1
56.422000	142.040000	-0.950770	-7.578800	1
56.393000	142.100000	4.193000	-7.579000	1
56.364000	142.160000	2.488900	-7.578800	1
56.336000	142.220000	3.521900	-7.578800	1
56.307000	142.280000	0.065378	-7.579000	1
56.278000	142.340000	-1.315100	-7.578600	1
56.249000	142.400000	5.238800	-7.579000	1
56.220000	142.460000	1.094600	-7.578900	1
56.191000	142.520000	7.294400	-7.578600	1
56.162000	142.580000	3.860400	-7.578800	1
56.133000	142.630000	0.419980	-7.578700	1
56.104000	142.690000	-0.610290	-7.578800	1
56.075000	142.750000	-1.640600	-7.578800	1
56.046000	142.810000	-0.610860	-7.578700	1
56.017000	142.870000	0.769000	-7.578800	1
55.988000	142.930000	-0.285060	-7.578800	1
55.959000	142.990000	-0.611710	-7.578600	1
55.930000	143.050000	-0.611830	-7.578800	1
55.900000	143.110000	4.884300	-7.578600	1
55.871000	143.160000	10.401000	-7.578700	1
57.221000	140.430000	-2.407500	-6.823900	1
57.193000	140.490000	-3.087600	-6.824100	1
57.165000	140.560000	-1.027700	-6.824000	1
57.137000	140.620000	-1.381500	-6.824100	1
57.109000	140.680000	-4.114400	-6.824200	1
57.081000	140.740000	-4.468500	-6.824000	1
57.053000	140.810000	-3.778500	-6.824300	1
57.025000	140.870000	-4.468800	-6.824100	1
56.997000	140.930000	-3.089000	-6.824100	1
56.969000	140.990000	-2.059000	-6.824300	1
56.941000	141.050000	-1.383100	-6.824100	1
56.913000	141.120000	-2.749800	-6.824200	1
56.885000	141.180000	-1.730400	-6.824300	1
56.856000	141.240000	-1.717100	-6.824200	1
56.828000	141.300000	-1.730900	-6.824500	1
56.800000	141.360000	-0.351170	-6.824400	1
56.772000	141.420000	1.028500	-6.824200	1
56.743000	141.490000	-1.041600	-6.824500	1
56.715000	141.550000	-1.028400	-6.824300	1
56.686000	141.610000	-1.718600	-6.824500	1
56.658000	141.670000	-1.366200	-6.824600	1
56.629000	141.730000	-1.383000	-6.824300	1
56.601000	141.790000	-1.383100	-6.824600	1
56.572000	141.850000	-0.353360	-6.824600	1
56.544000	141.910000	0.692590	-6.824400	1
56.515000	141.970000	-0.337500	-6.824800	1
56.486000	142.030000	0.675870	-6.824500	1
56.458000	142.090000	1.041900	-6.824500	1
56.429000	142.150000	1.721800	-6.824700	1
56.400000	142.210000	1.708400	-6.824500	1
56.372000	142.270000	-0.338190	-6.824500	1
56.343000	142.330000	1.721800	-6.824700	1
56.314000	142.390000	2.073900	-6.824300	1
56.285000	142.450000	1.010100	-6.824700	1
56.256000	142.510000	-0.336610	-6.824600	1
56.227000	142.570000	4.130600	-6.824300	1
56.198000	142.630000	9.643100	-6.824500	1
56.169000	142.690000	0.692600	-6.824400	1
56.140000	142.750000	1.382400	-6.824500	1
56.111000	142.810000	1.722200	-6.824500	1
56.082000	142.870000	2.728200	-6.824400	1
56.053000	142.930000	0.001572	-6.824500	1
56.024000	142.980000	3.441400	-6.824500	1
55.994000	143.040000	0.000996	-6.824300	1
55.965000	143.100000	0.000866	-6.824500	1
55.936000	143.160000	6.544000	-6.824400	1
57.229000	140.550000	-1.664800	-6.069400	1
57.202000	140.610000	-1.665000	-6.069300	1
57.174000	140.670000	-1.998800	-6.069400	1
57.146000	140.740000	-2.355300	-6.069500	1
57.118000	140.800000	-2.355600	-6.069300	1
57.090000	140.860000	-2.355600	-6.069600	1
57.062000	140.920000	-3.046000	-6.069400	1
57.034000	140.980000	-0.629760	-6.069400	1
57.005000	141.050000	-1.999900	-6.069600	1
56.977000	141.110000	-0.976660	-6.069400	1
56.949000	141.170000	-0.630550	-6.069600	1
56.921000	141.230000	-0.627550	-6.069700	1
56.893000	141.290000	-0.284250	-6.069500	1
56.864000	141.360000	-0.628020	-6.069800	1
56.836000	141.420000	1.775400	-6.069700	1
56.808000	141.480000	3.851400	-6.069500	1
56.779000	141.540000	-0.968870	-6.069900	1
56.751000	141.600000	-0.279270	-6.069700	1
56.722000	141.660000	-0.653170	-6.069800	1
56.694000	141.720000	-0.629710	-6.069900	1
56.665000	141.780000	0.059862	-6.069700	1
56.637000	141.840000	-0.994010	-6.070000	1
56.608000	141.900000	0.059456	-6.070000	1
56.580000	141.970000	-0.304660	-6.069700	1
56.551000	142.030000	-0.281020	-6.070100	1
56.522000	142.090000	4.165100	-6.069900	1
56.494000	142.150000	0.408410	-6.069800	1
56.465000	142.210000	3.842000	-6.070000	1
56.436000	142.270000	7.631300	-6.069800	1
56.407000	142.330000	2.471000	-6.069800	1
56.378000	142.390000	1.780800	-6.070000	1
56.350000	142.450000	0.386630	-6.069600	1
56.321000	142.510000	3.136700	-6.070000	1
56.292000	142.570000	2.470000	-6.069900	1
56.263000	142.620000	-1.684200	-6.069700	1
56.234000	142.680000	3.499500	-6.069800	1
56.205000	142.740000	4.515500	-6.069700	1
56.176000	142.800000	0.731560	-6.069800	1
56.146000	142.860000	1.071300	-6.069800	1
56.117000	142.920000	2.808400	-6.069700	1
56.088000	142.980000	3.830900	-6.069800	1
56.059000	143.040000	1.064200	-6.069800	1
56.030000	143.100000	0.383890	-6.069700	1
56.000000	143.160000	1.420100	-6.069900	1
55.971000	143.210000	8.989500	-6.069700	1
55.942000	143.270000	10.023000	-6.069800	1
55.913000	143.330000	7.276500	-6.069700	1
55.883000	143.390000	5.556200	-6.069600	1
57.266000	140.600000	-2.385700	-5.314300	1
57.238000	140.660000	-1.015900	-5.314200	1
57.210000	140.730000	-1.706000	-5.314400	1
57.182000	140.790000	-1.016000	-5.314400	1
57.154000	140.850000	-0.326300	-5.314300	1
57.126000	140.910000	-1.356400	-5.314500	1
57.098000	140.980000	1.399800	-5.314400	1
57.070000	141.040000	0.709450	-5.314300	1
57.042000	141.100000	-0.660720	-5.314600	1
57.013000	141.160000	-1.011200	-5.314400	1
56.985000	141.220000	-0.667720	-5.314500	1
56.957000	141.290000	0.711730	-5.314600	1
56.929000	141.350000	2.775000	-5.314400	1
56.900000	141.410000	1.751300	-5.314800	1
56.872000	141.470000	2.780900	-5.314600	1
56.844000	141.530000	1.054100	-5.314500	1
56.815000	141.590000	0.710410	-5.314800	1
56.787000	141.650000	-0.320070	-5.314600	1
56.758000	141.720000	1.059800	-5.314700	1
56.730000	141.780000	0.369540	-5.314900	1
56.701000	141.840000	0.709050	-5.314600	1
56.673000	141.900000	0.368960	-5.314900	1
56.644000	141.960000	0.368680	-5.314900	1
56.615000	142.020000	1.058300	-5.314700	1
56.587000	142.080000	0.708270	-5.315000	1
56.558000	142.140000	0.707900	-5.314800	1
56.529000	142.200000	3.467700	-5.314800	1
56.500000	142.260000	4.837600	-5.314900	1
56.472000	142.320000	6.546900	-5.314800	1
56.443000	142.380000	2.780200	-5.314800	1
56.414000	142.440000	2.766500	-5.315000	1
56.385000	142.500000	2.429600	-5.314600	1
56.356000	142.560000	3.456000	-5.314900	1
56.327000	142.620000	7.925700	-5.314800	1
56.298000	142.680000	4.811700	-5.314700	1
56.269000	142.740000	5.878800	-5.314800	1
56.240000	142.800000	4.131200	-5.314700	1
56.211000	142.860000	3.104600	-5.314800	1
56.182000	142.920000	0.694320	-5.314800	1
56.153000	142.980000	3.454100	-5.314700	1
56.123000	143.030000	4.483900	-5.314800	1
56.094000	143.090000	2.413600	-5.314800	1
56.065000	143.150000	1.733300	-5.314700	1
56.036000	143.210000	6.186000	-5.314800	1
56.006000	143.270000	5.189800	-5.314700	1
55.977000	143.330000	12.042000	-5.314800	1
55.948000	143.390000	11.046000	-5.314700	1
57.302000	140.660000	3.307500	-4.559400	1
57.274000	140.720000	-0.822900	-4.559300	1
57.246000	140.780000	-1.496500	-4.559500	1
57.218000	140.840000	0.556980	-4.559500	1
57.190000	140.910000	5.043200	-4.559400	1
57.162000	140.970000	5.716700	-4.559600	1
57.134000	141.030000	4.336400	-4.559500	1
57.106000	141.090000	2.616000	-4.559400	1
57.078000	141.160000	3.322400	-4.559700	1
57.050000	141.220000	5.732000	-4.559500	1
57.021000	141.280000	-0.458340	-4.559600	1
56.993000	141.340000	3.324800	-4.559700	1
56.965000	141.400000	2.294400	-4.559500	1
56.936000	141.460000	2.984300	-4.559900	1
56.908000	141.530000	0.573920	-4.559700	1
56.880000	141.590000	-0.116530	-4.559600	1
56.851000	141.650000	0.573420	-4.559900	1
56.823000	141.710000	1.943000	-4.559700	1
56.794000	141.770000	1.602800	-4.559900	1
56.766000	141.830000	0.572580	-4.560000	1
56.737000	141.890000	0.912090	-4.559700	1
56.708000	141.950000	1.262000	-4.560000	1
56.680000	142.010000	1.261800	-4.560000	1
56.651000	142.070000	0.571330	-4.559800	1
56.622000	142.130000	2.291400	-4.560100	1
56.594000	142.190000	4.701100	-4.559900	1
56.565000	142.260000	7.110800	-4.559900	1
56.536000	142.320000	4.010700	-4.560000	1
56.507000	142.380000	0.899920	-4.559900	1
56.478000	142.440000	1.943300	-4.559900	1
56.449000	142.500000	3.323200	-4.560100	1
56.420000	142.560000	2.619100	-4.559700	1
56.391000	142.610000	2.619100	-4.560100	1
56.362000	142.670000	2.618800	-4.560000	1
56.333000	142.730000	4.338500	-4.559800	1
56.304000	142.790000	2.278200	-4.559900	1
56.275000	142.850000	3.658000	-4.559800	1
56.246000	142.910000	5.717800	-4.559900	1
56.217000	142.970000	4.337600	-4.559900	1
56.188000	143.030000	3.653700	-4.559800	1
56.159000	143.090000	4.337100	-4.559900	1
56.129000	143.150000	1.243200	-4.559900	1
56.100000	143.210000	2.966500	-4.559800	1
56.071000	143.270000	9.506400	-4.559900	1
56.041000	143.320000	6.745800	-4.559800	1
56.012000	143.380000	5.379200	-4.559900	1
55.983000	143.440000	10.805000	-4.559800	1
55.953000	143.500000	10.469000	-4.559700	1
57.310000	140.770000	1.662800	-3.803500	1
57.282000	140.840000	2.692800	-3.803700	1
57.254000	140.900000	6.132700	-3.803700	1
57.226000	140.960000	6.482400	-3.803600	1
57.198000	141.020000	7.852300	-3.803900	1
57.170000	141.090000	6.131900	-3.803700	1
57.142000	141.150000	3.381600	-3.803600	1
57.114000	141.210000	4.411500	-3.803900	1
57.085000	141.270000	4.071100	-3.803700	1
57.057000	141.330000	2.697400	-3.803800	1
57.029000	141.400000	5.790700	-3.803900	1
57.001000	141.460000	2.700100	-3.803800	1
56.972000	141.520000	2.693500	-3.804100	1
56.944000	141.580000	1.319600	-3.804000	1
56.915000	141.640000	2.699200	-3.803800	1
56.887000	141.700000	1.319100	-3.804100	1
56.858000	141.760000	2.358700	-3.803900	1
56.830000	141.820000	3.388500	-3.804100	1
56.801000	141.890000	2.008300	-3.804200	1
56.773000	141.950000	0.977780	-3.804000	1
56.744000	142.010000	1.317700	-3.804200	1
56.715000	142.070000	1.667500	-3.804300	1
56.687000	142.130000	0.287060	-3.804000	1
56.658000	142.190000	1.667100	-3.804400	1
56.629000	142.250000	4.416800	-3.804200	1
56.600000	142.310000	5.796600	-3.804200	1
56.571000	142.370000	6.486400	-3.804300	1
56.543000	142.430000	4.076100	-3.804100	1
56.514000	142.490000	4.065600	-3.804100	1
56.485000	142.550000	1.668900	-3.804300	1
56.456000	142.610000	6.488500	-3.804000	1
56.427000	142.670000	3.035000	-3.804300	1
56.398000	142.730000	2.684700	-3.804200	1
56.369000	142.790000	3.714300	-3.804100	1
56.340000	142.850000	5.094200	-3.804100	1
56.311000	142.910000	4.063800	-3.804000	1
56.281000	142.970000	6.123700	-3.804100	1
56.252000	143.030000	6.473400	-3.804100	1
56.223000	143.090000	5.433100	-3.804100	1
56.194000	143.140000	5.093000	-3.804200	1
56.164000	143.200000	7.152700	-3.804100	1
56.135000	143.260000	5.432400	-3.804100	1
57.735000	139.940000	-4.129500	-3.047100	1
57.708000	140.000000	11.360000	-3.046900	1
57.680000	140.070000	14.120000	-3.047200	1
57.653000	140.130000	14.120000	-3.047100	1
57.625000	140.190000	12.049000	-3.047000	1
57.597000	140.260000	12.399000	-3.047400	1
57.570000	140.320000	12.396000	-3.047100	1
57.542000	140.390000	13.079000	-3.047300	1
57.514000	140.450000	11.709000	-3.047300	1
57.486000	140.510000	6.198100	-3.047100	1
57.458000	140.580000	5.168300	-3.047500	1
57.430000	140.640000	3.098000	-3.047400	1
57.403000	140.700000	5.167900	-3.047300	1
57.375000	140.760000	5.168000	-3.047500	1
57.347000	140.830000	4.477700	-3.047400	1
57.319000	140.890000	5.857700	-3.047600	1
57.290000	140.950000	7.577600	-3.047600	1
57.262000	141.010000	7.227300	-3.047500	1
57.234000	141.080000	7.577200	-3.047800	1
57.206000	141.140000	6.886800	-3.047600	1
57.178000	141.200000	3.096400	-3.047500	1
57.150000	141.260000	6.886400	-3.047800	1
57.121000	141.330000	5.502600	-3.047600	1
57.093000	141.390000	5.855800	-3.047700	1
57.065000	141.450000	4.815600	-3.047900	1
57.036000	141.510000	5.165200	-3.047700	1
57.008000	141.570000	5.165100	-3.048000	1
56.979000	141.630000	2.754700	-3.047900	1
56.951000	141.700000	3.094300	-3.047700	1
56.923000	141.760000	3.094200	-3.048000	1
56.894000	141.820000	3.443700	-3.047800	1
56.865000	141.880000	3.783600	-3.048000	1
56.837000	141.940000	3.443400	-3.048100	1
56.808000	142.000000	3.092900	-3.047900	1
56.780000	142.060000	4.132900	-3.048100	1
56.751000	142.120000	3.442600	-3.048200	1
56.722000	142.180000	3.442200	-3.047900	1
56.693000	142.240000	4.132200	-3.048300	1
56.664000	142.300000	4.471900	-3.048100	1
56.636000	142.360000	9.291700	-3.048100	1
56.607000	142.420000	9.288200	-3.048200	1
56.578000	142.480000	4.807800	-3.048100	1
56.549000	142.540000	5.847600	-3.048100	1
56.520000	142.600000	6.190800	-3.048200	1
56.491000	142.660000	4.133600	-3.047900	1
56.462000	142.720000	4.810300	-3.048200	1
56.433000	142.780000	5.850000	-3.048100	1
56.404000	142.840000	6.189600	-3.048000	1
56.375000	142.900000	5.849400	-3.048000	1
56.346000	142.960000	5.849100	-3.047900	1
56.316000	143.020000	5.498900	-3.048100	1
56.287000	143.080000	7.908700	-3.048100	1
56.258000	143.140000	9.288400	-3.048000	1
56.229000	143.200000	8.254900	-3.048100	1
56.199000	143.260000	6.878000	-3.048100	1
56.170000	143.320000	7.217700	-3.048000	1
56.141000	143.380000	6.527600	-3.048100	1
57.377000	141.290000	18.854000	0.118290	1
57.348000	141.360000	21.853000	0.118760	1
57.320000	141.420000	24.853000	0.118310	1
57.292000	141.480000	24.853000	0.118530	1
57.263000	141.540000	41.060000	0.118700	1
57.235000	141.610000	32.252000	0.118300	1
57.207000	141.670000	32.252000	0.118770	1
57.178000	141.730000	27.252000	0.118550	1
57.150000	141.790000	41.059000	0.118400	1
57.121000	141.850000	25.851000	0.118840	1
57.092000	141.910000	41.058000	0.118340	1
57.064000	141.980000	22.458000	0.118510	1
57.035000	142.040000	41.061000	0.118710	1
57.006000	142.100000	25.861000	0.118250	1
56.978000	142.160000	29.060000	0.118730	1
56.949000	142.220000	25.860000	0.118610	1
56.920000	142.280000	32.260000	0.118370	1
56.891000	142.340000	20.860000	0.118840	1
56.863000	142.400000	19.859000	0.118300	1
56.834000	142.460000	24.859000	0.118450	1
56.805000	142.520000	23.859000	0.118730	1
56.776000	142.580000	21.859000	0.118250	1
56.747000	142.640000	23.859000	0.118680	1
56.718000	142.700000	22.458000	0.118550	1
56.689000	142.760000	23.258000	0.118230	1
56.660000	142.820000	23.258000	0.118820	1
56.631000	142.880000	23.865000	0.118310	1
56.601000	142.940000	21.265000	0.118440	1
56.572000	143.000000	23.268000	0.118720	1
56.543000	143.060000	27.268000	0.118200	1
56.514000	143.120000	23.267000	0.118570	1
56.485000	143.180000	29.067000	0.118490	1
56.455000	143.240000	27.267000	0.118160	1
56.426000	143.300000	27.267000	0.118670	1
56.397000	143.360000	23.866000	0.118230	1
56.367000	143.420000	23.866000	0.118330	1
56.338000	143.480000	23.266000	0.118610	1
56.308000	143.540000	23.866000	0.118060	1
56.279000	143.600000	19.865000	0.118390	1
56.249000	143.650000	29.065000	0.118350	1
56.220000	143.710000	25.865000	0.118050	1
56.190000	143.770000	17.045000	0.118550	1
56.161000	143.830000	15.485000	0.118170	1
56.131000	143.890000	21.242000	0.118170	1
56.101000	143.950000	24.845000	0.118530	1
56.072000	144.000000	21.845000	0.118090	1
56.042000	144.060000	17.645000	0.118410	1
56.012000	144.120000	23.845000	0.118430	1
55.982000	144.180000	25.845000	0.118070	1
55.953000	144.240000	16.645000	0.118540	1
55.923000	144.290000	15.845000	0.118130	1
57.805000	140.470000	17.281000	0.733710	1
57.777000	140.530000	17.681000	0.733480	1
57.749000	140.590000	17.081000	0.733760	1
57.722000	140.660000	14.151000	0.733360	1
57.694000	140.720000	14.151000	0.733570	1
57.666000	140.780000	12.771000	0.733650	1
57.638000	140.850000	12.770000	0.733300	1
57.610000	140.910000	12.080000	0.733520	1
57.582000	140.970000	12.080000	0.733390	1
57.553000	141.040000	11.050000	0.733270	1
57.525000	141.100000	12.080000	0.733410	1
57.497000	141.160000	11.389000	0.733080	1
57.469000	141.220000	18.087000	0.733170	1
57.441000	141.290000	14.159000	0.733290	1
57.412000	141.350000	12.089000	0.732960	1
57.384000	141.410000	14.499000	0.733230	1
57.356000	141.470000	14.849000	0.733190	1
57.327000	141.540000	15.188000	0.732970	1
57.299000	141.600000	19.288000	0.733250	1
57.271000	141.660000	17.288000	0.732980	1
57.242000	141.720000	17.287000	0.732940	1
57.214000	141.780000	15.887000	0.733130	1
57.185000	141.850000	12.437000	0.732680	1
57.156000	141.910000	15.527000	0.732920	1
57.128000	141.970000	14.846000	0.732940	1
57.099000	142.030000	15.526000	0.732730	1
57.070000	142.090000	14.853000	0.732940	1
57.042000	142.150000	13.473000	0.732700	1
57.013000	142.210000	15.893000	0.732620	1
56.984000	142.280000	14.852000	0.732850	1
56.955000	142.340000	14.505000	0.732530	1
56.927000	142.400000	13.815000	0.732560	1
56.898000	142.460000	14.505000	0.732680	1
56.869000	142.520000	15.894000	0.732420	1
56.840000	142.580000	16.294000	0.732640	1
56.811000	142.640000	16.294000	0.732530	1
56.782000	142.700000	14.854000	0.732560	1
56.753000	142.760000	14.504000	0.732600	1
56.724000	142.820000	14.853000	0.732560	1
56.695000	142.880000	15.893000	0.732530	1
56.666000	142.940000	15.893000	0.732670	1
56.636000	143.000000	13.813000	0.732460	1
56.607000	143.060000	14.503000	0.732640	1
56.578000	143.120000	14.502000	0.732480	1
56.549000	143.180000	14.149000	0.732630	1
56.519000	143.240000	16.679000	0.732730	1
56.490000	143.300000	16.682000	0.732490	1
56.461000	143.360000	17.282000	0.732650	1
56.431000	143.420000	18.482000	0.732560	1
56.402000	143.470000	16.281000	0.732470	1
56.372000	143.530000	16.681000	0.732640	1
56.343000	143.590000	17.081000	0.732420	1
56.313000	143.650000	13.111000	0.732490	1
56.284000	143.710000	15.521000	0.732630	1
56.254000	143.770000	16.680000	0.732390	1
56.225000	143.830000	15.910000	0.732660	1
56.195000	143.890000	18.910000	0.732690	1
56.165000	143.940000	19.910000	0.732470	1
56.136000	144.000000	20.310000	0.732770	1
56.106000	144.060000	19.310000	0.732600	1
56.076000	144.120000	22.487000	0.732630	1
56.047000	144.180000	19.887000	0.732830	1
56.017000	144.230000	19.890000	0.732460	1
55.987000	144.290000	17.290000	0.732680	1
55.957000	144.350000	19.290000	0.732750	1
55.927000	144.410000	17.090000	0.732580	1
55.897000	144.460000	15.190000	0.732760	1
55.867000	144.520000	14.850000	0.732620	1
57.455000	141.520000	3.759900	2.237300	1
57.427000	141.580000	4.789700	2.237300	1
57.398000	141.650000	6.169200	2.237100	1
57.370000	141.710000	6.176000	2.237300	1
57.341000	141.770000	4.795500	2.237100	1
57.313000	141.830000	3.425100	2.237000	1
57.284000	141.890000	3.765000	2.237200	1
57.256000	141.960000	2.737600	2.236800	1
57.227000	142.020000	5.487500	2.237000	1
57.198000	142.080000	5.487300	2.237000	1
57.170000	142.140000	5.487000	2.236900	1
57.141000	142.200000	4.456900	2.237000	1
57.112000	142.260000	6.176500	2.236800	1
57.083000	142.320000	7.206200	2.236700	1
57.054000	142.390000	3.426100	2.236900	1
57.026000	142.450000	3.765700	2.236700	1
56.997000	142.510000	4.795500	2.236600	1
56.968000	142.570000	8.585400	2.236800	1
57.555000	141.570000	3.935600	3.748400	1
57.526000	141.630000	3.588900	3.748600	1
57.498000	141.700000	5.998600	3.748600	1
57.469000	141.760000	8.757900	3.748400	1
57.441000	141.820000	6.347800	3.748600	1
57.412000	141.880000	4.277300	3.748400	1
57.383000	141.940000	0.146870	3.748300	1
57.355000	142.010000	1.526800	3.748500	1
57.326000	142.070000	5.656300	3.748100	1
57.297000	142.130000	6.346300	3.748300	1
57.269000	142.190000	0.835970	3.748300	1
57.240000	142.250000	1.525700	3.748100	1
57.211000	142.310000	6.345600	3.748200	1
57.182000	142.380000	5.655300	3.748100	1
57.153000	142.440000	3.241400	3.747900	1
57.125000	142.500000	4.961400	3.748200	1
57.096000	142.560000	9.094500	3.747900	1
57.067000	142.620000	4.964200	3.747900	1
57.038000	142.680000	3.580600	3.748000	1
57.009000	142.740000	4.960200	3.747800	1
56.980000	142.800000	6.343300	3.747900	1
56.951000	142.860000	4.963000	3.747900	1
56.921000	142.920000	3.229400	3.747900	1
56.892000	142.980000	8.752700	3.747900	1
56.863000	143.040000	9.092400	3.747900	1
56.834000	143.100000	5.992200	3.747900	1
56.805000	143.160000	8.752000	3.748000	1
56.775000	143.220000	9.431700	3.747800	1
56.746000	143.280000	7.021600	3.748000	1
56.717000	143.340000	10.471000	3.747800	1
56.687000	143.400000	7.371100	3.747900	1
56.658000	143.460000	8.401000	3.748000	1
56.629000	143.520000	7.020500	3.747800	1
56.599000	143.580000	3.567000	3.748000	1
56.570000	143.640000	5.976700	3.747900	1
56.540000	143.700000	8.386500	3.747800	1
56.510000	143.760000	3.569700	3.748000	1
56.481000	143.820000	2.199300	3.747700	1
56.451000	143.870000	3.569200	3.747800	1
56.422000	143.930000	7.712600	3.747900	1
56.392000	143.990000	6.328800	3.747700	1
56.362000	144.050000	12.199000	3.747900	1
57.618000	141.560000	4.921400	4.502300	1
57.590000	141.630000	4.230800	4.502000	1
57.562000	141.690000	2.860700	4.502200	1
57.533000	141.750000	4.233600	4.502200	1
57.504000	141.810000	8.386700	4.502000	1
57.476000	141.880000	8.046600	4.502200	1
57.447000	141.940000	5.976100	4.502000	1
57.419000	142.000000	6.642300	4.501900	1
57.390000	142.060000	-0.550810	4.502100	1
57.361000	142.120000	-0.554880	4.501700	1
57.333000	142.190000	2.528000	4.501900	1
57.304000	142.250000	1.497800	4.501900	1
57.275000	142.310000	3.907500	4.501800	1
57.246000	142.370000	3.200900	4.501900	1
57.217000	142.430000	5.610600	4.501800	1
57.189000	142.490000	4.920300	4.501600	1
57.160000	142.550000	3.906700	4.501800	1
57.131000	142.610000	1.479700	4.501500	1
57.102000	142.680000	3.906000	4.501500	1
57.073000	142.740000	4.922600	4.501600	1
57.044000	142.800000	5.272200	4.501400	1
57.014000	142.860000	4.232100	4.501600	1
56.985000	142.920000	1.498300	4.501500	1
56.956000	142.980000	4.598100	4.501500	1
56.927000	143.040000	1.497900	4.501500	1
56.898000	143.100000	3.907700	4.501500	1
56.869000	143.160000	4.603900	4.501500	1
56.839000	143.220000	5.287300	4.501600	1
56.810000	143.280000	5.287000	4.501500	1
56.781000	143.340000	6.316800	4.501600	1
56.751000	143.400000	7.346500	4.501400	1
56.722000	143.460000	5.966400	4.501500	1
56.692000	143.520000	8.036200	4.501700	1
56.663000	143.580000	4.595800	4.501400	1
56.634000	143.640000	6.322200	4.501600	1
56.604000	143.700000	1.161800	4.501500	1
56.574000	143.750000	4.254900	4.501400	1
56.545000	143.810000	3.574800	4.501600	1
56.515000	143.870000	2.878000	4.501300	1
56.486000	143.930000	1.504300	4.501400	1
56.456000	143.990000	6.664300	4.501600	1
56.426000	144.050000	4.597500	4.501300	1
56.396000	144.110000	6.634000	4.501600	1
56.367000	144.170000	8.013900	4.501600	1
56.337000	144.220000	9.393700	4.501400	1
56.307000	144.280000	5.943800	4.501700	1
56.277000	144.340000	4.223500	4.501500	1
57.682000	141.560000	3.394900	5.257100	1
57.654000	141.620000	3.044700	5.257200	1
57.625000	141.680000	2.717800	5.256900	1
57.597000	141.750000	3.737200	5.257100	1
57.568000	141.810000	0.636850	5.257100	1
57.540000	141.870000	2.016500	5.256900	1
57.511000	141.930000	6.132800	5.257100	1
57.483000	141.990000	6.822400	5.256900	1
57.454000	142.060000	3.018400	5.256800	1
57.425000	142.120000	6.808400	5.257000	1
57.397000	142.180000	6.457900	5.256600	1
57.368000	142.240000	5.441500	5.256800	1
57.339000	142.300000	2.341200	5.256700	1
57.310000	142.370000	0.607210	5.256600	1
57.281000	142.430000	-0.409350	5.256700	1
57.253000	142.490000	-0.749670	5.256600	1
57.224000	142.550000	-1.790100	5.256400	1
57.195000	142.610000	-0.417310	5.256700	1
57.166000	142.670000	-1.100500	5.256400	1
57.137000	142.730000	0.958860	5.256400	1
57.108000	142.790000	1.298700	5.256500	1
57.079000	142.850000	3.708400	5.256300	1
57.049000	142.910000	0.621880	5.256400	1
57.020000	142.970000	1.648000	5.256400	1
56.991000	143.040000	3.374200	5.256400	1
56.962000	143.100000	-0.072423	5.256400	1
56.933000	143.160000	-0.072661	5.256400	1
56.903000	143.220000	2.677200	5.256400	1
56.874000	143.280000	3.373400	5.256400	1
56.845000	143.340000	5.433100	5.256300	1
56.815000	143.400000	3.713000	5.256400	1
56.786000	143.460000	6.812600	5.256200	1
56.757000	143.510000	4.736100	5.256400	1
56.727000	143.570000	3.016000	5.256500	1
56.698000	143.630000	3.022000	5.256300	1
56.668000	143.690000	1.985500	5.256500	1
56.639000	143.750000	-0.065183	5.256300	1
56.609000	143.810000	3.374700	5.256300	1
56.579000	143.870000	3.024600	5.256400	1
56.550000	143.930000	3.024200	5.256200	1
56.520000	143.990000	1.654000	5.256300	1
56.490000	144.050000	9.564100	5.256400	1
56.461000	144.110000	10.250000	5.256200	1
56.431000	144.160000	7.543800	5.256400	1
56.401000	144.220000	6.163700	5.256400	1
57.718000	141.610000	1.324000	6.011000	1
57.689000	141.680000	-2.116400	6.011200	1
57.661000	141.740000	-1.091000	6.010900	1
57.632000	141.800000	6.150100	6.011100	1
57.604000	141.860000	4.426100	6.011100	1
57.575000	141.930000	5.799400	6.010900	1
57.547000	141.990000	2.352800	6.011100	1
57.518000	142.050000	-0.062285	6.010900	1
57.489000	142.110000	2.351200	6.010800	1
57.461000	142.180000	3.734900	6.011000	1
57.432000	142.240000	0.637960	6.010600	1
57.403000	142.300000	-1.439600	6.010700	1
57.374000	142.360000	-0.749760	6.010700	1
57.345000	142.420000	-1.783800	6.010600	1
57.317000	142.480000	0.969870	6.010700	1
57.288000	142.540000	0.629550	6.010600	1
57.259000	142.610000	0.289200	6.010400	1
57.230000	142.670000	-1.090900	6.010600	1
57.201000	142.730000	-0.401320	6.010400	1
57.172000	142.790000	-0.398370	6.010300	1
57.143000	142.850000	0.971500	6.010400	1
57.113000	142.910000	0.631170	6.010300	1
57.084000	142.970000	0.971070	6.010400	1
57.055000	143.030000	0.630800	6.010300	1
57.026000	143.090000	-1.093100	6.010300	1
56.997000	143.150000	-1.439700	6.010400	1
56.967000	143.210000	-2.470000	6.010300	1
56.938000	143.270000	-0.060038	6.010300	1
56.909000	143.330000	2.689800	6.010400	1
56.879000	143.390000	1.315800	6.010300	1
56.850000	143.450000	2.013100	6.010400	1
56.821000	143.510000	3.729100	6.010200	1
56.791000	143.570000	6.139000	6.010300	1
56.762000	143.630000	3.375200	6.010500	1
56.732000	143.690000	-0.061640	6.010200	1
56.703000	143.750000	3.378000	6.010400	1
56.673000	143.810000	0.627630	6.010300	1
56.643000	143.870000	4.417500	6.010200	1
56.614000	143.930000	3.377400	6.010400	1
56.584000	143.990000	6.137000	6.010100	1
57.725000	141.730000	3.642500	6.763200	1
57.696000	141.800000	5.670900	6.762900	1
57.668000	141.860000	5.670800	6.763100	1
57.639000	141.920000	4.664200	6.763000	1
57.611000	141.980000	1.921200	6.762900	1
57.582000	142.050000	7.740000	6.763100	1
57.553000	142.110000	2.579600	6.762900	1
57.525000	142.170000	3.949400	6.762800	1
57.496000	142.230000	8.429400	6.763000	1
57.467000	142.290000	7.762600	6.762600	1
57.438000	142.360000	1.912400	6.762700	1
57.409000	142.420000	1.205900	6.762700	1
57.381000	142.480000	0.515590	6.762600	1
57.352000	142.540000	0.191680	6.762700	1
57.323000	142.600000	1.537700	6.762600	1
57.294000	142.660000	0.167350	6.762400	1
57.265000	142.720000	2.917300	6.762600	1
57.236000	142.780000	-1.526400	6.762400	1
57.207000	142.850000	0.509810	6.762300	1
57.178000	142.910000	1.563400	6.762400	1
57.148000	142.970000	1.563100	6.762300	1
57.119000	143.030000	1.889200	6.762400	1
57.090000	143.090000	0.532670	6.762300	1
57.061000	143.150000	-2.217700	6.762300	1
57.032000	143.210000	-2.591600	6.762400	1
57.002000	143.270000	-2.931900	6.762300	1
56.973000	143.330000	-1.902000	6.762400	1
56.944000	143.390000	-2.932300	6.762300	1
56.914000	143.450000	-0.879840	6.762300	1
56.885000	143.510000	2.601300	6.762400	1
56.855000	143.570000	1.903500	6.762100	1
56.826000	143.630000	3.280800	6.762300	1
56.796000	143.690000	3.970700	6.762500	1
56.767000	143.750000	-0.503930	6.762200	1
56.737000	143.810000	-2.224100	6.762400	1
56.707000	143.870000	-0.164270	6.762300	1
56.678000	143.930000	-1.194500	6.762200	1
56.648000	143.980000	0.851730	6.762400	1
56.618000	144.040000	-0.855000	6.762100	1
56.589000	144.100000	5.345100	6.762200	1
56.559000	144.160000	9.108800	6.762300	1
57.789000	141.730000	-0.549120	7.522700	1
57.761000	141.790000	4.620900	7.522800	1
57.732000	141.850000	2.568400	7.522500	1
57.704000	141.920000	-0.203080	7.522700	1
57.675000	141.980000	0.136640	7.522700	1
57.646000	142.040000	-2.285100	7.522500	1
57.618000	142.100000	-3.304100	7.522700	1
57.589000	142.170000	-3.994500	7.522500	1
57.560000	142.230000	-3.644700	7.522400	1
57.532000	142.290000	-2.962200	7.522600	1
57.503000	142.350000	5.311500	7.522200	1
57.474000	142.410000	1.855100	7.522400	1
57.445000	142.470000	-2.615500	7.522300	1
57.416000	142.540000	-2.286800	7.522200	1
57.387000	142.600000	-1.246900	7.522300	1
57.358000	142.660000	0.126570	7.522200	1
57.329000	142.720000	1.520100	7.522000	1
57.300000	142.780000	-1.580200	7.522200	1
57.271000	142.840000	-2.276900	7.522000	1
57.242000	142.900000	-0.887610	7.522000	1
57.213000	142.960000	-1.917900	7.522000	1
57.184000	143.020000	-0.888080	7.521900	1
57.154000	143.090000	-0.894460	7.522000	1
57.125000	143.150000	-2.608600	7.521900	1
57.096000	143.210000	-1.228700	7.521900	1
57.067000	143.270000	-2.268900	7.521900	1
57.037000	143.330000	-3.299300	7.521900	1
57.008000	143.390000	-4.329600	7.522000	1
56.979000	143.450000	-5.360000	7.521900	1
56.949000	143.510000	-4.003800	7.521900	1
56.920000	143.570000	1.162800	7.522000	1
56.890000	143.630000	1.502400	7.521700	1
56.861000	143.690000	6.339900	7.521900	1
56.831000	143.750000	2.899700	7.522100	1
56.802000	143.810000	8.749400	7.521800	1
56.772000	143.860000	2.896300	7.522000	1
57.825000	141.790000	0.998820	8.276100	1
57.797000	141.850000	-0.052682	8.276200	1
57.768000	141.910000	2.349500	8.275900	1
57.739000	141.970000	-0.050209	8.276100	1
57.711000	142.040000	-2.794500	8.276100	1
57.682000	142.100000	2.023100	8.275900	1
57.653000	142.160000	-1.421000	8.276100	1
57.625000	142.220000	-4.515400	8.275900	1
57.596000	142.290000	-4.862000	8.275800	1
57.567000	142.350000	-4.858300	8.276000	1
57.538000	142.410000	-2.459600	8.275600	1
57.509000	142.470000	-1.779700	8.275800	1
57.480000	142.530000	3.737800	8.275700	1
57.451000	142.590000	-1.082600	8.275600	1
57.422000	142.660000	-3.826800	8.275700	1
57.393000	142.720000	-2.106900	8.275600	1
57.364000	142.780000	-1.077200	8.275400	1
57.335000	142.840000	-0.729760	8.275600	1
57.306000	142.900000	2.706300	8.275400	1
57.277000	142.960000	-2.104800	8.275400	1
57.248000	143.020000	-1.414900	8.275400	1
57.219000	143.080000	-1.075200	8.275300	1
57.190000	143.140000	0.304810	8.275400	1
57.160000	143.200000	-0.045480	8.275300	1
57.131000	143.260000	-1.429500	8.275300	1
57.102000	143.320000	-1.075900	8.275300	1
57.072000	143.380000	-2.796300	8.275300	1
57.043000	143.440000	-4.176600	8.275400	1
57.013000	143.500000	-4.183200	8.275300	1
56.984000	143.560000	-3.489500	8.275300	1
56.955000	143.620000	0.643200	8.275400	1
56.925000	143.680000	2.712900	8.275100	1
56.895000	143.740000	2.349000	8.275300	1
56.866000	143.800000	-0.727490	8.275400	1
56.836000	143.860000	0.642240	8.275100	1
56.807000	143.920000	-1.089200	8.275400	1
56.777000	143.980000	-0.736190	8.275200	1
56.747000	144.040000	-0.736420	8.275200	1
56.718000	144.100000	-1.415300	8.275400	1
56.688000	144.160000	-0.059262	8.275000	1
56.658000	144.220000	4.417000	8.275100	1
56.628000	144.280000	7.860800	8.275300	1
57.890000	141.780000	-1.463300	9.034900	1
57.861000	141.840000	2.322900	9.035000	1
57.833000	141.910000	-0.059858	9.035100	1
57.804000	141.970000	-1.096600	9.034800	1
57.775000	142.030000	0.963390	9.035000	1
57.747000	142.090000	-5.221300	9.035000	1
57.718000	142.160000	-3.136900	9.034800	1
57.689000	142.220000	-2.492000	9.035000	1
57.660000	142.280000	-0.398380	9.034800	1
57.632000	142.340000	-2.811300	9.034700	1
57.603000	142.410000	-3.477700	9.034900	1
57.574000	142.470000	-5.569900	9.034500	1
57.545000	142.530000	-0.059179	9.034700	1
57.516000	142.590000	-1.113300	9.034600	1
57.487000	142.650000	4.736800	9.034600	1
57.458000	142.710000	4.064100	9.034600	1
57.429000	142.770000	-0.378860	9.034500	1
57.400000	142.840000	-1.440500	9.034300	1
57.371000	142.900000	1.632000	9.034500	1
57.342000	142.960000	0.251590	9.034300	1
57.313000	143.020000	-0.428660	9.034300	1
57.283000	143.080000	-1.447700	9.034200	1
57.254000	143.140000	-1.438500	9.034200	1
57.225000	143.200000	-1.112400	9.034300	1
57.196000	143.260000	-2.492800	9.034200	1
57.166000	143.320000	-0.772780	9.034200	1
57.137000	143.380000	-3.183200	9.034200	1
57.108000	143.440000	-2.497100	9.034100	1
57.078000	143.500000	-2.833600	9.034300	1
57.049000	143.560000	-3.183900	9.034200	1
57.019000	143.620000	-2.143900	9.034200	1
56.990000	143.680000	-3.188000	9.034300	1
56.960000	143.740000	-1.464400	9.034000	1
56.931000	143.800000	0.255640	9.034200	1
56.901000	143.860000	-0.422070	9.034300	1
56.871000	143.920000	-2.146300	9.034000	1
56.842000	143.980000	-1.802600	9.034300	1
56.812000	144.040000	-3.525600	9.034100	1
56.782000	144.100000	-4.213400	9.034000	1
56.752000	144.160000	-0.748490	9.034300	1
56.723000	144.220000	-2.496500	9.033900	1
56.693000	144.280000	0.609880	9.034000	1
56.663000	144.340000	1.637400	9.034200	1
56.633000	144.390000	3.703400	9.033900	1
57.897000	141.900000	-2.746700	9.789300	1
57.868000	141.960000	-0.676740	9.789500	1
57.840000	142.030000	-0.329570	9.789100	1
57.811000	142.090000	-0.675970	9.789400	1
57.782000	142.150000	-5.493100	9.789300	1
57.754000	142.210000	-2.746600	9.789100	1
57.725000	142.280000	-3.777000	9.789300	1
57.696000	142.340000	-3.077900	9.789100	1
57.667000	142.400000	-4.108400	9.789000	1
57.638000	142.460000	-5.156100	9.789200	1
57.609000	142.530000	-2.052200	9.788800	1
57.581000	142.590000	0.015399	9.789000	1
57.552000	142.650000	-3.082700	9.788900	1
57.523000	142.710000	-4.467000	9.788900	1
57.494000	142.770000	-2.050600	9.788900	1
57.464000	142.830000	-0.670690	9.788800	1
57.435000	142.890000	1.390500	9.788600	1
57.406000	142.960000	-4.110200	9.788900	1
57.377000	143.020000	-0.333890	9.788600	1
57.348000	143.080000	-3.084300	9.788600	1
57.319000	143.140000	-4.114700	9.788500	1
57.289000	143.200000	-2.741000	9.788500	1
57.260000	143.260000	-0.337120	9.788600	1
57.231000	143.320000	-1.701300	9.788500	1
57.201000	143.380000	-1.698300	9.788600	1
57.172000	143.440000	-1.025900	9.788500	1
57.143000	143.500000	-3.432700	9.788400	1
57.113000	143.560000	-3.432800	9.788600	1
57.084000	143.620000	-4.467000	9.788500	1
57.054000	143.680000	-2.053100	9.788500	1
57.025000	143.740000	-2.747100	9.788600	1
56.995000	143.800000	-2.747500	9.788300	1
56.965000	143.860000	-2.747600	9.788500	1
56.936000	143.920000	-3.770300	9.788600	1
56.906000	143.980000	0.696020	9.788300	1
56.876000	144.040000	-2.744300	9.788600	1
56.847000	144.100000	-4.464900	9.788400	1
56.817000	144.160000	-4.118800	9.788300	1
56.787000	144.220000	-4.112600	9.788600	1
56.757000	144.280000	-3.769600	9.788200	1
56.727000	144.340000	-3.435900	9.788300	1
56.698000	144.390000	0.698200	9.788500	1
56.668000	144.450000	3.800500	9.788200	1
57.990000	141.830000	-4.565100	10.547000	1
57.962000	141.900000	-0.097373	10.547000	1
57.933000	141.960000	-1.790200	10.547000	1
57.904000	142.020000	-4.200800	10.547000	1
57.876000	142.090000	-4.925100	10.547000	1
57.847000	142.150000	-4.235100	10.547000	1
57.818000	142.210000	-3.198900	10.547000	1
57.790000	142.270000	-2.827800	10.547000	1
57.761000	142.340000	-4.235700	10.547000	1
57.732000	142.400000	-4.202200	10.547000	1
57.703000	142.460000	-4.202500	10.547000	1
57.674000	142.520000	-4.892700	10.547000	1
57.645000	142.580000	-4.539900	10.547000	1
57.616000	142.650000	-5.264000	10.547000	1
57.587000	142.710000	-0.791090	10.547000	1
57.558000	142.770000	1.282600	10.547000	1
57.529000	142.830000	-0.787730	10.547000	1
57.500000	142.890000	-2.164400	10.547000	1
57.471000	142.950000	-2.848500	10.546000	1
57.442000	143.010000	4.031800	10.547000	1
57.413000	143.080000	3.685300	10.546000	1
57.383000	143.140000	-0.102640	10.546000	1
57.354000	143.200000	0.584740	10.546000	1
57.325000	143.260000	2.654600	10.546000	1
57.296000	143.320000	0.958160	10.546000	1
57.266000	143.380000	-2.856200	10.546000	1
57.237000	143.440000	-2.513900	10.546000	1
57.207000	143.500000	-2.132800	10.546000	1
57.178000	143.560000	-3.883800	10.546000	1
57.149000	143.620000	-4.571600	10.546000	1
57.119000	143.680000	-3.878000	10.546000	1
57.089000	143.740000	-3.878100	10.546000	1
57.060000	143.800000	-2.505600	10.546000	1
57.030000	143.860000	0.959430	10.546000	1
57.001000	143.920000	-1.790900	10.546000	1
56.971000	143.980000	-2.512500	10.546000	1
56.941000	144.040000	-5.951000	10.546000	1
56.912000	144.100000	-4.233100	10.546000	1
56.882000	144.160000	-4.567300	10.546000	1
56.852000	144.220000	-4.923800	10.546000	1
56.822000	144.280000	-4.917600	10.546000	1
56.792000	144.340000	-4.230200	10.546000	1
56.762000	144.390000	-3.880300	10.546000	1
56.733000	144.450000	0.250140	10.546000	1
56.703000	144.510000	5.409600	10.546000	1
58.026000	141.890000	-5.486200	11.300000	1
57.998000	141.960000	-3.422300	11.300000	1
57.969000	142.020000	-3.416300	11.300000	1
57.940000	142.080000	-4.810500	11.300000	1
57.912000	142.150000	-4.113200	11.300000	1
57.883000	142.210000	-4.113300	11.300000	1
57.854000	142.270000	-5.143900	11.300000	1
57.826000	142.330000	-1.703400	11.300000	1
57.797000	142.400000	-4.464100	11.300000	1
57.768000	142.460000	-5.144500	11.299000	1
57.739000	142.520000	-4.458300	11.299000	1
57.710000	142.580000	-4.798500	11.300000	1
57.681000	142.640000	-5.829300	11.299000	1
57.652000	142.710000	-5.495500	11.299000	1
57.623000	142.770000	-4.473000	11.299000	1
57.594000	142.830000	-2.063500	11.299000	1
57.565000	142.890000	-2.059900	11.299000	1
57.536000	142.950000	1.730200	11.299000	1
57.507000	143.010000	-0.666510	11.299000	1
57.477000	143.070000	-3.780800	11.299000	1
57.448000	143.130000	-3.431200	11.299000	1
57.419000	143.200000	-3.767500	11.299000	1
57.390000	143.260000	-3.767800	11.299000	1
57.360000	143.320000	-4.458100	11.299000	1
57.331000	143.380000	-4.812200	11.299000	1
57.302000	143.440000	-4.122300	11.299000	1
57.272000	143.500000	-3.078400	11.299000	1
57.243000	143.560000	-2.752400	11.299000	1
57.213000	143.620000	-3.078900	11.299000	1
57.184000	143.680000	-4.122900	11.299000	1
57.154000	143.740000	-4.127100	11.299000	1
57.125000	143.800000	-5.150500	11.299000	1
57.095000	143.860000	-5.136800	11.299000	1
57.065000	143.920000	-4.811000	11.299000	1
57.036000	143.980000	-5.151100	11.299000	1
57.006000	144.040000	-2.743200	11.299000	1
56.976000	144.100000	-2.064700	11.299000	1
56.947000	144.160000	-2.047200	11.299000	1
56.917000	144.220000	-3.773900	11.299000	1
56.887000	144.280000	-2.409000	11.299000	1
56.857000	144.340000	-1.711400	11.299000	1
56.827000	144.390000	-4.472300	11.299000	1
56.797000	144.450000	-4.108500	11.299000	1
56.767000	144.510000	-2.738300	11.299000	1
56.737000	144.570000	2.410700	11.299000	1
58.091000	141.890000	-5.935700	12.055000	1
58.063000	141.950000	-2.162500	12.055000	1
58.034000	142.020000	0.937390	12.055000	1
58.005000	142.080000	-4.893000	12.055000	1
57.977000	142.140000	-3.869300	12.055000	1
57.948000	142.200000	-5.937700	12.055000	1
57.919000	142.270000	-7.676200	12.055000	1
57.890000	142.330000	-5.601800	12.055000	1
57.862000	142.390000	-5.584500	12.055000	1
57.833000	142.450000	-5.248400	12.055000	1
57.804000	142.520000	-4.218300	12.055000	1
57.775000	142.580000	-4.912500	12.054000	1
57.746000	142.640000	-3.882400	12.055000	1
57.717000	142.700000	-5.935700	12.054000	1
57.688000	142.760000	-4.895500	12.054000	1
57.659000	142.830000	-4.913400	12.054000	1
57.630000	142.890000	-4.233400	12.054000	1
57.601000	142.950000	-4.219800	12.054000	1
57.572000	143.010000	-3.529900	12.054000	1
57.542000	143.070000	-2.853900	12.054000	1
57.513000	143.130000	-3.881100	12.054000	1
57.484000	143.190000	-4.569100	12.054000	1
57.455000	143.260000	-4.231600	12.054000	1
57.425000	143.320000	-3.541700	12.054000	1
57.396000	143.380000	-4.915900	12.054000	1
57.367000	143.440000	-4.572300	12.054000	1
57.337000	143.500000	-4.898800	12.054000	1
57.308000	143.560000	-4.232500	12.054000	1
57.278000	143.620000	-5.266800	12.054000	1
57.249000	143.680000	-3.542900	12.054000	1
57.219000	143.740000	-4.913300	12.054000	1
57.190000	143.800000	-6.291600	12.054000	1
57.160000	143.860000	-6.984500	12.054000	1
57.130000	143.920000	-6.298100	12.054000	1
57.101000	143.980000	-5.604500	12.054000	1
57.071000	144.040000	-5.602200	12.054000	1
57.041000	144.100000	-5.265100	12.054000	1
57.012000	144.160000	-5.601800	12.054000	1
56.982000	144.220000	-6.292000	12.054000	1
56.952000	144.280000	-5.956000	12.054000	1
56.922000	144.340000	-5.963700	12.054000	1
56.892000	144.400000	-5.266000	12.054000	1
56.862000	144.450000	-4.912500	12.054000	1
56.832000	144.510000	-3.879800	12.054000	1
56.802000	144.570000	-0.445460	12.054000	1
56.772000	144.630000	-0.781850	12.054000	1
58.185000	141.820000	-7.623000	12.816000	1
58.157000	141.890000	-7.279300	12.816000	1
58.128000	141.950000	-5.561200	12.816000	1
58.099000	142.010000	-5.212600	12.816000	1
58.071000	142.080000	-4.869000	12.815000	1
58.042000	142.140000	-6.933800	12.815000	1
58.013000	142.200000	-7.624400	12.815000	1
57.985000	142.270000	-6.594200	12.815000	1
57.956000	142.330000	-6.590700	12.815000	1
57.927000	142.390000	-7.617500	12.815000	1
57.898000	142.450000	-6.248000	12.815000	1
57.869000	142.520000	-6.591900	12.815000	1
57.840000	142.580000	-5.895800	12.815000	1
57.811000	142.640000	-3.485200	12.815000	1
57.782000	142.700000	-5.206000	12.815000	1
57.753000	142.760000	-4.868400	12.815000	1
57.724000	142.830000	-5.562600	12.815000	1
57.695000	142.890000	-5.209000	12.815000	1
57.666000	142.950000	-4.182700	12.815000	1
57.637000	143.010000	-3.146500	12.815000	1
57.608000	143.070000	-3.486800	12.815000	1
57.579000	143.130000	-3.153100	12.815000	1
57.549000	143.190000	-4.519800	12.815000	1
57.520000	143.260000	-4.867800	12.815000	1
57.491000	143.320000	-4.177800	12.815000	1
57.461000	143.380000	-4.535700	12.814000	1
57.432000	143.440000	-5.572400	12.814000	1
57.403000	143.500000	-3.835100	12.815000	1
57.373000	143.560000	-4.515500	12.814000	1
57.344000	143.620000	-4.181900	12.815000	1
57.314000	143.680000	-5.206100	12.814000	1
57.285000	143.740000	-3.503400	12.814000	1
57.255000	143.800000	-5.902900	12.815000	1
57.225000	143.860000	-5.897100	12.814000	1
57.196000	143.920000	-5.206900	12.814000	1
57.166000	143.980000	-5.557200	12.815000	1
57.136000	144.040000	-6.588000	12.814000	1
57.107000	144.100000	-6.247800	12.814000	1
57.077000	144.160000	-6.254200	12.815000	1
57.047000	144.220000	-5.221700	12.814000	1
57.017000	144.280000	-4.191500	12.815000	1
56.987000	144.340000	-2.135100	12.814000	1
56.958000	144.400000	-5.912500	12.814000	1
56.928000	144.460000	-6.599600	12.814000	1
56.898000	144.520000	-5.219400	12.814000	1
56.868000	144.570000	-4.879200	12.814000	1
56.838000	144.630000	-1.430800	12.814000	1
58.194000	141.950000	-7.051800	13.574000	1
58.165000	142.010000	-5.332600	13.574000	1
58.136000	142.070000	-6.359400	13.574000	1
58.108000	142.140000	-6.019600	13.574000	1
58.079000	142.200000	-5.673400	13.574000	1
58.050000	142.260000	-8.081000	13.574000	1
58.021000	142.330000	-7.744900	13.574000	1
57.992000	142.390000	-8.081600	13.574000	1
57.964000	142.450000	-8.085400	13.574000	1
57.935000	142.510000	-5.674700	13.574000	1
57.906000	142.580000	-4.640600	13.574000	1
57.877000	142.640000	-4.644600	13.574000	1
57.848000	142.700000	-4.298400	13.574000	1
57.819000	142.760000	-4.648700	13.574000	1
57.790000	142.820000	-5.343000	13.574000	1
57.761000	142.890000	-4.989300	13.574000	1
57.732000	142.950000	-4.646500	13.574000	1
57.702000	143.010000	-5.675700	13.574000	1
57.673000	143.070000	-5.333100	13.574000	1
57.644000	143.130000	-2.576500	13.574000	1
57.615000	143.190000	-2.576800	13.573000	1
57.585000	143.260000	-4.983700	13.574000	1
57.556000	143.320000	-5.674200	13.573000	1
57.527000	143.380000	-4.647800	13.573000	1
57.497000	143.440000	-4.648100	13.573000	1
57.468000	143.500000	-5.338600	13.573000	1
57.439000	143.560000	-4.294500	13.573000	1
57.409000	143.620000	-6.036800	13.573000	1
57.380000	143.680000	-5.682900	13.573000	1
57.350000	143.740000	-5.679400	13.573000	1
57.320000	143.800000	-6.377500	13.573000	1
57.291000	143.860000	-5.676000	13.573000	1
57.261000	143.920000	-6.034400	13.573000	1
57.232000	143.980000	-5.684500	13.573000	1
57.202000	144.040000	-6.030900	13.573000	1
57.172000	144.100000	-6.367700	13.573000	1
57.142000	144.160000	-6.367800	13.573000	1
57.113000	144.220000	-7.065900	13.573000	1
57.083000	144.280000	-6.372200	13.573000	1
57.053000	144.340000	-7.062400	13.573000	1
57.023000	144.400000	-3.961600	13.573000	1
56.993000	144.460000	-4.984600	13.573000	1
56.963000	144.520000	-6.368800	13.573000	1
56.933000	144.580000	-5.686300	13.573000	1
56.903000	144.640000	-3.961900	13.573000	1
56.873000	144.690000	1.892800	13.573000	1
58.173000	142.130000	-8.355900	14.327000	1
58.144000	142.200000	-9.732200	14.326000	1
58.115000	142.260000	-8.326100	14.326000	1
58.087000	142.320000	-7.323100	14.326000	1
58.058000	142.390000	-8.667000	14.326000	1
58.029000	142.450000	-7.976400	14.326000	1
58.000000	142.510000	-7.302500	14.326000	1
57.971000	142.570000	-6.283600	14.326000	1
57.942000	142.640000	-5.589500	14.326000	1
57.913000	142.700000	-5.239700	14.326000	1
57.884000	142.760000	-5.226100	14.326000	1
57.855000	142.820000	-3.519400	14.326000	1
57.826000	142.890000	-4.550000	14.326000	1
57.797000	142.950000	-3.533700	14.326000	1
57.768000	143.010000	-4.210500	14.326000	1
57.739000	143.070000	-4.887000	14.326000	1
57.709000	143.130000	-4.914800	14.326000	1
57.680000	143.190000	-4.551100	14.326000	1
57.651000	143.250000	-4.225800	14.326000	1
57.622000	143.320000	-5.238600	14.326000	1
57.592000	143.380000	-4.898800	14.325000	1
57.563000	143.440000	-5.589200	14.325000	1
57.533000	143.500000	-5.253000	14.325000	1
57.504000	143.560000	-4.899400	14.325000	1
57.474000	143.620000	-5.916100	14.325000	1
57.445000	143.680000	-5.590100	14.325000	1
57.415000	143.740000	-5.930400	14.325000	1
57.386000	143.800000	-5.604200	14.325000	1
57.356000	143.860000	-5.604400	14.325000	1
57.327000	143.920000	-6.607500	14.325000	1
57.297000	143.980000	-6.639000	14.325000	1
57.267000	144.040000	-6.271500	14.325000	1
57.238000	144.100000	-4.901100	14.325000	1
57.208000	144.160000	-5.949300	14.325000	1
57.178000	144.220000	-5.946200	14.325000	1
57.148000	144.280000	-7.330700	14.325000	1
57.118000	144.340000	-5.942800	14.325000	1
57.088000	144.400000	-6.981000	14.325000	1
57.059000	144.460000	-5.610600	14.325000	1
57.029000	144.520000	-5.929500	14.325000	1
56.999000	144.580000	-6.977400	14.325000	1
56.969000	144.640000	-5.929500	14.325000	1
56.939000	144.700000	-4.916700	14.325000	1
56.909000	144.760000	-2.507200	14.325000	1
56.878000	144.810000	0.236800	14.325000	1
58.210000	142.200000	-6.745200	15.088000	1
58.181000	142.260000	-9.859100	15.088000	1
58.153000	142.320000	-9.168700	15.088000	1
58.124000	142.390000	-9.871300	15.088000	1
58.095000	142.450000	-9.186800	15.088000	1
58.066000	142.510000	-9.525900	15.088000	1
58.037000	142.570000	-6.757900	15.088000	1
58.008000	142.640000	-5.745200	15.088000	1
57.979000	142.700000	-5.405200	15.088000	1
57.950000	142.760000	-6.065100	15.088000	1
57.921000	142.820000	-4.694900	15.088000	1
57.892000	142.890000	-3.661000	15.088000	1
57.863000	142.950000	-5.049100	15.087000	1
57.834000	143.010000	-5.397000	15.087000	1
57.805000	143.070000	-4.678200	15.087000	1
57.775000	143.130000	-5.036000	15.087000	1
57.746000	143.190000	-4.696100	15.087000	1
57.717000	143.260000	-4.710200	15.087000	1
57.688000	143.320000	-5.036600	15.087000	1
57.658000	143.380000	-5.386900	15.087000	1
57.629000	143.440000	-4.710700	15.087000	1
57.599000	143.500000	-6.081400	15.087000	1
57.570000	143.560000	-5.387700	15.087000	1
57.540000	143.620000	-6.418200	15.087000	1
57.511000	143.680000	-5.405500	15.087000	1
57.481000	143.740000	-6.433000	15.087000	1
57.452000	143.800000	-6.427100	15.087000	1
57.422000	143.860000	-7.106200	15.087000	1
57.393000	143.930000	-7.120400	15.087000	1
57.363000	143.990000	-6.079900	15.087000	1
57.333000	144.050000	-7.447200	15.087000	1
57.304000	144.110000	-5.726300	15.087000	1
57.274000	144.170000	-5.741500	15.087000	1
57.244000	144.230000	-5.400100	15.087000	1
57.214000	144.290000	-6.772300	15.087000	1
57.184000	144.340000	-6.084600	15.087000	1
57.154000	144.400000	-6.773000	15.087000	1
57.125000	144.460000	-6.081300	15.087000	1
57.095000	144.520000	-5.742500	15.087000	1
57.065000	144.580000	-5.054800	15.087000	1
57.035000	144.640000	-5.741300	15.087000	1
57.005000	144.700000	-6.078300	15.086000	1
56.975000	144.760000	-5.398000	15.087000	1
56.944000	144.820000	-5.399300	15.087000	1
56.914000	144.880000	-4.358800	15.086000	1
56.884000	144.940000	-0.921830	15.087000	1
58.247000	142.260000	-6.480000	15.845000	1
58.219000	142.320000	-9.936700	15.844000	1
58.190000	142.390000	-9.923400	15.844000	1
58.161000	142.450000	-8.906300	15.844000	1
58.132000	142.510000	-9.583600	15.844000	1
58.103000	142.570000	-7.185300	15.844000	1
58.074000	142.640000	-7.172000	15.844000	1
58.045000	142.700000	-6.499300	15.844000	1
58.016000	142.760000	-5.128700	15.844000	1
57.987000	142.820000	-5.125200	15.844000	1
57.958000	142.890000	-5.791800	15.844000	1
57.929000	142.950000	-4.439000	15.844000	1
57.900000	143.010000	-5.108200	15.844000	1
57.871000	143.070000	-2.701400	15.844000	1
57.841000	143.130000	-3.731900	15.844000	1
57.812000	143.200000	-3.732100	15.844000	1
57.783000	143.260000	-4.759000	15.844000	1
57.754000	143.320000	-6.140400	15.844000	1
57.724000	143.380000	-5.110300	15.844000	1
57.695000	143.440000	-4.070100	15.844000	1
57.665000	143.500000	-2.717400	15.843000	1
57.636000	143.560000	-3.747800	15.844000	1
57.606000	143.620000	-6.141600	15.843000	1
57.577000	143.680000	-6.493000	15.843000	1
57.547000	143.750000	-6.478300	15.844000	1
57.518000	143.810000	-5.805500	15.843000	1
57.488000	143.870000	-7.188000	15.843000	1
57.459000	143.930000	-6.843900	15.843000	1
57.429000	143.990000	-6.498000	15.843000	1
57.399000	144.050000	-7.528300	15.844000	1
57.370000	144.110000	-6.494400	15.843000	1
57.340000	144.170000	-5.808000	15.843000	1
57.310000	144.230000	-6.491500	15.843000	1
57.280000	144.290000	-5.461200	15.843000	1
57.250000	144.350000	-5.804000	15.843000	1
57.220000	144.410000	-6.495900	15.843000	1
57.191000	144.470000	-6.848800	15.843000	1
57.161000	144.530000	-7.894300	15.843000	1
57.131000	144.590000	-7.182900	15.843000	1
57.101000	144.650000	-6.496000	15.843000	1
57.071000	144.700000	-6.154800	15.843000	1
57.040000	144.760000	-6.492500	15.843000	1
57.010000	144.820000	-4.775500	15.843000	1
56.980000	144.880000	-4.431500	15.843000	1
56.950000	144.940000	-5.121900	15.843000	1
56.920000	145.000000	-5.465700	15.843000	1
56.890000	145.060000	-2.000800	15.843000	1
58.313000	142.260000	-4.129200	16.599000	1
58.285000	142.320000	-11.737000	16.599000	1
58.256000	142.380000	-12.736000	16.598000	1
58.227000	142.450000	-12.047000	16.599000	1
58.198000	142.510000	-13.080000	16.599000	1
58.169000	142.570000	-10.325000	16.598000	1
58.140000	142.640000	-8.953600	16.599000	1
58.111000	142.700000	-6.871100	16.598000	1
58.082000	142.760000	-5.841300	16.598000	1
58.053000	142.820000	-6.193000	16.598000	1
58.024000	142.890000	-5.155100	16.598000	1
57.995000	142.950000	-5.155400	16.598000	1
57.966000	143.010000	-5.155500	16.598000	1
57.937000	143.070000	-4.461700	16.598000	1
57.907000	143.130000	-4.465500	16.598000	1
57.878000	143.200000	-5.499900	16.598000	1
57.849000	143.260000	-4.462300	16.598000	1
57.820000	143.320000	-4.466100	16.598000	1
57.790000	143.380000	-6.194600	16.598000	1
57.761000	143.440000	-5.497100	16.598000	1
57.731000	143.500000	-3.797800	16.598000	1
57.702000	143.560000	-3.784400	16.598000	1
57.673000	143.630000	-4.130800	16.598000	1
57.643000	143.690000	-4.825200	16.597000	1
57.613000	143.750000	-5.162200	16.598000	1
57.584000	143.810000	-5.848900	16.598000	1
57.554000	143.870000	-6.539800	16.597000	1
57.525000	143.930000	-7.574200	16.598000	1
57.495000	143.990000	-6.543700	16.598000	1
57.465000	144.050000	-7.220300	16.597000	1
57.436000	144.110000	-6.897600	16.598000	1
57.406000	144.170000	-6.884700	16.597000	1
57.376000	144.230000	-7.571300	16.598000	1
57.346000	144.290000	-7.575300	16.598000	1
57.316000	144.350000	-6.558600	16.597000	1
57.287000	144.410000	-4.130100	16.597000	1
57.257000	144.470000	-6.558900	16.598000	1
57.227000	144.530000	-5.501000	16.597000	1
57.197000	144.590000	-6.545200	16.598000	1
57.167000	144.650000	-7.221900	16.597000	1
57.137000	144.710000	-6.188200	16.597000	1
57.107000	144.770000	-6.878700	16.598000	1
57.076000	144.830000	-7.222600	16.597000	1
57.046000	144.890000	-5.528900	16.597000	1
57.016000	144.940000	-4.144700	16.597000	1
56.986000	145.000000	-4.127300	16.597000	1
56.956000	145.060000	-5.515300	16.597000	1
56.926000	145.120000	-4.128300	16.597000	1
56.895000	145.180000	-3.087900	16.597000	1
58.351000	142.320000	-11.146000	17.363000	1
58.323000	142.390000	-12.535000	17.364000	1
58.294000	142.450000	-10.118000	17.363000	1
58.265000	142.510000	-11.151000	17.363000	1
58.236000	142.570000	-10.119000	17.363000	1
58.207000	142.640000	-7.702600	17.363000	1
58.178000	142.700000	-6.335500	17.363000	1
58.149000	142.760000	-5.639100	17.363000	1
58.120000	142.830000	-6.336000	17.363000	1
58.091000	142.890000	-4.632800	17.363000	1
58.062000	142.950000	-5.317200	17.363000	1
58.033000	143.010000	-3.596600	17.363000	1
58.004000	143.070000	-3.919300	17.363000	1
57.974000	143.140000	-5.640400	17.363000	1
57.945000	143.200000	-6.330800	17.363000	1
57.916000	143.260000	-5.296700	17.363000	1
57.886000	143.320000	-4.610400	17.363000	1
57.857000	143.380000	-5.290800	17.363000	1
57.828000	143.450000	-5.981400	17.363000	1
57.798000	143.510000	-6.009800	17.363000	1
57.769000	143.570000	-4.631800	17.363000	1
57.739000	143.630000	-5.288600	17.362000	1
57.710000	143.690000	-4.948700	17.363000	1
57.680000	143.750000	-4.980100	17.362000	1
57.651000	143.810000	-6.014500	17.362000	1
57.621000	143.870000	-5.320800	17.362000	1
57.592000	143.930000	-6.361400	17.362000	1
57.562000	143.990000	-6.354200	17.362000	1
57.532000	144.050000	-7.732700	17.362000	1
57.502000	144.120000	-5.986800	17.362000	1
57.473000	144.180000	-8.052300	17.362000	1
57.443000	144.240000	-7.393000	17.362000	1
57.413000	144.300000	-7.733400	17.362000	1
57.383000	144.360000	-7.733700	17.362000	1
57.353000	144.420000	-5.322200	17.362000	1
57.323000	144.480000	-6.363500	17.362000	1
57.294000	144.530000	-7.390500	17.362000	1
57.264000	144.590000	-7.699900	17.362000	1
57.234000	144.650000	-7.359400	17.362000	1
57.203000	144.710000	-6.359800	17.362000	1
57.173000	144.770000	-7.394400	17.362000	1
57.143000	144.830000	-8.081000	17.362000	1
57.113000	144.890000	-6.696500	17.362000	1
57.083000	144.950000	-6.352400	17.362000	1
57.053000	145.010000	-6.005900	17.362000	1
57.023000	145.070000	-5.670600	17.362000	1
56.992000	145.130000	-5.681900	17.362000	1
56.962000	145.180000	-5.006200	17.362000	1
56.932000	145.240000	-1.917800	17.362000	1
58.390000	142.390000	-11.217000	18.124000	1
58.361000	142.450000	-8.456200	18.124000	1
58.332000	142.510000	-10.863000	18.124000	1
58.303000	142.580000	-9.834600	18.124000	1
58.274000	142.640000	-6.750400	18.124000	1
58.245000	142.700000	-8.114300	18.124000	1
58.216000	142.760000	-9.499700	18.124000	1
58.187000	142.830000	-7.076700	18.123000	1
58.158000	142.890000	-7.439100	18.123000	1
58.129000	142.950000	-6.046100	18.124000	1
58.100000	143.010000	-5.013300	18.123000	1
58.070000	143.080000	-4.673300	18.123000	1
58.041000	143.140000	-6.057900	18.123000	1
58.012000	143.200000	-6.055000	18.123000	1
57.983000	143.260000	-6.066400	18.123000	1
57.953000	143.330000	-5.361400	18.123000	1
57.924000	143.390000	-5.361500	18.123000	1
57.895000	143.450000	-6.392400	18.123000	1
57.865000	143.510000	-5.365700	18.123000	1
57.836000	143.570000	-6.052700	18.123000	1
57.806000	143.630000	-5.004800	18.123000	1
57.777000	143.690000	-4.676000	18.123000	1
57.747000	143.760000	-5.706400	18.123000	1
57.718000	143.820000	-5.707000	18.123000	1
57.688000	143.880000	-5.703300	18.123000	1
57.658000	143.940000	-7.428400	18.123000	1
57.629000	144.000000	-6.734600	18.122000	1
57.599000	144.060000	-6.740800	18.123000	1
57.569000	144.120000	-7.428900	18.123000	1
57.540000	144.180000	-6.055100	18.122000	1
57.510000	144.240000	-7.426100	18.123000	1
57.480000	144.300000	-7.772800	18.122000	1
57.450000	144.360000	-8.117600	18.123000	1
57.420000	144.420000	-5.365300	18.123000	1
57.390000	144.480000	-4.346200	18.122000	1
57.360000	144.540000	-6.056100	18.123000	1
57.330000	144.600000	-4.675200	18.123000	1
57.300000	144.660000	-7.086500	18.122000	1
57.270000	144.720000	-6.750000	18.123000	1
57.240000	144.780000	-7.437900	18.122000	1
57.210000	144.840000	-6.750100	18.122000	1
57.180000	144.900000	-6.750200	18.123000	1
57.150000	144.960000	-7.427100	18.122000	1
57.120000	145.010000	-7.104100	18.122000	1
57.090000	145.070000	-5.376000	18.122000	1
57.059000	145.130000	-5.375900	18.122000	1
57.029000	145.190000	-6.455900	18.122000	1
56.999000	145.250000	-6.769700	18.122000	1