La	Lo	Sig	Theta	Ice
63.970000	149.540000	-4.258900	-18.186000	1
63.969000	149.640000	-4.574000	-18.186000	1
63.968000	149.740000	-3.564400	-18.186000	1
63.967000	149.840000	-3.546800	-18.186000	1
63.965000	149.940000	-3.886500	-18.186000	1
63.964000	150.040000	-5.592500	-18.186000	1
63.963000	150.140000	-5.985800	-18.186000	1
63.961000	150.240000	-4.279500	-18.186000	1
63.960000	150.340000	-4.271900	-18.186000	1
63.958000	150.440000	-5.992600	-18.186000	1
63.957000	150.540000	-4.572100	-18.186000	1
63.955000	150.640000	-5.265900	-18.186000	1
63.953000	150.740000	-6.618200	-18.186000	1
63.951000	150.840000	-4.575100	-18.186000	1
63.949000	150.940000	-4.238700	-18.186000	1
63.947000	151.040000	-2.854200	-18.186000	1
63.945000	151.140000	-3.540700	-18.186000	1
63.943000	151.230000	-2.503800	-18.186000	1
63.941000	151.330000	-4.234100	-18.186000	1
63.938000	151.430000	-6.295000	-18.186000	1
63.936000	151.530000	-4.230100	-18.186000	1
63.933000	151.630000	-6.649600	-18.186000	1
62.640000	166.900000	-2.487500	-18.185000	1
62.626000	166.990000	-2.151100	-18.185000	1
62.612000	167.080000	-2.151000	-18.185000	1
62.599000	167.170000	-1.460800	-18.185000	1
62.585000	167.260000	-4.221500	-18.185000	1
62.571000	167.350000	-4.217900	-18.185000	1
62.557000	167.440000	-4.890500	-18.186000	1
62.544000	167.540000	-4.554000	-18.185000	1
62.530000	167.630000	-3.860300	-18.185000	1
62.516000	167.720000	-4.213900	-18.186000	1
62.501000	167.810000	-4.550500	-18.185000	1
62.487000	167.890000	-4.911800	-18.185000	1
62.473000	167.980000	-4.554700	-18.185000	1
64.022000	149.440000	-5.120900	-17.428000	1
64.021000	149.540000	-6.157900	-17.428000	1
64.020000	149.640000	-5.120600	-17.428000	1
64.019000	149.740000	-2.728000	-17.428000	1
64.018000	149.840000	-2.384100	-17.428000	1
64.016000	149.940000	-4.795800	-17.428000	1
64.015000	150.040000	-3.764100	-17.428000	1
64.014000	150.140000	-5.115900	-17.428000	1
64.012000	150.240000	-4.795200	-17.428000	1
64.011000	150.340000	-5.805900	-17.428000	1
64.009000	150.440000	-4.099700	-17.428000	1
64.007000	150.540000	-5.461600	-17.428000	1
64.006000	150.640000	-6.843400	-17.428000	1
64.004000	150.740000	-6.499400	-17.428000	1
64.002000	150.840000	-3.744000	-17.428000	1
64.000000	150.940000	-5.114400	-17.428000	1
63.998000	151.040000	-4.430100	-17.428000	1
63.996000	151.140000	-5.475500	-17.428000	1
63.994000	151.240000	-4.777400	-17.428000	1
63.991000	151.340000	-4.072200	-17.428000	1
63.989000	151.440000	-4.762400	-17.428000	1
62.661000	167.120000	-2.009500	-17.427000	1
62.647000	167.210000	-1.319300	-17.428000	1
62.634000	167.300000	-1.648300	-17.427000	1
62.620000	167.390000	-3.054600	-17.427000	1
62.606000	167.480000	-2.009400	-17.428000	1
62.592000	167.570000	-4.427500	-17.428000	1
62.578000	167.660000	-4.070100	-17.427000	1
62.564000	167.750000	-4.760000	-17.428000	1
62.550000	167.840000	-5.096700	-17.427000	1
62.536000	167.930000	-5.450800	-17.427000	1
62.521000	168.020000	-7.171900	-17.427000	1
64.071000	149.640000	-5.103900	-16.665000	1
64.070000	149.740000	-4.069700	-16.665000	1
64.068000	149.840000	-4.043500	-16.665000	1
64.067000	149.940000	-4.408100	-16.665000	1
64.066000	150.050000	-5.092100	-16.665000	1
64.065000	150.150000	-4.751800	-16.665000	1
64.063000	150.250000	-6.480000	-16.666000	1
64.062000	150.350000	-3.338700	-16.665000	1
64.060000	150.450000	-4.046300	-16.665000	1
64.058000	150.550000	-5.080100	-16.666000	1
64.057000	150.650000	-6.460800	-16.665000	1
64.055000	150.750000	-5.091100	-16.665000	1
64.053000	150.850000	-3.351600	-16.665000	1
64.051000	150.950000	-6.110100	-16.665000	1
64.049000	151.050000	-4.041500	-16.665000	1
64.047000	151.150000	-4.027700	-16.665000	1
64.044000	151.250000	-6.438700	-16.665000	1
64.042000	151.350000	-5.071400	-16.665000	1
62.750000	166.880000	-2.966900	-16.665000	1
62.737000	166.970000	-2.627000	-16.665000	1
62.723000	167.060000	-2.304100	-16.665000	1
62.709000	167.150000	-3.319600	-16.665000	1
62.696000	167.240000	-2.300400	-16.665000	1
62.682000	167.330000	-2.980500	-16.665000	1
62.668000	167.420000	-1.610200	-16.664000	1
62.654000	167.510000	-4.024300	-16.665000	1
62.640000	167.600000	-4.006900	-16.665000	1
62.626000	167.690000	-4.714800	-16.665000	1
62.612000	167.780000	-3.670400	-16.665000	1
62.598000	167.870000	-5.054800	-16.665000	1
62.584000	167.960000	-6.085400	-16.665000	1
62.570000	168.050000	-5.395200	-16.665000	1
62.968000	165.720000	-3.578500	-15.907000	1
62.955000	165.810000	-3.592100	-15.907000	1
62.943000	165.900000	-2.888200	-15.907000	1
62.930000	165.990000	-3.592100	-15.907000	1
62.917000	166.090000	-2.544500	-15.907000	1
62.904000	166.180000	-3.596000	-15.907000	1
62.891000	166.270000	-2.888500	-15.907000	1
62.878000	166.360000	-1.858200	-15.907000	1
62.865000	166.450000	-2.888600	-15.906000	1
62.852000	166.540000	-3.578700	-15.907000	1
62.838000	166.640000	-2.548500	-15.906000	1
62.825000	166.730000	-3.221300	-15.906000	1
62.812000	166.820000	-3.224700	-15.907000	1
62.798000	166.910000	-2.888400	-15.906000	1
62.785000	167.000000	-2.548200	-15.906000	1
62.771000	167.090000	-2.888300	-15.907000	1
62.757000	167.180000	-2.194400	-15.906000	1
62.744000	167.270000	-1.871700	-15.907000	1
62.730000	167.360000	-0.488870	-15.907000	1
62.716000	167.460000	-2.561900	-15.906000	1
62.702000	167.550000	-2.559200	-15.907000	1
62.688000	167.640000	-2.884300	-15.907000	1
62.674000	167.730000	-2.544300	-15.906000	1
62.660000	167.820000	-3.928100	-15.907000	1
62.646000	167.910000	-4.257100	-15.906000	1
62.632000	168.000000	-5.287500	-15.907000	1
62.617000	168.090000	-5.295100	-15.907000	1
62.859000	166.850000	-2.867100	-15.150000	1
62.845000	166.940000	-3.564900	-15.150000	1
62.832000	167.030000	-2.190800	-15.150000	1
62.818000	167.120000	-1.826900	-15.150000	1
62.805000	167.220000	-2.190700	-15.150000	1
62.791000	167.310000	-2.176900	-15.150000	1
62.777000	167.400000	-1.833000	-15.150000	1
62.763000	167.490000	-2.190500	-15.150000	1
62.749000	167.580000	-1.840400	-15.150000	1
62.735000	167.670000	-2.530500	-15.150000	1
62.721000	167.760000	-3.564500	-15.150000	1
62.707000	167.850000	-2.537800	-15.151000	1
62.693000	167.940000	-4.944900	-15.150000	1
62.679000	168.030000	-4.608500	-15.150000	1
62.664000	168.120000	-6.325600	-15.150000	1
64.204000	150.760000	-5.562100	-14.397000	1
64.202000	150.860000	-4.853000	-14.397000	1
64.200000	150.960000	-6.200900	-14.397000	1
64.198000	151.060000	-6.562200	-14.397000	1
64.196000	151.160000	-5.524200	-14.396000	1
64.193000	151.260000	-7.592700	-14.397000	1
64.191000	151.360000	-7.266000	-14.397000	1
64.189000	151.460000	-6.572900	-14.397000	1
64.186000	151.560000	-6.203800	-14.397000	1
64.184000	151.670000	-5.188100	-14.396000	1
64.181000	151.770000	-5.526700	-14.397000	1
64.179000	151.870000	-5.526200	-14.397000	1
64.176000	151.970000	-4.835800	-14.396000	1
64.173000	152.070000	-5.869400	-14.397000	1
64.170000	152.170000	-4.488400	-14.397000	1
64.167000	152.270000	-5.520700	-14.396000	1
64.164000	152.370000	-4.837200	-14.397000	1
62.871000	167.460000	-1.324400	-13.638000	1
62.857000	167.560000	-0.999320	-13.638000	1
62.843000	167.650000	0.374810	-13.639000	1
62.829000	167.740000	-1.689100	-13.638000	1
62.815000	167.830000	-1.695300	-13.638000	1
62.800000	167.920000	-1.710200	-13.639000	1
62.786000	168.010000	-3.430600	-13.638000	1
62.772000	168.100000	-3.430700	-13.638000	1
62.758000	168.190000	-4.439700	-13.638000	1
63.000000	166.950000	-1.362000	-12.879000	1
62.986000	167.040000	-1.012000	-12.879000	1
62.972000	167.130000	-1.361900	-12.879000	1
62.959000	167.220000	-0.654250	-12.879000	1
62.945000	167.320000	0.018237	-12.879000	1
62.931000	167.410000	-1.358000	-12.879000	1
62.917000	167.500000	-1.355500	-12.879000	1
62.903000	167.590000	-1.699300	-12.879000	1
62.889000	167.680000	0.364970	-12.879000	1
62.875000	167.770000	-1.355200	-12.879000	1
62.861000	167.860000	-2.049000	-12.879000	1
62.847000	167.950000	-2.045100	-12.879000	1
62.833000	168.040000	-2.740400	-12.879000	1
62.818000	168.130000	-2.056500	-12.879000	1
62.804000	168.230000	-3.430600	-12.879000	1
64.367000	149.660000	-3.366100	-12.119000	1
64.366000	149.760000	-4.363800	-12.119000	1
64.365000	149.860000	-4.042700	-12.119000	1
64.363000	149.970000	-2.676100	-12.119000	1
64.362000	150.070000	-4.035200	-12.119000	1
64.361000	150.170000	-4.042700	-12.119000	1
64.359000	150.270000	-2.994900	-12.119000	1
64.358000	150.370000	-3.345100	-12.119000	1
64.356000	150.470000	-3.706400	-12.119000	1
64.354000	150.570000	-2.658600	-12.119000	1
64.353000	150.670000	-3.002400	-12.119000	1
64.351000	150.780000	-2.320900	-12.119000	1
64.349000	150.880000	-3.351200	-12.119000	1
64.347000	150.980000	-4.717700	-12.119000	1
64.345000	151.080000	-3.684700	-12.119000	1
64.343000	151.180000	-5.053700	-12.119000	1
64.340000	151.280000	-5.411200	-12.119000	1
64.338000	151.380000	-4.374500	-12.119000	1
63.033000	167.070000	-2.302300	-12.119000	1
63.019000	167.160000	-1.608400	-12.119000	1
63.005000	167.260000	-1.240700	-12.119000	1
62.991000	167.350000	-0.210610	-12.118000	1
62.978000	167.440000	-0.227940	-12.119000	1
62.964000	167.530000	-1.930600	-12.119000	1
62.950000	167.620000	-0.900430	-12.118000	1
62.936000	167.710000	-0.550050	-12.119000	1
62.922000	167.810000	-0.900020	-12.119000	1
62.907000	167.900000	-0.561210	-12.119000	1
62.893000	167.990000	-1.604900	-12.119000	1
62.879000	168.080000	-2.631500	-12.119000	1
62.865000	168.170000	-3.325400	-12.119000	1
62.850000	168.260000	-3.321700	-12.119000	1
64.401000	150.680000	-3.323400	-11.365000	1
64.399000	150.780000	-2.275600	-11.366000	1
64.397000	150.880000	-1.591800	-11.365000	1
64.395000	150.980000	-2.275500	-11.366000	1
64.393000	151.080000	-2.631700	-11.366000	1
64.391000	151.190000	-3.988000	-11.365000	1
64.388000	151.290000	-0.912530	-11.366000	1
64.386000	151.390000	-3.305200	-11.365000	1
64.384000	151.490000	-2.982600	-11.365000	1
64.381000	151.590000	-4.343800	-11.366000	1
63.092000	167.010000	-2.259600	-11.365000	1
63.078000	167.110000	-0.193220	-11.365000	1
63.065000	167.200000	-1.563200	-11.365000	1
63.051000	167.290000	-1.236900	-11.365000	1
63.037000	167.380000	0.150830	-11.365000	1
63.023000	167.470000	-1.222900	-11.365000	1
63.009000	167.560000	-0.872700	-11.365000	1
62.995000	167.660000	-0.872620	-11.365000	1
62.981000	167.750000	-0.192270	-11.365000	1
62.967000	167.840000	-0.872270	-11.365000	1
62.953000	167.930000	-0.545860	-11.365000	1
62.939000	168.020000	-1.239600	-11.365000	1
62.924000	168.110000	-1.929800	-11.365000	1
62.910000	168.200000	-3.983900	-11.365000	1
62.896000	168.290000	-3.293800	-11.365000	1
64.468000	149.160000	-2.256600	-10.605000	1
64.467000	149.260000	-2.599400	-10.605000	1
64.466000	149.360000	-2.949700	-10.605000	1
64.465000	149.460000	-3.983800	-10.605000	1
64.464000	149.570000	-4.324200	-10.604000	1
64.463000	149.670000	-3.630300	-10.605000	1
64.462000	149.770000	-0.536380	-10.605000	1
64.461000	149.870000	0.499790	-10.605000	1
64.460000	149.970000	-2.596900	-10.605000	1
64.458000	150.070000	-6.024100	-10.605000	1
64.457000	150.180000	-4.326300	-10.605000	1
64.456000	150.280000	-3.634800	-10.605000	1
64.454000	150.380000	-5.015300	-10.605000	1
64.452000	150.480000	-2.933600	-10.605000	1
64.451000	150.580000	2.223200	-10.605000	1
64.449000	150.680000	0.856780	-10.605000	1
64.447000	150.790000	-1.910900	-10.605000	1
64.445000	150.890000	-3.273700	-10.605000	1
64.443000	150.990000	-3.273500	-10.605000	1
64.441000	151.090000	-4.660000	-10.605000	1
64.439000	151.190000	-1.893200	-10.605000	1
64.437000	151.290000	-0.522920	-10.605000	1
64.434000	151.390000	-4.303400	-10.605000	1
64.432000	151.500000	-3.976900	-10.605000	1
64.430000	151.600000	-2.242600	-10.605000	1
64.427000	151.700000	-5.346900	-10.604000	1
64.424000	151.800000	-5.010300	-10.605000	1
64.422000	151.900000	-1.551900	-10.605000	1
64.419000	152.000000	-1.201700	-10.604000	1
64.416000	152.100000	-3.286500	-10.605000	1
64.413000	152.210000	-2.952100	-10.605000	1
64.410000	152.310000	-0.873800	-10.605000	1
64.407000	152.410000	-0.874380	-10.605000	1
64.404000	152.510000	-2.579200	-10.604000	1
64.401000	152.610000	-5.351500	-10.605000	1
63.069000	167.510000	-0.153620	-10.604000	1
63.055000	167.600000	0.186510	-10.604000	1
63.041000	167.690000	0.186600	-10.604000	1
63.027000	167.780000	-0.170600	-10.604000	1
63.013000	167.870000	-0.516720	-10.604000	1
62.999000	167.960000	-1.182800	-10.604000	1
62.985000	168.060000	-1.532700	-10.604000	1
62.970000	168.150000	-0.856610	-10.604000	1
62.956000	168.240000	-2.926800	-10.604000	1
62.941000	168.330000	-3.610700	-10.604000	1
64.502000	150.380000	-4.984900	-9.848400	1
64.500000	150.490000	-1.530700	-9.848500	1
64.498000	150.590000	-0.500580	-9.848600	1
64.497000	150.690000	-1.527000	-9.848300	1
64.495000	150.790000	-2.574600	-9.848500	1
64.493000	150.890000	-3.601100	-9.848200	1
64.491000	150.990000	-4.631100	-9.848400	1
64.489000	151.100000	-4.283500	-9.848300	1
64.487000	151.200000	-2.899400	-9.848300	1
64.484000	151.300000	-3.264400	-9.848400	1
64.482000	151.400000	-4.984600	-9.848300	1
64.480000	151.500000	-3.933000	-9.848300	1
64.477000	151.600000	-3.940200	-9.848500	1
64.475000	151.710000	-2.223700	-9.848100	1
64.472000	151.810000	-3.936200	-9.848300	1
64.470000	151.910000	-2.223100	-9.848400	1
64.467000	152.010000	-3.960800	-9.848100	1
64.464000	152.110000	-0.502190	-9.848400	1
64.461000	152.210000	-4.628500	-9.848300	1
64.458000	152.320000	-1.877600	-9.848200	1
64.455000	152.420000	-2.588300	-9.848600	1
64.452000	152.520000	-2.574200	-9.848100	1
64.449000	152.620000	-0.499460	-9.848300	1
64.445000	152.720000	-3.931600	-9.848400	1
64.442000	152.820000	-4.632500	-9.848000	1
64.439000	152.920000	-5.314300	-9.848300	1
63.142000	167.360000	-0.827630	-9.847900	1
63.129000	167.450000	0.548700	-9.847700	1
63.115000	167.540000	-0.831130	-9.848000	1
63.101000	167.630000	-0.477270	-9.847900	1
63.087000	167.720000	1.239100	-9.847700	1
63.073000	167.810000	0.549450	-9.848100	1
63.058000	167.910000	0.553300	-9.847900	1
63.044000	168.000000	-0.140340	-9.847900	1
63.030000	168.090000	0.553690	-9.848200	1
63.016000	168.180000	0.213700	-9.847800	1
63.001000	168.270000	-2.567700	-9.848000	1
62.987000	168.360000	-3.240300	-9.847900	1
64.549000	150.390000	-2.613600	-9.093900	1
64.548000	150.490000	-2.606300	-9.094000	1
64.546000	150.590000	0.140230	-9.094000	1
64.544000	150.690000	-1.920100	-9.093800	1
64.542000	150.800000	-1.580000	-9.094000	1
64.540000	150.900000	-2.952900	-9.093700	1
64.538000	151.000000	-0.886280	-9.093900	1
64.536000	151.100000	-2.610200	-9.093800	1
64.534000	151.200000	-3.300200	-9.093700	1
64.532000	151.310000	-3.296400	-9.093800	1
64.530000	151.410000	0.140210	-9.093800	1
64.527000	151.510000	-0.889780	-9.093800	1
64.525000	151.610000	-1.579600	-9.094000	1
64.522000	151.710000	-3.296100	-9.093500	1
64.520000	151.810000	-5.016000	-9.093800	1
63.269000	166.830000	1.534600	-9.093500	1
63.256000	166.930000	2.228500	-9.093400	1
63.242000	167.020000	1.184700	-9.093200	1
63.229000	167.110000	-0.527650	-9.093600	1
63.215000	167.200000	-0.192690	-9.093300	1
63.201000	167.300000	-0.177550	-9.093400	1
63.187000	167.390000	0.162480	-9.093400	1
63.174000	167.480000	1.546300	-9.093200	1
63.160000	167.570000	0.502770	-9.093500	1
63.146000	167.660000	0.852900	-9.093400	1
63.132000	167.760000	0.856730	-9.093200	1
63.118000	167.850000	0.853310	-9.093600	1
63.103000	167.940000	0.163350	-9.093400	1
63.089000	168.030000	-0.534030	-9.093500	1
63.075000	168.120000	-0.176250	-9.093700	1
63.060000	168.220000	0.163680	-9.093300	1
63.046000	168.310000	-0.533730	-9.093500	1
63.031000	168.400000	-2.597600	-9.093400	1
63.368000	166.490000	-0.955190	-8.336900	1
63.355000	166.590000	-0.238890	-8.337100	1
63.341000	166.680000	1.831300	-8.337100	1
63.328000	166.770000	3.203900	-8.336800	1
63.314000	166.870000	0.454020	-8.337000	1
63.301000	166.960000	1.481700	-8.337000	1
63.287000	167.050000	-0.242200	-8.336700	1
63.274000	167.140000	2.525700	-8.337200	1
63.260000	167.240000	3.201900	-8.336800	1
63.246000	167.330000	2.525800	-8.337000	1
63.233000	167.420000	0.788320	-8.337000	1
63.219000	167.510000	1.142000	-8.336800	1
63.205000	167.610000	1.156100	-8.337100	1
63.191000	167.700000	1.496200	-8.337000	1
63.177000	167.790000	0.792440	-8.336800	1
63.162000	167.880000	2.186600	-8.337200	1
63.148000	167.970000	1.496600	-8.337000	1
63.134000	168.070000	1.483000	-8.337000	1
63.120000	168.160000	0.099432	-8.337200	1
63.105000	168.250000	0.793140	-8.336900	1
63.091000	168.340000	-0.240500	-8.337100	1
63.076000	168.430000	-3.348200	-8.337000	1
64.646000	150.300000	-0.905390	-7.580900	1
64.644000	150.400000	-4.002300	-7.580700	1
64.642000	150.500000	-2.282300	-7.580800	1
64.641000	150.600000	-4.002600	-7.580800	1
64.639000	150.710000	-3.999100	-7.580600	1
64.637000	150.810000	-2.619000	-7.580800	1
64.635000	150.910000	-1.592900	-7.580400	1
64.633000	151.010000	-2.623100	-7.580700	1
64.631000	151.110000	-3.309500	-7.580600	1
64.629000	151.220000	-2.279400	-7.580500	1
64.627000	151.320000	-4.353300	-7.580600	1
64.624000	151.420000	-3.659600	-7.580500	1
63.373000	166.800000	-1.232200	-7.580000	1
63.360000	166.900000	-0.885600	-7.580300	1
63.346000	166.990000	1.528300	-7.580200	1
63.332000	167.080000	1.860900	-7.580000	1
63.319000	167.180000	-0.885230	-7.580400	1
63.305000	167.270000	-1.574200	-7.580000	1
63.291000	167.360000	1.174900	-7.580300	1
63.277000	167.450000	1.528700	-7.580200	1
63.264000	167.550000	1.872400	-7.580000	1
63.250000	167.640000	2.209000	-7.580400	1
63.236000	167.730000	1.529100	-7.580200	1
63.221000	167.820000	0.842750	-7.580000	1
63.207000	167.920000	2.209500	-7.580400	1
63.193000	168.010000	1.529500	-7.580200	1
63.179000	168.100000	1.175900	-7.580300	1
63.164000	168.190000	0.486050	-7.580500	1
63.150000	168.280000	1.176000	-7.580100	1
63.136000	168.380000	0.832440	-7.580300	1
63.121000	168.470000	-0.887630	-7.580300	1
64.696000	150.100000	-0.679780	-6.826100	1
64.694000	150.200000	1.727500	-6.826200	1
64.693000	150.300000	-2.056500	-6.826400	1
64.691000	150.400000	-3.069500	-6.826200	1
64.689000	150.510000	-3.419800	-6.826300	1
64.688000	150.610000	-4.110100	-6.826300	1
64.686000	150.710000	-3.766600	-6.826200	1
64.684000	150.810000	-3.426600	-6.826300	1
64.682000	150.920000	-2.046900	-6.825900	1
64.680000	151.020000	-2.737000	-6.826200	1
64.678000	151.120000	-3.427200	-6.826100	1
64.676000	151.220000	-2.047100	-6.826000	1
64.674000	151.330000	-2.040800	-6.826100	1
64.671000	151.430000	-3.767400	-6.826000	1
63.510000	166.180000	-1.015300	-6.826100	1
63.497000	166.280000	-0.669030	-6.826000	1
63.484000	166.370000	0.704710	-6.825800	1
63.471000	166.460000	3.812400	-6.826100	1
63.458000	166.560000	3.811100	-6.825700	1
63.445000	166.650000	6.918800	-6.825900	1
63.431000	166.740000	6.568900	-6.825800	1
63.418000	166.840000	6.905200	-6.825500	1
63.404000	166.930000	-0.667290	-6.825800	1
63.391000	167.020000	0.029099	-6.825700	1
63.377000	167.120000	-0.299880	-6.825500	1
63.363000	167.210000	0.379370	-6.825900	1
63.350000	167.300000	2.104100	-6.825600	1
63.336000	167.400000	3.140600	-6.825800	1
63.322000	167.490000	2.450700	-6.825800	1
63.308000	167.580000	2.450600	-6.825500	1
63.294000	167.670000	3.481000	-6.825900	1
63.280000	167.770000	1.407200	-6.825800	1
63.266000	167.860000	3.141000	-6.825500	1
63.252000	167.950000	3.141300	-6.825900	1
63.238000	168.040000	1.081300	-6.825700	1
63.223000	168.130000	1.421500	-6.825800	1
63.209000	168.230000	2.111700	-6.826000	1
63.194000	168.320000	0.731520	-6.825700	1
63.180000	168.410000	1.408000	-6.825900	1
63.165000	168.500000	0.718040	-6.825800	1
64.745000	149.900000	-3.699700	-6.071200	1
64.744000	150.000000	-3.019900	-6.071400	1
64.743000	150.100000	0.433560	-6.071200	1
64.741000	150.200000	-0.943080	-6.071300	1
64.740000	150.310000	-0.603280	-6.071500	1
64.738000	150.410000	-1.977400	-6.071400	1
64.736000	150.510000	-3.014100	-6.071500	1
64.735000	150.610000	-3.694500	-6.071400	1
64.733000	150.720000	-4.384800	-6.071300	1
64.731000	150.820000	-3.014900	-6.071500	1
64.729000	150.920000	-1.291600	-6.071100	1
64.727000	151.020000	-2.321700	-6.071400	1
64.725000	151.130000	-3.355600	-6.071200	1
64.723000	151.230000	-2.322000	-6.071200	1
64.720000	151.330000	-3.698700	-6.071300	1
64.718000	151.440000	-3.698800	-6.071200	1
64.716000	151.540000	-2.325000	-6.071200	1
64.713000	151.640000	-2.324800	-6.071500	1
63.555000	166.210000	0.784450	-6.071300	1
63.542000	166.310000	3.880800	-6.071100	1
63.529000	166.400000	0.780610	-6.071000	1
63.516000	166.490000	3.523500	-6.071300	1
63.503000	166.590000	2.157000	-6.070900	1
63.489000	166.680000	5.944600	-6.071100	1
63.476000	166.780000	5.258400	-6.071000	1
63.462000	166.870000	6.971000	-6.070700	1
63.449000	166.960000	1.814900	-6.071000	1
63.435000	167.060000	-0.938790	-6.070900	1
63.422000	167.150000	-4.382800	-6.070700	1
63.408000	167.240000	-1.284900	-6.071100	1
63.394000	167.340000	3.202400	-6.070700	1
63.380000	167.430000	3.889000	-6.071000	1
63.367000	167.520000	3.892700	-6.071000	1
63.353000	167.610000	3.542600	-6.070700	1
63.339000	167.710000	3.542900	-6.071100	1
63.324000	167.800000	2.853000	-6.070900	1
63.310000	167.890000	2.849200	-6.070700	1
63.296000	167.980000	1.823200	-6.071100	1
63.282000	168.080000	2.513200	-6.070900	1
63.268000	168.170000	2.513400	-6.071000	1
63.253000	168.260000	1.479900	-6.071200	1
63.239000	168.350000	2.849900	-6.070900	1
63.224000	168.440000	2.510000	-6.071000	1
63.210000	168.540000	-0.933770	-6.071000	1
64.791000	150.000000	0.756770	-5.316100	1
64.789000	150.110000	-0.610130	-5.316000	1
64.788000	150.210000	-1.650500	-5.316100	1
64.786000	150.310000	-1.650700	-5.316300	1
64.785000	150.410000	-1.304700	-5.316200	1
64.783000	150.520000	-1.651500	-5.316300	1
64.781000	150.620000	-1.651800	-5.316200	1
64.780000	150.720000	-1.302100	-5.316100	1
64.778000	150.830000	-1.302400	-5.316300	1
64.776000	150.930000	-2.333000	-5.315900	1
64.774000	151.030000	-1.993100	-5.316200	1
64.772000	151.130000	-1.653300	-5.316000	1
64.769000	151.240000	-1.996300	-5.316000	1
64.767000	151.340000	-1.306300	-5.316100	1
64.765000	151.440000	-1.996600	-5.315900	1
64.762000	151.540000	-1.996600	-5.316000	1
64.760000	151.650000	-1.656300	-5.316300	1
64.757000	151.750000	-2.336700	-5.315700	1
64.755000	151.850000	-3.716600	-5.316100	1
64.752000	151.960000	-3.376400	-5.316100	1
64.749000	152.060000	-4.761100	-5.315800	1
63.587000	166.340000	-0.267170	-5.315900	1
63.574000	166.430000	2.832900	-5.315800	1
63.560000	166.530000	5.583100	-5.316000	1
63.547000	166.620000	6.612900	-5.315700	1
63.534000	166.710000	7.303200	-5.315900	1
63.520000	166.810000	4.886800	-5.315800	1
63.507000	166.900000	3.523100	-5.315500	1
63.493000	167.000000	5.239800	-5.315800	1
63.480000	167.090000	2.829800	-5.315700	1
63.466000	167.180000	-0.270360	-5.315500	1
63.452000	167.280000	-2.330200	-5.315900	1
63.439000	167.370000	3.180800	-5.315500	1
63.425000	167.460000	3.167400	-5.315800	1
63.411000	167.550000	4.221000	-5.315800	1
63.397000	167.650000	4.561000	-5.315500	1
63.383000	167.740000	3.531200	-5.315900	1
63.369000	167.830000	4.221200	-5.315700	1
63.355000	167.930000	4.561200	-5.315500	1
63.340000	168.020000	2.151500	-5.315900	1
63.326000	168.110000	3.531500	-5.315700	1
63.312000	168.200000	3.181700	-5.315800	1
63.297000	168.290000	3.531900	-5.316000	1
63.283000	168.390000	2.478200	-5.315700	1
63.268000	168.480000	2.842000	-5.315900	1
63.254000	168.570000	3.518400	-5.315800	1
64.840000	149.800000	3.339600	-4.561000	1
64.839000	149.900000	2.306300	-4.561000	1
64.837000	150.010000	-1.120600	-4.561100	1
64.836000	150.110000	-1.811200	-4.560900	1
64.835000	150.210000	-0.431380	-4.561100	1
64.833000	150.320000	0.251900	-4.561200	1
64.831000	150.420000	0.937900	-4.561100	1
64.830000	150.520000	-1.125500	-4.561200	1
64.828000	150.630000	-1.125900	-4.561100	1
64.826000	150.730000	-2.166300	-4.561100	1
64.824000	150.830000	-0.782950	-4.561200	1
64.822000	150.930000	-1.123600	-4.560800	1
64.820000	151.040000	-1.473700	-4.561100	1
64.818000	151.140000	-2.164000	-4.561000	1
64.816000	151.240000	-1.814200	-4.560900	1
64.814000	151.350000	-1.817800	-4.561000	1
64.812000	151.450000	-1.124500	-4.560900	1
64.809000	151.550000	-1.474500	-4.560900	1
64.807000	151.650000	-1.474300	-4.561200	1
63.592000	166.650000	4.385100	-4.560600	1
63.578000	166.750000	2.661700	-4.560800	1
63.565000	166.840000	3.011800	-4.560800	1
63.551000	166.930000	0.938100	-4.560500	1
63.538000	167.030000	1.969100	-4.560700	1
63.524000	167.120000	2.662000	-4.560700	1
63.511000	167.220000	4.729000	-4.560500	1
63.497000	167.310000	5.069300	-4.560800	1
63.483000	167.400000	3.699100	-4.560500	1
63.469000	167.490000	5.083000	-4.560800	1
63.455000	167.590000	4.053000	-4.560700	1
63.441000	167.680000	5.432800	-4.560500	1
63.427000	167.770000	4.053100	-4.560800	1
63.413000	167.870000	5.083100	-4.560700	1
63.399000	167.960000	4.393000	-4.560500	1
63.385000	168.050000	1.983400	-4.560900	1
63.370000	168.140000	2.673400	-4.560700	1
63.356000	168.240000	3.363600	-4.560800	1
63.341000	168.330000	3.023700	-4.560900	1
63.327000	168.420000	3.713600	-4.560600	1
63.312000	168.510000	4.380300	-4.560800	1
63.298000	168.610000	4.040300	-4.560800	1
64.888000	149.700000	1.685500	-3.805000	1
64.887000	149.810000	3.398600	-3.805000	1
64.885000	149.910000	0.661610	-3.805000	1
64.884000	150.010000	0.647880	-3.805200	1
64.883000	150.110000	1.000800	-3.805000	1
64.881000	150.220000	1.340500	-3.805100	1
64.880000	150.320000	0.660210	-3.805300	1
64.878000	150.420000	-0.720300	-3.805200	1
64.876000	150.530000	-2.440700	-3.805300	1
64.875000	150.630000	-1.061100	-3.805100	1
64.873000	150.730000	-0.728030	-3.805200	1
64.871000	150.840000	0.301680	-3.805200	1
64.869000	150.940000	0.991040	-3.804900	1
64.867000	151.040000	-0.389130	-3.805200	1
64.865000	151.150000	-0.039443	-3.805000	1
64.863000	151.250000	-0.389700	-3.805000	1
64.860000	151.350000	-0.389790	-3.805100	1
64.858000	151.460000	2.710000	-3.804900	1
64.856000	151.560000	1.329900	-3.805000	1
64.853000	151.660000	-1.760000	-3.805300	1
64.851000	151.770000	2.702800	-3.804700	1
64.848000	151.870000	-1.413600	-3.805100	1
64.845000	151.970000	0.649920	-3.805100	1
64.842000	152.070000	3.399900	-3.804800	1
64.840000	152.180000	2.370400	-3.805100	1
64.837000	152.280000	2.020500	-3.804900	1
64.834000	152.380000	0.300690	-3.804900	1
64.831000	152.490000	3.741300	-3.805300	1
64.827000	152.590000	3.741300	-3.804900	1
64.824000	152.690000	3.401700	-3.804900	1
64.821000	152.790000	2.025600	-3.805100	1
64.817000	152.900000	-1.064400	-3.804700	1
63.609000	166.870000	2.733300	-3.804900	1
63.596000	166.970000	4.803200	-3.804600	1
63.582000	167.060000	2.400000	-3.804800	1
63.568000	167.150000	4.113500	-3.804700	1
63.555000	167.250000	4.803400	-3.804500	1
63.541000	167.340000	3.763700	-3.804900	1
63.527000	167.440000	4.453500	-3.804600	1
63.513000	167.530000	5.497200	-3.804800	1
63.499000	167.620000	6.537200	-3.804800	1
63.485000	167.710000	6.187100	-3.804600	1
63.471000	167.810000	4.817400	-3.804900	1
63.457000	167.900000	5.497300	-3.804800	1
63.443000	167.990000	4.127200	-3.804600	1
63.429000	168.090000	3.097600	-3.804900	1
63.414000	168.180000	3.777600	-3.804700	1
63.400000	168.270000	3.097800	-3.804900	1
63.385000	168.360000	4.818000	-3.805000	1
63.371000	168.460000	4.467900	-3.804700	1
63.356000	168.550000	2.748000	-3.804900	1
63.342000	168.640000	4.454500	-3.804800	1
64.934000	149.710000	1.019700	-3.048700	1
64.933000	149.810000	1.709400	-3.048800	1
64.932000	149.910000	3.082200	-3.048700	1
64.931000	150.020000	3.432000	-3.048900	1
64.929000	150.120000	3.074700	-3.048700	1
64.928000	150.220000	1.354400	-3.048900	1
64.926000	150.330000	2.044000	-3.049000	1
64.925000	150.430000	3.073500	-3.048900	1
64.923000	150.530000	1.356500	-3.049000	1
64.921000	150.640000	1.015900	-3.048800	1
64.920000	150.740000	0.325480	-3.048900	1
64.918000	150.840000	-1.735000	-3.049000	1
64.916000	150.950000	-1.055700	-3.048700	1
64.914000	151.050000	1.704200	-3.048900	1
64.911000	151.150000	1.353900	-3.048800	1
64.909000	151.260000	1.013600	-3.048700	1
64.907000	151.360000	1.703400	-3.048800	1
64.905000	151.460000	4.113100	-3.048600	1
64.902000	151.570000	2.393000	-3.048700	1
64.900000	151.670000	2.043200	-3.049000	1
64.897000	151.770000	2.732800	-3.048500	1
64.895000	151.880000	2.733000	-3.048800	1
64.892000	151.980000	3.073000	-3.048800	1
64.889000	152.080000	4.112900	-3.048500	1
64.886000	152.190000	3.073400	-3.048900	1
64.883000	152.290000	3.423400	-3.048600	1
64.880000	152.390000	3.073700	-3.048700	1
64.877000	152.500000	-1.735900	-3.049000	1
64.874000	152.600000	0.327460	-3.048600	1
64.871000	152.700000	-3.115700	-3.048700	1
63.613000	167.190000	2.416900	-3.048500	1
63.599000	167.280000	5.856800	-3.048300	1
63.585000	167.380000	6.530500	-3.048600	1
63.571000	167.470000	6.880300	-3.048300	1
63.557000	167.560000	7.910500	-3.048600	1
63.544000	167.660000	7.220500	-3.048600	1
63.529000	167.750000	7.570300	-3.048300	1
63.515000	167.840000	6.530600	-3.048700	1
63.501000	167.940000	7.220400	-3.048500	1
63.487000	168.030000	5.850300	-3.048300	1
63.473000	168.120000	2.757400	-3.048700	1
63.458000	168.210000	4.470700	-3.048500	1
63.444000	168.310000	2.757600	-3.048600	1
63.429000	168.400000	3.781100	-3.048700	1
63.415000	168.490000	3.090900	-3.048500	1
63.400000	168.580000	4.817800	-3.048700	1
63.385000	168.680000	2.417700	-3.048600	1
64.981000	149.710000	3.901400	-2.297000	1
64.979000	149.810000	4.241100	-2.297100	1
64.978000	149.920000	2.520600	-2.297100	1
64.977000	150.020000	4.933400	-2.297200	1
64.976000	150.130000	4.242800	-2.297000	1
64.974000	150.230000	3.212400	-2.297200	1
64.973000	150.330000	3.565200	-2.297300	1
64.971000	150.440000	2.874600	-2.297200	1
64.969000	150.540000	2.524300	-2.297400	1
64.968000	150.640000	3.903600	-2.297100	1
64.966000	150.750000	0.463130	-2.297300	1
64.964000	150.850000	2.182700	-2.297300	1
64.962000	150.950000	1.491900	-2.297000	1
64.960000	151.060000	3.901700	-2.297200	1
64.958000	151.160000	4.591400	-2.297100	1
64.956000	151.260000	1.841000	-2.297000	1
64.953000	151.370000	3.560800	-2.297200	1
64.951000	151.470000	3.900400	-2.297000	1
64.948000	151.570000	4.590300	-2.297000	1
64.946000	151.680000	2.870500	-2.297400	1
64.943000	151.780000	5.620100	-2.296800	1
64.941000	151.880000	4.240300	-2.297200	1
64.938000	151.990000	4.590200	-2.297100	1
64.935000	152.090000	2.520100	-2.296800	1
64.932000	152.190000	4.590600	-2.297200	1
64.929000	152.300000	3.210500	-2.297000	1
64.926000	152.400000	-2.286200	-2.297000	1
63.643000	167.310000	4.604500	-2.296700	1
63.629000	167.410000	7.358000	-2.297000	1
63.615000	167.500000	7.357800	-2.296700	1
63.601000	167.600000	8.048100	-2.297000	1
63.587000	167.690000	8.388100	-2.297000	1
63.573000	167.780000	6.667800	-2.296700	1
63.559000	167.880000	7.358100	-2.297000	1
63.545000	167.970000	8.048000	-2.296900	1
63.531000	168.060000	8.047900	-2.296700	1
63.516000	168.160000	8.738200	-2.297000	1
63.502000	168.250000	8.388100	-2.296900	1
63.487000	168.340000	6.325200	-2.297000	1
63.473000	168.430000	7.355300	-2.297100	1
63.458000	168.530000	4.945200	-2.296900	1
63.444000	168.620000	1.508500	-2.297000	1
63.429000	168.710000	1.165300	-2.297000	1
65.026000	149.820000	1.001100	-1.542000	1
65.025000	149.920000	3.410600	-1.541900	1
65.023000	150.030000	2.720300	-1.542100	1
65.022000	150.130000	5.822600	-1.541800	1
65.021000	150.230000	5.132200	-1.542000	1
65.019000	150.340000	5.471800	-1.542100	1
65.018000	150.440000	3.071200	-1.542000	1
65.016000	150.550000	3.750800	-1.542200	1
65.014000	150.650000	5.820100	-1.541900	1
65.012000	150.750000	4.439600	-1.542100	1
65.010000	150.860000	4.439100	-1.542100	1
65.008000	150.960000	2.378300	-1.541900	1
65.006000	151.060000	4.438000	-1.542000	1
65.004000	151.170000	6.507600	-1.541900	1
65.002000	151.270000	3.067200	-1.541800	1
65.000000	151.380000	5.127000	-1.542000	1
64.997000	151.480000	6.156500	-1.541800	1
64.995000	151.580000	5.466400	-1.541800	1
64.992000	151.690000	3.746600	-1.542200	1
64.990000	151.790000	5.466100	-1.541600	1
64.987000	151.890000	5.816200	-1.542000	1
64.984000	152.000000	5.126100	-1.542000	1
64.982000	152.100000	5.819000	-1.541600	1
64.979000	152.200000	4.099300	-1.542000	1
64.976000	152.310000	0.659280	-1.541800	1
63.687000	167.350000	7.210400	-1.541500	1
63.673000	167.440000	9.270700	-1.541800	1
63.659000	167.540000	9.610600	-1.541500	1
63.645000	167.630000	8.580800	-1.541800	1
63.631000	167.720000	9.614400	-1.541800	1
63.617000	167.820000	10.304000	-1.541500	1
63.603000	167.910000	9.614500	-1.541900	1
63.589000	168.000000	8.934400	-1.541700	1
63.575000	168.100000	5.834300	-1.541500	1
63.560000	168.190000	6.531700	-1.541800	1
63.546000	168.280000	6.524500	-1.541700	1
63.531000	168.380000	7.214600	-1.541800	1
63.517000	168.470000	7.901800	-1.541900	1
63.502000	168.560000	7.561600	-1.541700	1
63.487000	168.650000	0.681690	-1.541900	1
63.473000	168.750000	3.418800	-1.541800	1
65.068000	150.140000	3.318200	-0.792970	1
65.067000	150.240000	4.357800	-0.793160	1
65.065000	150.340000	3.667300	-0.793270	1
65.064000	150.450000	5.726800	-0.793170	1
65.062000	150.550000	4.356400	-0.793340	1
65.060000	150.660000	8.135700	-0.793060	1
65.058000	150.760000	7.795300	-0.793260	1
65.057000	150.860000	8.137400	-0.793250	1
65.055000	150.970000	5.036800	-0.793050	1
65.053000	151.070000	5.726400	-0.793160	1
65.050000	151.180000	8.486000	-0.793120	1
65.048000	151.280000	7.445600	-0.793000	1
65.046000	151.380000	7.795300	-0.793150	1
65.044000	151.490000	8.484900	-0.792960	1
65.041000	151.590000	8.134700	-0.792970	1
65.039000	151.690000	8.824700	-0.793380	1
65.036000	151.800000	10.204000	-0.792840	1
65.033000	151.900000	9.854300	-0.793120	1
65.031000	152.010000	7.794100	-0.793140	1
65.028000	152.110000	-1.161400	-0.792820	1
63.717000	167.480000	11.246000	-0.792990	1
63.703000	167.570000	9.866000	-0.792710	1
63.689000	167.660000	9.176100	-0.792970	1
63.675000	167.760000	9.176200	-0.793030	1
63.661000	167.850000	10.906000	-0.792740	1
63.647000	167.940000	12.276000	-0.793050	1
63.632000	168.040000	11.586000	-0.792950	1
63.618000	168.130000	9.526100	-0.792730	1
63.604000	168.220000	8.496300	-0.793030	1
63.589000	168.320000	9.176300	-0.792900	1
63.575000	168.410000	7.806300	-0.793000	1
63.560000	168.500000	7.113700	-0.793120	1
63.546000	168.600000	12.274000	-0.792890	1
63.531000	168.690000	2.987300	-0.793070	1
63.516000	168.780000	6.777200	-0.793020	1
65.110000	150.450000	20.886000	0.117980	1
65.108000	150.560000	11.395000	0.117880	1
65.106000	150.660000	8.645000	0.118370	1
65.105000	150.770000	11.744000	0.117930	1
65.103000	150.870000	12.084000	0.118220	1
65.101000	150.970000	9.673400	0.118480	1
65.099000	151.080000	7.263000	0.118010	1
65.097000	151.180000	11.743000	0.118600	1
65.094000	151.290000	6.922300	0.118270	1
65.092000	151.390000	7.951900	0.118160	1
65.090000	151.490000	10.362000	0.118640	1
65.087000	151.600000	10.021000	0.118130	1
65.085000	151.700000	14.841000	0.118380	1
65.082000	151.810000	9.331000	0.118470	1
65.079000	151.910000	13.461000	0.118000	1
65.077000	152.010000	3.820600	0.118450	1
63.747000	167.600000	25.898000	0.118610	1
63.733000	167.700000	9.348300	0.118120	1
63.719000	167.790000	12.098000	0.118600	1
63.705000	167.890000	15.198000	0.118370	1
63.690000	167.980000	15.198000	0.118140	1
63.676000	168.070000	14.168000	0.118630	1
63.662000	168.170000	11.408000	0.118110	1
63.647000	168.260000	8.316000	0.118300	1
63.633000	168.350000	12.096000	0.118510	1
63.618000	168.450000	12.096000	0.117930	1
63.604000	168.540000	11.066000	0.118460	1
63.589000	168.630000	11.406000	0.118330	1
63.574000	168.730000	6.595900	0.118170	1
63.560000	168.820000	9.685900	0.118730	1
65.167000	149.620000	4.573700	0.732570	1
65.166000	149.730000	3.196000	0.732710	1
65.165000	149.830000	4.915600	0.732710	1
65.164000	149.940000	3.885200	0.732640	1
65.162000	150.040000	5.264700	0.732540	1
65.161000	150.150000	5.264400	0.732820	1
65.160000	150.250000	4.913800	0.732460	1
65.158000	150.360000	2.513300	0.732560	1
65.156000	150.460000	5.262800	0.732520	1
65.155000	150.560000	6.982300	0.732300	1
65.153000	150.670000	9.034700	0.732800	1
65.151000	150.770000	4.904000	0.732400	1
65.149000	150.880000	9.390900	0.732530	1
65.147000	150.980000	10.073000	0.732800	1
65.145000	151.090000	7.662600	0.732540	1
65.143000	151.190000	8.352400	0.732780	1
65.141000	151.290000	8.692000	0.732810	1
65.138000	151.400000	7.311500	0.732580	1
65.136000	151.500000	8.351300	0.732990	1
65.134000	151.610000	10.411000	0.732800	1
65.131000	151.710000	10.761000	0.732450	1
65.128000	151.810000	10.071000	0.733010	1
65.126000	151.920000	3.877500	0.732580	1
63.805000	167.540000	10.781000	0.732850	1
63.791000	167.640000	13.181000	0.733190	1
63.777000	167.730000	12.151000	0.732760	1
63.763000	167.830000	11.461000	0.732840	1
63.748000	167.920000	13.181000	0.733070	1
63.734000	168.010000	16.351000	0.732680	1
63.720000	168.110000	12.501000	0.732950	1
63.706000	168.200000	5.961400	0.732970	1
63.691000	168.300000	6.301400	0.732770	1
63.677000	168.390000	11.121000	0.732950	1
63.662000	168.480000	9.388700	0.732650	1
63.647000	168.580000	9.728700	0.732720	1
63.633000	168.670000	9.042400	0.732910	1
63.618000	168.760000	9.042200	0.732660	1
63.603000	168.850000	11.452000	0.732910	1
65.212000	149.840000	3.266300	1.487900	1
65.210000	149.940000	2.925900	1.487900	1
65.209000	150.050000	3.268300	1.487800	1
65.208000	150.150000	3.608000	1.488000	1
65.206000	150.260000	4.647400	1.487700	1
65.205000	150.360000	5.327000	1.487800	1
65.203000	150.470000	3.606500	1.487800	1
65.201000	150.570000	5.675900	1.487500	1
65.200000	150.670000	4.985700	1.488000	1
65.198000	150.780000	8.425000	1.487600	1
65.196000	150.880000	5.324600	1.487700	1
65.194000	150.990000	3.264300	1.488000	1
65.192000	151.090000	4.983700	1.487800	1
65.190000	151.200000	3.953500	1.488000	1
65.187000	151.300000	7.393200	1.488000	1
65.185000	151.410000	6.702600	1.487800	1
65.183000	151.510000	6.702500	1.488200	1
65.180000	151.610000	6.702100	1.488000	1
65.178000	151.720000	6.701600	1.487700	1
65.175000	151.820000	7.051700	1.488200	1
63.890000	167.290000	4.300500	1.488000	1
63.877000	167.390000	7.743700	1.488200	1
63.863000	167.480000	8.097400	1.488200	1
63.849000	167.580000	7.064500	1.488000	1
63.835000	167.670000	7.064700	1.488300	1
63.821000	167.770000	10.507000	1.488000	1
63.807000	167.860000	10.508000	1.488000	1
63.792000	167.960000	11.198000	1.488200	1
63.778000	168.050000	13.948000	1.487900	1
63.764000	168.140000	12.228000	1.488100	1
63.750000	168.240000	11.198000	1.488200	1
63.735000	168.330000	12.225000	1.488000	1
63.721000	168.420000	9.818000	1.488100	1
63.706000	168.520000	9.125000	1.487900	1
63.691000	168.610000	8.784900	1.487900	1
63.677000	168.700000	10.155000	1.488100	1
63.662000	168.800000	10.155000	1.487900	1
63.647000	168.890000	8.784800	1.488100	1
65.255000	150.050000	0.041787	2.237000	1
65.254000	150.160000	2.108500	2.237300	1
65.252000	150.260000	3.140900	2.237000	1
65.251000	150.370000	4.860500	2.237100	1
65.249000	150.470000	4.520100	2.237000	1
65.247000	150.580000	4.169500	2.236800	1
65.246000	150.680000	5.209400	2.237300	1
65.244000	150.790000	6.238700	2.236900	1
65.242000	150.890000	4.858300	2.237000	1
65.240000	151.000000	2.108000	2.237200	1
65.238000	151.100000	4.167500	2.237000	1
65.236000	151.200000	3.487200	2.237200	1
65.233000	151.310000	2.796900	2.237300	1
65.231000	151.410000	5.206300	2.237000	1
65.229000	151.520000	3.826200	2.237400	1
65.226000	151.620000	7.615900	2.237300	1
65.224000	151.730000	6.235300	2.236900	1
65.221000	151.830000	5.205400	2.237400	1
65.218000	151.940000	1.414800	2.237100	1
64.002000	166.850000	-0.297080	2.237100	1
63.989000	166.950000	5.896300	2.237400	1
63.975000	167.040000	7.626100	2.237200	1
63.961000	167.140000	8.996300	2.237200	1
63.948000	167.230000	4.529700	2.237500	1
63.934000	167.330000	8.306600	2.237200	1
63.920000	167.420000	9.686800	2.237400	1
63.906000	167.520000	1.777000	2.237500	1
63.892000	167.610000	6.937000	2.237300	1
63.878000	167.710000	3.497300	2.237600	1
63.864000	167.800000	8.307100	2.237200	1
63.850000	167.900000	9.347200	2.237200	1
63.836000	167.990000	9.347400	2.237500	1
63.822000	168.080000	9.687200	2.237100	1
63.807000	168.180000	10.377000	2.237400	1
63.793000	168.270000	10.028000	2.237400	1
63.778000	168.370000	10.718000	2.237200	1
63.764000	168.460000	10.718000	2.237300	1
63.749000	168.550000	10.377000	2.237100	1
63.735000	168.650000	8.997400	2.237100	1
63.720000	168.740000	8.997500	2.237300	1
63.705000	168.830000	9.347200	2.237100	1
63.690000	168.930000	10.377000	2.237300	1
65.305000	149.740000	0.008914	2.993600	1
65.304000	149.850000	0.348570	2.993600	1
65.303000	149.950000	0.021443	2.993500	1
65.302000	150.060000	-0.342350	2.993400	1
65.300000	150.160000	-0.329290	2.993700	1
65.299000	150.270000	-0.329990	2.993400	1
65.297000	150.370000	-0.330380	2.993500	1
65.296000	150.480000	0.359140	2.993400	1
65.294000	150.580000	1.388500	2.993200	1
65.292000	150.690000	2.768500	2.993700	1
65.290000	150.790000	3.107800	2.993300	1
65.288000	150.900000	2.077400	2.993400	1
65.286000	151.000000	2.767100	2.993600	1
65.284000	151.110000	4.486600	2.993500	1
65.282000	151.210000	1.046300	2.993600	1
65.280000	151.320000	2.425900	2.993700	1
65.278000	151.420000	2.425400	2.993500	1
65.275000	151.530000	3.795300	2.993800	1
65.273000	151.630000	0.341480	2.993700	1
65.270000	151.740000	-2.752600	2.993400	1
65.268000	151.840000	2.058000	2.993800	1
63.950000	167.550000	4.491900	2.993900	1
63.936000	167.650000	5.871900	2.993700	1
63.922000	167.740000	3.798900	2.994000	1
63.908000	167.840000	5.178700	2.993600	1
63.894000	167.930000	7.592100	2.993600	1
63.880000	168.030000	6.902400	2.993900	1
63.866000	168.120000	8.622200	2.993500	1
63.851000	168.210000	10.002000	2.993800	1
63.837000	168.310000	8.282600	2.993800	1
63.822000	168.400000	7.242500	2.993600	1
63.808000	168.500000	7.592700	2.993700	1
63.793000	168.590000	6.902400	2.993500	1
63.778000	168.680000	8.622400	2.993500	1
63.764000	168.780000	8.962400	2.993700	1
63.749000	168.870000	8.622100	2.993500	1
63.734000	168.960000	8.962200	2.993700	1
65.356000	149.330000	1.547600	3.749000	1
65.355000	149.430000	-0.849400	3.748700	1
65.354000	149.540000	-2.916000	3.748900	1
65.353000	149.640000	-3.596600	3.748600	1
65.352000	149.750000	-2.223300	3.748800	1
65.351000	149.850000	1.216500	3.748800	1
65.350000	149.960000	-0.843930	3.748700	1
65.348000	150.060000	0.875650	3.748600	1
65.347000	150.170000	-0.161180	3.748900	1
65.345000	150.270000	-0.851880	3.748600	1
65.344000	150.380000	-0.162210	3.748700	1
65.342000	150.480000	0.527310	3.748600	1
65.340000	150.590000	0.183270	3.748400	1
65.339000	150.700000	1.556700	3.748900	1
65.337000	150.800000	0.865990	3.748500	1
65.335000	150.910000	1.205700	3.748600	1
65.333000	151.010000	0.865360	3.748800	1
65.331000	151.120000	2.934900	3.748600	1
65.329000	151.220000	0.864530	3.748800	1
65.326000	151.330000	0.864190	3.748900	1
65.324000	151.430000	0.523590	3.748600	1
65.322000	151.540000	1.893500	3.749000	1
65.319000	151.640000	-1.884000	3.748900	1
65.317000	151.750000	-2.924700	3.748500	1
65.314000	151.850000	-0.514600	3.749000	1
65.311000	151.950000	2.584900	3.748700	1
63.980000	167.680000	6.039200	3.748900	1
63.966000	167.780000	1.899100	3.749100	1
63.952000	167.870000	6.729300	3.748800	1
63.938000	167.970000	5.009400	3.748800	1
63.924000	168.060000	6.039700	3.749000	1
63.909000	168.160000	8.449500	3.748700	1
63.895000	168.250000	8.109800	3.748900	1
63.881000	168.340000	7.069800	3.748900	1
63.866000	168.440000	9.139800	3.748800	1
63.851000	168.530000	7.069900	3.748900	1
63.837000	168.630000	6.729600	3.748700	1
63.822000	168.720000	6.389600	3.748700	1
63.807000	168.810000	8.109600	3.748900	1
63.793000	168.910000	7.419300	3.748600	1
63.778000	169.000000	6.039400	3.748900	1
64.038000	167.620000	7.382000	4.502800	1
64.024000	167.720000	0.834900	4.502700	1
64.010000	167.810000	4.275200	4.502900	1
63.996000	167.910000	6.008700	4.502500	1
63.982000	168.000000	3.942300	4.502500	1
63.968000	168.100000	6.006100	4.502800	1
63.953000	168.190000	5.666000	4.502500	1
63.939000	168.290000	7.726200	4.502700	1
63.924000	168.380000	7.046300	4.502700	1
63.910000	168.470000	7.386300	4.502600	1
63.895000	168.570000	7.386300	4.502700	1
63.881000	168.660000	4.286000	4.502400	1
63.866000	168.760000	0.842360	4.502500	1
63.851000	168.850000	5.662500	4.502700	1
63.836000	168.940000	7.042200	4.502400	1
63.821000	169.040000	6.352300	4.502700	1
65.450000	149.230000	-1.768800	5.257500	1
65.449000	149.340000	-0.374910	5.257800	1
65.448000	149.440000	1.008500	5.257500	1
65.447000	149.550000	-1.397900	5.257700	1
65.446000	149.650000	-1.058400	5.257500	1
65.445000	149.760000	-1.395000	5.257600	1
65.444000	149.870000	-3.115400	5.257600	1
65.443000	149.970000	-3.122200	5.257500	1
65.441000	150.080000	-1.396100	5.257500	1
65.440000	150.180000	-0.366310	5.257700	1
65.439000	150.290000	-1.397000	5.257400	1
65.437000	150.390000	-1.057300	5.257500	1
65.435000	150.500000	-0.374100	5.257400	1
65.434000	150.600000	0.655410	5.257200	1
65.432000	150.710000	1.005400	5.257800	1
65.430000	150.810000	-0.375300	5.257300	1
65.428000	150.920000	-1.405600	5.257500	1
65.426000	151.030000	-1.399600	5.257600	1
65.424000	151.130000	-2.096500	5.257500	1
65.422000	151.240000	-1.066800	5.257600	1
65.419000	151.340000	-0.027088	5.257700	1
65.417000	151.450000	-1.401300	5.257400	1
65.415000	151.550000	-1.061500	5.257900	1
65.412000	151.660000	-2.432100	5.257700	1
65.410000	151.760000	-0.376280	5.257400	1
65.407000	151.870000	2.030000	5.257800	1
65.404000	151.970000	-3.127300	5.257500	1
65.402000	152.080000	-2.441100	5.257600	1
65.399000	152.180000	0.648980	5.257800	1
65.396000	152.290000	1.688600	5.257500	1
65.393000	152.390000	1.338500	5.257800	1
65.390000	152.500000	2.725500	5.257700	1
65.386000	152.600000	-2.098500	5.257500	1
65.383000	152.710000	-1.064700	5.257700	1
65.380000	152.810000	-2.788400	5.257700	1
64.068000	167.750000	1.695300	5.257700	1
64.054000	167.850000	4.799200	5.257900	1
64.040000	167.940000	7.899100	5.257600	1
64.026000	168.040000	3.772800	5.257600	1
64.012000	168.130000	3.773000	5.257800	1
63.997000	168.230000	4.803000	5.257500	1
63.983000	168.320000	5.156800	5.257700	1
63.968000	168.420000	6.186900	5.257700	1
63.954000	168.510000	6.186900	5.257600	1
63.939000	168.610000	6.523300	5.257700	1
63.924000	168.700000	6.523000	5.257500	1
63.910000	168.790000	0.676460	5.257500	1
63.895000	168.890000	4.463000	5.257700	1
63.880000	168.980000	3.769000	5.257400	1
63.865000	169.080000	1.005500	5.257700	1
65.494000	149.550000	-1.720400	6.011900	1
65.493000	149.660000	-3.101000	6.011600	1
65.492000	149.770000	-3.114800	6.011700	1
65.491000	149.870000	-2.411300	6.011800	1
65.489000	149.980000	-2.061700	6.011600	1
65.488000	150.080000	-2.062100	6.011600	1
65.487000	150.190000	-3.102500	6.011800	1
65.485000	150.290000	1.020800	6.011500	1
65.484000	150.400000	-0.693190	6.011700	1
65.482000	150.510000	-1.709500	6.011600	1
65.480000	150.610000	-0.010447	6.011400	1
65.479000	150.720000	-1.040500	6.011900	1
65.477000	150.820000	-2.754900	6.011500	1
65.475000	150.930000	-1.725100	6.011600	1
65.473000	151.030000	0.338370	6.011800	1
65.471000	151.140000	-2.072300	6.011600	1
65.468000	151.240000	-1.392600	6.011800	1
65.466000	151.350000	-0.346570	6.011800	1
65.464000	151.460000	-1.727200	6.011600	1
65.461000	151.560000	-1.733700	6.012000	1
65.459000	151.670000	-1.401700	6.011800	1
65.456000	151.770000	-2.766100	6.011600	1
65.454000	151.880000	-0.356200	6.011900	1
65.451000	151.980000	-2.433300	6.011700	1
65.448000	152.090000	1.356600	6.011700	1
65.445000	152.190000	2.386500	6.012000	1
65.442000	152.300000	2.378700	6.011600	1
65.439000	152.400000	-4.845600	6.011900	1
65.436000	152.510000	-1.398200	6.011800	1
65.433000	152.620000	-1.391000	6.011600	1
65.430000	152.720000	-1.040900	6.011800	1
64.055000	168.170000	2.066300	6.011900	1
64.041000	168.260000	3.089900	6.011600	1
64.027000	168.360000	4.120200	6.011800	1
64.012000	168.450000	5.150300	6.011800	1
63.998000	168.550000	5.156600	6.011700	1
63.983000	168.640000	6.530300	6.011800	1
63.968000	168.740000	5.492700	6.011600	1
63.953000	168.830000	5.492600	6.011600	1
63.939000	168.930000	3.772600	6.011800	1
63.924000	169.020000	2.052300	6.011600	1
63.909000	169.110000	3.086200	6.011800	1
65.544000	149.130000	-4.263900	6.763800	1
65.543000	149.240000	0.556440	6.763800	1
65.543000	149.350000	-0.456090	6.764100	1
65.542000	149.450000	-2.532700	6.763900	1
65.541000	149.560000	-0.798890	6.764000	1
65.540000	149.660000	-1.831900	6.763800	1
65.539000	149.770000	-2.862200	6.763800	1
65.537000	149.880000	-2.862400	6.764000	1
65.536000	149.980000	-2.862800	6.763800	1
65.535000	150.090000	-2.169400	6.763800	1
65.533000	150.190000	-3.203500	6.764000	1
65.532000	150.300000	-0.803820	6.763700	1
65.530000	150.410000	-1.484100	6.763900	1
65.529000	150.510000	-2.861000	6.763700	1
65.527000	150.620000	-2.865200	6.763500	1
65.525000	150.720000	-1.485000	6.764100	1
65.523000	150.830000	-3.202100	6.763700	1
65.521000	150.940000	-2.526000	6.763700	1
65.519000	151.040000	-2.176200	6.763900	1
65.517000	151.150000	-2.523100	6.763700	1
65.515000	151.250000	-2.173400	6.763900	1
65.513000	151.360000	-0.453650	6.764000	1
65.510000	151.460000	-2.868100	6.763700	1
65.508000	151.570000	-3.898400	6.764200	1
65.506000	151.680000	-2.178900	6.764000	1
64.099000	168.210000	-0.112780	6.764100	1
64.085000	168.300000	0.238270	6.763800	1
64.071000	168.400000	2.994900	6.764000	1
64.056000	168.490000	4.715000	6.763900	1
64.041000	168.590000	3.685000	6.763900	1
64.027000	168.680000	5.058700	6.763900	1
64.012000	168.770000	5.404800	6.763700	1
63.997000	168.870000	-2.876600	6.763800	1
63.982000	168.960000	1.607300	6.764000	1
63.967000	169.060000	0.920770	6.763700	1
63.952000	169.150000	-3.549400	6.764000	1
65.586000	149.780000	-3.932800	7.523600	1
65.585000	149.880000	-2.889100	7.523800	1
65.583000	149.990000	-1.859400	7.523500	1
65.582000	150.100000	-3.576200	7.523600	1
65.581000	150.200000	-1.860000	7.523700	1
65.579000	150.310000	-1.856800	7.523500	1
65.578000	150.410000	-3.240900	7.523700	1
65.576000	150.520000	-2.887500	7.523500	1
65.574000	150.630000	-3.928100	7.523300	1
65.572000	150.730000	-2.551700	7.523800	1
65.571000	150.840000	-0.134620	7.523500	1
65.569000	150.940000	-3.238800	7.523500	1
65.567000	151.050000	-1.862700	7.523700	1
65.564000	151.160000	-2.889600	7.523500	1
65.562000	151.260000	-2.549900	7.523700	1
65.560000	151.370000	-0.493850	7.523800	1
65.558000	151.470000	-2.890900	7.523500	1
64.144000	168.240000	3.633900	7.523800	1
64.129000	168.340000	2.260000	7.523500	1
64.115000	168.430000	2.264000	7.523800	1
64.100000	168.530000	1.567700	7.523600	1
64.086000	168.620000	1.570300	7.523700	1
64.071000	168.720000	2.257700	7.523700	1
64.056000	168.810000	3.977600	7.523500	1
64.041000	168.910000	-2.216400	7.523600	1
64.027000	169.000000	-0.146240	7.523700	1
64.012000	169.100000	0.187360	7.523500	1
63.997000	169.190000	0.543800	7.523700	1
65.625000	150.420000	-2.403500	8.277200	1
65.623000	150.530000	-2.063800	8.277100	1
65.621000	150.630000	-4.134500	8.276900	1
65.620000	150.740000	-3.438200	8.277400	1
65.618000	150.850000	-2.754900	8.277000	1
65.616000	150.950000	-2.398900	8.277100	1
65.614000	151.060000	-3.779300	8.277300	1
65.611000	151.160000	-2.749700	8.277100	1
65.609000	151.270000	-3.092500	8.277300	1
65.607000	151.380000	-1.036500	8.277300	1
65.605000	151.480000	-3.447300	8.277100	1
65.602000	151.590000	-0.344700	8.277500	1
65.600000	151.690000	-3.095500	8.277300	1
65.597000	151.800000	-5.166500	8.277100	1
65.594000	151.910000	-1.722600	8.277400	1
65.592000	152.010000	-1.376900	8.277200	1
65.589000	152.120000	0.682940	8.277200	1
65.586000	152.220000	-3.097600	8.277400	1
65.583000	152.330000	-1.727900	8.277200	1
65.580000	152.440000	1.708300	8.277400	1
65.577000	152.540000	-6.212900	8.277400	1
64.302000	167.520000	3.776500	8.277400	1
64.288000	167.610000	-1.383800	8.277200	1
64.274000	167.710000	-0.011096	8.277400	1
64.260000	167.800000	-2.765000	8.277300	1
64.245000	167.900000	-4.148900	8.277300	1
64.231000	167.990000	-3.451200	8.277500	1
64.217000	168.090000	-5.861700	8.277200	1
64.203000	168.190000	-2.071100	8.277200	1
64.188000	168.280000	-1.040800	8.277400	1
64.174000	168.380000	-1.039700	8.277100	1
64.159000	168.470000	-2.395800	8.277300	1
64.145000	168.570000	-1.733300	8.277200	1
64.130000	168.660000	-1.383200	8.277200	1
64.115000	168.760000	0.354350	8.277200	1
64.100000	168.850000	0.004184	8.277000	1
64.086000	168.940000	1.716800	8.277100	1
64.071000	169.040000	0.354250	8.277300	1
64.056000	169.130000	-3.790000	8.277000	1
64.041000	169.230000	0.340540	8.277300	1
65.672000	150.430000	-3.103800	9.036300	1
65.671000	150.530000	-2.414100	9.036100	1
65.669000	150.640000	-4.141000	9.036000	1
65.667000	150.750000	-3.110900	9.036500	1
65.665000	150.850000	-3.447700	9.036100	1
65.663000	150.960000	-2.421600	9.036200	1
65.661000	151.070000	-1.391800	9.036400	1
65.659000	151.170000	-3.112500	9.036100	1
65.657000	151.280000	-0.702500	9.036400	1
65.655000	151.390000	-2.423100	9.036400	1
65.652000	151.490000	-3.803700	9.036200	1
65.650000	151.600000	-4.137800	9.036600	1
64.318000	167.740000	-0.365590	9.036400	1
64.304000	167.840000	-0.373140	9.036400	1
64.290000	167.940000	2.040800	9.036400	1
64.276000	168.030000	-1.059200	9.036500	1
64.262000	168.130000	-1.738100	9.036300	1
64.247000	168.220000	-1.390600	9.036300	1
64.233000	168.320000	-1.040400	9.036400	1
64.218000	168.410000	-1.734300	9.036200	1
64.204000	168.510000	-3.443000	9.036400	1
64.189000	168.600000	-1.726700	9.036200	1
64.174000	168.700000	-1.036600	9.036300	1
64.160000	168.790000	-1.734200	9.036300	1
64.145000	168.890000	-0.696710	9.036100	1
64.130000	168.980000	-3.118200	9.036200	1
64.115000	169.080000	2.392300	9.036300	1
64.100000	169.170000	-2.753100	9.036100	1
64.085000	169.270000	-3.796900	9.036400	1
64.349000	167.880000	-3.721400	9.790800	1
64.335000	167.970000	-4.404000	9.790800	1
64.321000	168.070000	-3.713800	9.791000	1
64.306000	168.160000	-4.411500	9.790700	1
64.292000	168.260000	0.084092	9.790700	1
64.277000	168.360000	-2.339800	9.790900	1
64.263000	168.450000	-1.993600	9.790700	1
64.248000	168.550000	-1.993400	9.790900	1
64.234000	168.640000	-0.605810	9.790700	1
64.219000	168.740000	-3.366100	9.790800	1
64.204000	168.830000	-2.689800	9.790800	1
64.189000	168.930000	-3.029900	9.790600	1
64.174000	169.020000	-3.016100	9.790700	1
64.159000	169.120000	-4.396300	9.790800	1
64.144000	169.210000	-3.380000	9.790500	1
64.129000	169.310000	-3.368500	9.790800	1
65.760000	150.870000	-2.443600	10.549000	1
65.758000	150.980000	-3.467700	10.549000	1
65.756000	151.080000	-5.188500	10.549000	1
65.754000	151.190000	-1.398300	10.549000	1
65.752000	151.300000	-2.444900	10.549000	1
65.750000	151.400000	-2.095200	10.549000	1
65.747000	151.510000	-3.143300	10.549000	1
65.745000	151.620000	-4.506300	10.549000	1
65.742000	151.720000	-4.864400	10.549000	1
65.740000	151.830000	-3.484500	10.549000	1
65.737000	151.940000	3.395600	10.549000	1
65.734000	152.040000	-1.415100	10.549000	1
65.731000	152.150000	-2.796900	10.549000	1
65.729000	152.260000	-4.517500	10.549000	1
65.726000	152.360000	-0.751090	10.549000	1
65.722000	152.470000	-1.088900	10.549000	1
65.719000	152.580000	-5.204800	10.549000	1
65.716000	152.680000	-4.511200	10.549000	1
65.713000	152.790000	-4.171300	10.549000	1
64.450000	167.530000	-3.493700	10.549000	1
64.436000	167.630000	-1.404600	10.549000	1
64.422000	167.720000	1.346800	10.549000	1
64.408000	167.820000	-4.518900	10.549000	1
64.394000	167.910000	-2.781100	10.549000	1
64.380000	168.010000	-4.512600	10.549000	1
64.366000	168.110000	-2.458400	10.549000	1
64.351000	168.200000	-4.161300	10.549000	1
64.337000	168.300000	-0.757200	10.549000	1
64.322000	168.390000	-3.486200	10.549000	1
64.308000	168.490000	-2.456000	10.549000	1
64.293000	168.590000	-1.754500	10.549000	1
64.279000	168.680000	-1.072100	10.549000	1
64.264000	168.780000	-3.127200	10.549000	1
64.249000	168.870000	-2.783500	10.549000	1
64.234000	168.970000	-2.777200	10.548000	1
64.219000	169.060000	-4.157400	10.549000	1
64.204000	169.160000	-3.130900	10.549000	1
64.189000	169.250000	-3.133500	10.548000	1
64.174000	169.350000	-3.470900	10.549000	1
65.815000	150.450000	-4.054200	11.302000	1
65.814000	150.560000	-3.718200	11.301000	1
65.812000	150.660000	-3.024700	11.301000	1
65.810000	150.770000	-3.718700	11.302000	1
65.808000	150.880000	-2.335100	11.301000	1
65.806000	150.990000	-3.365500	11.301000	1
65.804000	151.090000	-3.723300	11.302000	1
65.802000	151.200000	-0.938350	11.301000	1
65.800000	151.310000	-2.690200	11.302000	1
65.797000	151.410000	-3.716900	11.302000	1
65.795000	151.520000	-3.721100	11.301000	1
65.793000	151.630000	-3.713900	11.302000	1
65.790000	151.730000	-2.341600	11.302000	1
65.787000	151.840000	-4.423700	11.302000	1
65.785000	151.950000	-0.637300	11.302000	1
65.782000	152.050000	-4.757100	11.302000	1
65.779000	152.160000	-4.086100	11.302000	1
65.776000	152.270000	-2.018400	11.302000	1
64.396000	168.240000	-1.316700	11.301000	1
64.382000	168.340000	-3.029400	11.301000	1
64.367000	168.430000	-0.634140	11.302000	1
64.353000	168.530000	-3.727100	11.301000	1
64.338000	168.620000	-3.726900	11.302000	1
64.323000	168.720000	-2.693000	11.301000	1
64.309000	168.820000	-3.384500	11.301000	1
64.294000	168.910000	-3.726900	11.301000	1
64.279000	169.010000	-2.689400	11.301000	1
64.264000	169.100000	-2.339200	11.301000	1
64.249000	169.200000	-4.413300	11.301000	1
64.234000	169.290000	-5.089700	11.301000	1
64.219000	169.390000	-4.409300	11.302000	1
65.865000	150.350000	-3.807500	12.056000	1
65.863000	150.460000	-4.511500	12.057000	1
65.862000	150.570000	-4.157900	12.057000	1
65.860000	150.670000	-4.157000	12.056000	1
65.858000	150.780000	-2.778100	12.057000	1
65.856000	150.890000	-4.155000	12.057000	1
65.854000	150.990000	-1.748600	12.057000	1
65.852000	151.100000	-3.119200	12.057000	1
65.850000	151.210000	-3.491000	12.057000	1
65.848000	151.320000	-3.469900	12.057000	1
65.845000	151.420000	-4.160400	12.057000	1
65.843000	151.530000	-3.810800	12.057000	1
65.841000	151.640000	-3.811000	12.057000	1
65.838000	151.740000	-4.522900	12.057000	1
65.835000	151.850000	-6.240100	12.057000	1
64.427000	168.380000	-0.394040	12.057000	1
64.412000	168.470000	-3.486900	12.057000	1
64.398000	168.570000	-3.148200	12.057000	1
64.383000	168.660000	-2.110300	12.057000	1
64.368000	168.760000	-4.528500	12.057000	1
64.354000	168.860000	-4.861000	12.057000	1
64.339000	168.950000	-4.861000	12.057000	1
64.324000	169.050000	-4.521000	12.056000	1
64.309000	169.140000	-3.838200	12.057000	1
64.294000	169.240000	-3.486800	12.057000	1
64.279000	169.330000	-4.860900	12.056000	1
64.263000	169.430000	-4.520900	12.057000	1
64.473000	168.420000	-3.131300	12.817000	1
64.458000	168.510000	-2.429900	12.817000	1
64.443000	168.610000	-2.777500	12.817000	1
64.429000	168.700000	-3.475000	12.817000	1
64.414000	168.800000	-6.228400	12.817000	1
64.399000	168.900000	-6.561000	12.817000	1
64.384000	168.990000	-5.526700	12.817000	1
64.369000	169.090000	-4.840400	12.817000	1
64.354000	169.180000	-5.866900	12.817000	1
64.339000	169.280000	-3.127400	12.817000	1
64.324000	169.370000	-3.123600	12.817000	1
64.309000	169.470000	-4.157400	12.817000	1
65.961000	150.470000	-4.929400	13.577000	1
65.959000	150.580000	-3.553100	13.576000	1
65.958000	150.690000	-3.209600	13.576000	1
65.956000	150.800000	-4.237500	13.577000	1
65.954000	150.900000	-2.863700	13.576000	1
65.952000	151.010000	-1.833800	13.576000	1
65.950000	151.120000	-3.208100	13.577000	1
65.948000	151.230000	-2.522200	13.576000	1
65.945000	151.340000	-5.283100	13.577000	1
65.943000	151.440000	-4.589400	13.576000	1
65.941000	151.550000	-4.239800	13.576000	1
65.938000	151.660000	-4.933900	13.577000	1
64.533000	168.360000	-5.291900	13.576000	1
64.518000	168.460000	-5.277000	13.576000	1
64.504000	168.550000	-0.470930	13.576000	1
64.489000	168.650000	-4.247900	13.576000	1
64.475000	168.740000	-4.601600	13.576000	1
64.460000	168.840000	-3.900300	13.576000	1
64.445000	168.940000	-3.896500	13.576000	1
64.430000	169.030000	-2.519900	13.576000	1
64.415000	169.130000	-2.523600	13.576000	1
64.400000	169.220000	-5.305500	13.576000	1
64.385000	169.320000	-1.493300	13.576000	1
64.370000	169.410000	-2.179700	13.576000	1
64.354000	169.510000	-1.839400	13.576000	1
66.013000	150.270000	-5.567600	14.329000	1
66.011000	150.370000	-3.837200	14.328000	1
66.010000	150.480000	-4.191100	14.329000	1
66.008000	150.590000	-4.870300	14.329000	1
66.006000	150.700000	-3.501600	14.328000	1
66.004000	150.810000	-3.161500	14.329000	1
66.003000	150.910000	-3.830800	14.329000	1
66.000000	151.020000	-4.536300	14.329000	1
65.998000	151.130000	-3.502500	14.329000	1
65.996000	151.240000	-2.809000	14.329000	1
65.994000	151.350000	-2.801800	14.329000	1
65.992000	151.450000	-4.190000	14.329000	1
65.989000	151.560000	-4.880500	14.329000	1
65.987000	151.670000	-6.258700	14.329000	1
65.984000	151.780000	-4.538500	14.329000	1
65.982000	151.880000	-5.583000	14.329000	1
64.593000	168.300000	-1.090400	14.329000	1
64.579000	168.400000	-5.251500	14.329000	1
64.564000	168.500000	-4.191100	14.329000	1
64.550000	168.590000	-3.859800	14.329000	1
64.535000	168.690000	-3.856100	14.329000	1
64.520000	168.780000	-4.892500	14.329000	1
64.505000	168.880000	-6.248100	14.328000	1
64.490000	168.980000	-3.859700	14.329000	1
64.476000	169.070000	-1.784200	14.329000	1
64.460000	169.170000	-0.411570	14.328000	1
64.445000	169.260000	-2.821800	14.329000	1
64.430000	169.360000	-4.534700	14.329000	1
64.415000	169.460000	-4.899700	14.328000	1
64.400000	169.550000	-2.131900	14.329000	1
66.061000	150.380000	-4.983100	15.090000	1
66.059000	150.490000	-4.639300	15.091000	1
66.058000	150.600000	-4.986100	15.090000	1
66.056000	150.710000	-3.938400	15.090000	1
66.054000	150.820000	-4.301100	15.091000	1
66.052000	150.920000	-4.984200	15.090000	1
66.050000	151.030000	-2.908800	15.090000	1
66.048000	151.140000	-3.954400	15.091000	1
66.046000	151.250000	-4.981200	15.090000	1
66.044000	151.360000	-4.291200	15.091000	1
66.041000	151.460000	-4.634100	15.090000	1
66.039000	151.570000	-4.642000	15.090000	1
66.036000	151.680000	-4.284600	15.091000	1
66.034000	151.790000	-4.990200	15.091000	1
66.031000	151.900000	-3.967600	15.091000	1
66.028000	152.000000	-2.572500	15.090000	1
66.025000	152.110000	-0.162550	15.090000	1
66.023000	152.220000	-4.658700	15.091000	1
66.020000	152.330000	-4.655400	15.091000	1
66.017000	152.430000	-3.604100	15.090000	1
66.013000	152.540000	-3.969500	15.091000	1
66.010000	152.650000	-5.339200	15.090000	1
66.007000	152.760000	-4.301700	15.091000	1
64.640000	168.340000	-0.849320	15.091000	1
64.625000	168.440000	0.165700	15.090000	1
64.611000	168.540000	-3.626300	15.090000	1
64.596000	168.630000	-4.643900	15.090000	1
64.581000	168.730000	-2.931000	15.090000	1
64.567000	168.830000	-6.014400	15.090000	1
64.552000	168.920000	-2.919700	15.090000	1
64.537000	169.020000	-3.259800	15.090000	1
64.522000	169.110000	-4.290000	15.090000	1
64.507000	169.210000	-3.964800	15.090000	1
64.492000	169.310000	-0.170230	15.090000	1
64.477000	169.400000	-0.524010	15.090000	1
64.461000	169.500000	-0.177700	15.090000	1
64.446000	169.590000	-2.934200	15.090000	1
66.114000	150.170000	-4.372100	15.847000	1
66.112000	150.280000	-3.674600	15.847000	1
66.111000	150.390000	-5.395500	15.847000	1
66.109000	150.500000	-3.343300	15.847000	1
66.107000	150.610000	-4.372600	15.847000	1
66.106000	150.720000	-3.317700	15.847000	1
66.104000	150.820000	-3.321600	15.847000	1
66.102000	150.930000	-4.023200	15.847000	1
66.100000	151.040000	-4.377400	15.847000	1
66.098000	151.150000	-3.337300	15.847000	1
66.095000	151.260000	-4.710700	15.847000	1
66.093000	151.370000	-4.714500	15.847000	1
66.091000	151.470000	-3.680700	15.847000	1
66.088000	151.580000	-4.036300	15.847000	1
66.086000	151.690000	-4.726600	15.847000	1
66.083000	151.800000	-5.066000	15.847000	1
66.081000	151.910000	-4.372200	15.847000	1
64.772000	167.800000	0.440360	15.847000	1
64.758000	167.900000	-4.377000	15.847000	1
64.744000	168.000000	-3.366500	15.847000	1
64.730000	168.090000	-1.996200	15.847000	1
64.715000	168.190000	0.764150	15.847000	1
64.701000	168.290000	0.077779	15.847000	1
64.686000	168.380000	-0.242400	15.847000	1
64.672000	168.480000	0.088923	15.847000	1
64.657000	168.580000	-1.992600	15.847000	1
64.642000	168.670000	-1.631300	15.847000	1
64.628000	168.770000	-3.359100	15.847000	1
64.613000	168.870000	-1.612500	15.847000	1
64.598000	168.960000	-4.395700	15.847000	1
64.583000	169.060000	-4.023100	15.847000	1
64.568000	169.160000	-4.388000	15.847000	1
64.553000	169.250000	1.111800	15.847000	1
64.538000	169.350000	-2.328600	15.847000	1
64.523000	169.440000	-2.306600	15.847000	1
64.507000	169.540000	-2.664100	15.847000	1
64.492000	169.640000	-3.344100	15.847000	1
66.165000	150.070000	-5.799200	16.601000	1
66.164000	150.180000	-4.078600	16.602000	1
66.162000	150.290000	-4.075000	16.601000	1
66.160000	150.400000	-5.109200	16.601000	1
66.159000	150.510000	-6.147300	16.602000	1
66.157000	150.620000	-4.769600	16.601000	1
66.155000	150.730000	-3.385600	16.601000	1
66.153000	150.830000	-4.758600	16.602000	1
66.151000	150.940000	-3.729600	16.601000	1
66.149000	151.050000	-3.382400	16.601000	1
66.147000	151.160000	-3.730100	16.602000	1
66.145000	151.270000	-4.428200	16.601000	1
66.143000	151.380000	-3.383000	16.602000	1
66.140000	151.480000	-4.417400	16.602000	1
66.138000	151.590000	-4.771600	16.601000	1
66.136000	151.700000	-5.463300	16.602000	1
66.133000	151.810000	-4.435800	16.602000	1
66.130000	151.920000	-4.779800	16.602000	1
64.660000	168.910000	-0.989870	16.601000	1
64.645000	169.010000	-4.084400	16.601000	1
64.630000	169.100000	-3.394100	16.601000	1
64.615000	169.200000	-3.726600	16.601000	1
64.600000	169.290000	-2.367500	16.601000	1
64.584000	169.390000	-5.819600	16.601000	1
64.569000	169.490000	-2.356100	16.601000	1
64.554000	169.580000	-2.013500	16.601000	1
64.538000	169.680000	-1.673400	16.601000	1
66.220000	149.760000	-5.236300	17.367000	1
66.218000	149.860000	-3.883100	17.366000	1
66.217000	149.970000	-4.559500	17.367000	1
66.216000	150.080000	-4.556200	17.366000	1
66.214000	150.190000	-4.913700	17.367000	1
66.213000	150.300000	-4.560000	17.366000	1
66.211000	150.410000	-4.896600	17.366000	1
66.210000	150.520000	-4.206300	17.367000	1
66.208000	150.630000	-4.553000	17.366000	1
66.206000	150.740000	-4.210400	17.366000	1
66.204000	150.840000	-4.900900	17.367000	1
66.202000	150.950000	-3.520600	17.366000	1
66.200000	151.060000	-3.534500	17.366000	1
66.198000	151.170000	-3.517300	17.367000	1
66.196000	151.280000	-3.864000	17.366000	1
66.194000	151.390000	-3.521500	17.367000	1
66.191000	151.500000	-4.558200	17.366000	1
66.189000	151.600000	-4.204900	17.366000	1
66.186000	151.710000	-4.555200	17.367000	1
64.722000	168.860000	0.244530	17.366000	1
64.707000	168.950000	-4.572800	17.366000	1
64.692000	169.050000	-5.234600	17.366000	1
64.677000	169.150000	-1.124400	17.366000	1
64.662000	169.240000	-4.916400	17.366000	1
64.647000	169.340000	-3.882400	17.366000	1
64.632000	169.440000	-3.886100	17.366000	1
64.616000	169.530000	-2.161700	17.366000	1
64.601000	169.630000	-2.838300	17.366000	1
64.586000	169.720000	-2.852900	17.366000	1
64.900000	168.020000	-0.887060	18.127000	1
64.886000	168.120000	-2.245200	18.127000	1
64.872000	168.220000	-2.263700	18.127000	1
64.857000	168.320000	-0.554560	18.127000	1
64.843000	168.410000	-4.704400	18.127000	1
64.828000	168.510000	-3.978600	18.127000	1
64.814000	168.610000	0.170930	18.127000	1
64.799000	168.710000	0.493670	18.127000	1
64.784000	168.800000	-1.916700	18.127000	1
64.769000	168.900000	-2.253000	18.127000	1
64.755000	169.000000	-1.562700	18.127000	1
64.740000	169.090000	-2.245500	18.127000	1
64.725000	169.190000	-2.578200	18.127000	1
64.710000	169.290000	-3.618400	18.127000	1
64.694000	169.380000	-5.340300	18.126000	1
64.679000	169.480000	-2.935400	18.127000	1
64.664000	169.580000	-2.927900	18.127000	1
64.649000	169.670000	-2.581600	18.127000	1
64.633000	169.770000	-3.959300	18.127000	1