La	Lo	Sig	Theta	Ice
57.039000	140.930000	-4.636200	-18.182000	1
57.012000	140.990000	-5.670400	-18.182000	1
56.985000	141.060000	-6.023200	-18.182000	1
56.958000	141.120000	-6.357000	-18.182000	1
56.931000	141.180000	-5.678000	-18.182000	1
56.904000	141.250000	-5.319100	-18.182000	1
56.877000	141.310000	-6.020800	-18.182000	1
56.850000	141.370000	-5.684500	-18.182000	1
56.823000	141.440000	-6.034500	-18.182000	1
56.796000	141.500000	-6.701100	-18.182000	1
56.769000	141.560000	-5.329600	-18.182000	1
56.742000	141.630000	-4.636700	-18.182000	1
56.714000	141.690000	-3.606000	-18.182000	1
56.687000	141.750000	-4.972800	-18.182000	1
56.660000	141.810000	-4.965300	-18.182000	1
56.632000	141.880000	-4.292200	-18.182000	1
56.605000	141.940000	-5.680200	-18.182000	1
56.578000	142.000000	-6.012700	-18.182000	1
56.550000	142.060000	-5.673500	-18.182000	1
56.523000	142.120000	-5.668600	-18.182000	1
56.495000	142.190000	-4.978000	-18.182000	1
56.468000	142.250000	-4.308700	-18.182000	1
56.440000	142.310000	-4.290800	-18.182000	1
56.412000	142.370000	-5.325000	-18.182000	1
56.385000	142.430000	-6.004000	-18.182000	1
56.357000	142.490000	-4.974400	-18.182000	1
56.329000	142.560000	-4.634300	-18.182000	1
56.302000	142.620000	-5.675700	-18.182000	1
56.274000	142.680000	-7.042200	-18.182000	1
56.246000	142.740000	-7.382200	-18.182000	1
56.218000	142.800000	-6.702900	-18.182000	1
56.190000	142.860000	-5.674800	-18.182000	1
56.162000	142.920000	-6.358700	-18.182000	1
56.134000	142.980000	-5.668600	-18.182000	1
56.106000	143.040000	-4.301600	-18.181000	1
56.078000	143.100000	-3.596600	-18.182000	1
56.050000	143.160000	-4.297900	-18.182000	1
56.022000	143.220000	-5.321300	-18.182000	1
55.994000	143.290000	-5.668600	-18.182000	1
55.966000	143.350000	-4.304500	-18.181000	1
55.937000	143.410000	-3.250400	-18.182000	1
55.909000	143.470000	-2.917700	-18.182000	1
55.881000	143.530000	-3.608200	-18.181000	1
55.853000	143.590000	-3.265300	-18.182000	1
55.824000	143.640000	-1.540300	-18.182000	1
55.796000	143.700000	-2.241700	-18.181000	1
55.767000	143.760000	-0.861540	-18.182000	1
57.080000	140.980000	-6.879900	-17.425000	1
57.053000	141.050000	-5.158800	-17.424000	1
57.026000	141.110000	-5.158900	-17.424000	1
56.999000	141.180000	-6.542200	-17.425000	1
56.972000	141.240000	-5.509200	-17.424000	1
56.945000	141.300000	-5.511700	-17.425000	1
56.918000	141.370000	-5.165100	-17.424000	1
56.891000	141.430000	-4.827800	-17.424000	1
56.864000	141.490000	-5.511600	-17.425000	1
56.837000	141.560000	-5.165300	-17.424000	1
56.809000	141.620000	-5.172500	-17.424000	1
56.782000	141.680000	-4.134600	-17.424000	1
56.755000	141.740000	-5.172400	-17.424000	1
56.728000	141.810000	-5.161000	-17.424000	1
56.700000	141.870000	-4.128000	-17.424000	1
56.673000	141.930000	-4.818200	-17.424000	1
56.645000	141.990000	-4.824400	-17.424000	1
56.618000	142.060000	-4.474300	-17.424000	1
56.591000	142.120000	-5.160600	-17.424000	1
56.563000	142.180000	-4.137400	-17.424000	1
56.535000	142.240000	-4.126100	-17.424000	1
56.508000	142.300000	-4.813800	-17.424000	1
56.480000	142.370000	-5.857500	-17.424000	1
56.453000	142.430000	-4.813100	-17.424000	1
56.425000	142.490000	-5.509600	-17.424000	1
56.397000	142.550000	-4.475400	-17.424000	1
56.369000	142.610000	-6.193600	-17.424000	1
56.342000	142.670000	-6.873600	-17.424000	1
56.314000	142.730000	-7.224400	-17.424000	1
56.286000	142.800000	-5.860700	-17.424000	1
56.258000	142.860000	-5.152900	-17.424000	1
56.230000	142.920000	-5.153000	-17.424000	1
56.202000	142.980000	-5.170300	-17.424000	1
56.174000	143.040000	-5.517000	-17.424000	1
56.146000	143.100000	-5.857300	-17.424000	1
56.118000	143.160000	-6.203600	-17.424000	1
56.090000	143.220000	-3.446300	-17.424000	1
56.062000	143.280000	-4.486900	-17.424000	1
56.033000	143.340000	-5.149700	-17.424000	1
56.005000	143.400000	-6.201500	-17.424000	1
55.977000	143.460000	-3.792900	-17.424000	1
55.949000	143.520000	-3.435400	-17.424000	1
55.920000	143.580000	-3.095500	-17.424000	1
55.892000	143.640000	-2.405300	-17.424000	1
55.864000	143.700000	-2.070100	-17.424000	1
55.835000	143.760000	-2.412900	-17.424000	1
55.807000	143.820000	-1.382800	-17.424000	1
57.121000	141.040000	-6.095800	-16.662000	1
57.094000	141.100000	-5.409200	-16.662000	1
57.067000	141.170000	-5.401900	-16.662000	1
57.040000	141.230000	-5.409200	-16.662000	1
57.013000	141.290000	-5.783400	-16.662000	1
56.986000	141.360000	-5.756200	-16.662000	1
56.959000	141.420000	-5.787600	-16.662000	1
56.932000	141.480000	-5.756400	-16.662000	1
56.904000	141.550000	-6.096200	-16.662000	1
56.877000	141.610000	-5.752500	-16.662000	1
56.850000	141.670000	-4.733100	-16.662000	1
56.823000	141.740000	-4.375300	-16.662000	1
56.795000	141.800000	-4.725400	-16.661000	1
56.768000	141.860000	-4.058700	-16.662000	1
56.741000	141.920000	-5.096500	-16.662000	1
56.713000	141.990000	-4.748800	-16.661000	1
56.686000	142.050000	-5.072300	-16.662000	1
56.658000	142.110000	-4.382000	-16.662000	1
56.631000	142.170000	-4.724600	-16.661000	1
56.603000	142.240000	-3.707800	-16.662000	1
56.576000	142.300000	-5.071900	-16.661000	1
56.548000	142.360000	-4.381400	-16.661000	1
56.520000	142.420000	-4.731400	-16.662000	1
56.493000	142.480000	-5.084100	-16.661000	1
56.465000	142.540000	-4.377200	-16.662000	1
56.437000	142.610000	-4.743700	-16.661000	1
56.409000	142.670000	-5.757900	-16.661000	1
56.382000	142.730000	-6.090500	-16.662000	1
56.354000	142.790000	-6.788100	-16.661000	1
56.326000	142.850000	-5.407800	-16.661000	1
56.298000	142.910000	-4.750900	-16.661000	1
56.270000	142.970000	-4.404700	-16.661000	1
56.242000	143.030000	-4.037000	-16.661000	1
56.214000	143.100000	-4.064500	-16.661000	1
56.186000	143.160000	-4.743800	-16.661000	1
56.158000	143.220000	-4.727400	-16.661000	1
56.130000	143.280000	-4.037200	-16.661000	1
56.101000	143.340000	-4.030000	-16.661000	1
56.073000	143.400000	-4.395100	-16.661000	1
56.045000	143.460000	-5.428200	-16.661000	1
56.017000	143.520000	-5.419400	-16.661000	1
55.988000	143.580000	-3.707500	-16.661000	1
55.960000	143.640000	-3.358700	-16.661000	1
55.932000	143.700000	-4.747900	-16.661000	1
55.903000	143.760000	-5.064400	-16.661000	1
55.875000	143.820000	-0.609670	-16.661000	1
55.846000	143.880000	1.816800	-16.661000	1
57.161000	141.090000	-5.340600	-15.904000	1
57.134000	141.160000	-5.340700	-15.904000	1
57.107000	141.220000	-5.000500	-15.904000	1
57.080000	141.290000	-4.650400	-15.904000	1
57.053000	141.350000	-3.960200	-15.904000	1
57.026000	141.410000	-4.302700	-15.904000	1
56.999000	141.480000	-5.333400	-15.904000	1
56.972000	141.540000	-5.673600	-15.904000	1
56.944000	141.600000	-4.674300	-15.904000	1
56.917000	141.670000	-3.952800	-15.904000	1
56.890000	141.730000	-4.302800	-15.904000	1
56.863000	141.790000	-3.966200	-15.904000	1
56.835000	141.850000	-4.646900	-15.903000	1
56.808000	141.920000	-3.962800	-15.904000	1
56.780000	141.980000	-4.330000	-15.904000	1
56.753000	142.040000	-4.299000	-15.903000	1
56.726000	142.100000	-3.962200	-15.904000	1
56.698000	142.170000	-4.305900	-15.904000	1
56.670000	142.230000	-4.652200	-15.903000	1
56.643000	142.290000	-5.013300	-15.904000	1
56.615000	142.350000	-4.669500	-15.903000	1
56.588000	142.420000	-5.001800	-15.903000	1
56.560000	142.480000	-6.024400	-15.904000	1
56.532000	142.540000	-4.987700	-15.903000	1
56.504000	142.600000	-3.632000	-15.904000	1
56.477000	142.660000	-4.651000	-15.903000	1
56.449000	142.720000	-5.352700	-15.903000	1
56.421000	142.780000	-5.681500	-15.904000	1
56.393000	142.850000	-4.644800	-15.903000	1
56.365000	142.910000	-4.992500	-15.903000	1
56.337000	142.970000	-5.331300	-15.903000	1
56.309000	143.030000	-3.974600	-15.903000	1
56.281000	143.090000	-4.642300	-15.903000	1
56.253000	143.150000	-4.318600	-15.903000	1
56.225000	143.210000	-4.302400	-15.903000	1
56.197000	143.270000	-5.331500	-15.903000	1
56.169000	143.330000	-5.672000	-15.903000	1
56.141000	143.390000	-4.641400	-15.903000	1
56.112000	143.450000	-4.642900	-15.903000	1
56.084000	143.510000	-4.666600	-15.903000	1
56.056000	143.570000	-5.016500	-15.903000	1
56.027000	143.630000	-1.914600	-15.903000	1
55.999000	143.690000	-1.892300	-15.903000	1
55.971000	143.750000	-3.612500	-15.903000	1
55.942000	143.810000	-2.603700	-15.903000	1
55.914000	143.870000	-2.228800	-15.903000	1
55.885000	143.930000	0.522770	-15.903000	1
55.857000	143.990000	-1.537700	-15.903000	1
57.201000	141.150000	-5.669100	-15.148000	1
57.174000	141.210000	-4.638900	-15.148000	1
57.147000	141.280000	-4.302400	-15.148000	1
57.120000	141.340000	-5.343900	-15.148000	1
57.093000	141.400000	-4.975700	-15.148000	1
57.066000	141.470000	-3.936600	-15.148000	1
57.038000	141.530000	-5.333500	-15.148000	1
57.011000	141.590000	-6.370100	-15.147000	1
56.984000	141.660000	-4.975600	-15.148000	1
56.957000	141.720000	-4.967000	-15.147000	1
56.929000	141.780000	-4.649200	-15.147000	1
56.902000	141.850000	-5.316800	-15.148000	1
56.875000	141.910000	-4.975300	-15.147000	1
56.847000	141.970000	-4.611300	-15.147000	1
56.820000	142.030000	-4.988900	-15.147000	1
56.792000	142.100000	-4.642500	-15.147000	1
56.765000	142.160000	-4.299600	-15.148000	1
56.737000	142.220000	-2.927800	-15.147000	1
56.710000	142.280000	-4.642100	-15.147000	1
56.682000	142.350000	-3.951500	-15.148000	1
56.654000	142.410000	-3.951400	-15.147000	1
56.627000	142.470000	-4.641500	-15.147000	1
56.599000	142.530000	-4.970300	-15.148000	1
56.571000	142.590000	-3.947500	-15.147000	1
56.544000	142.660000	-3.931000	-15.148000	1
56.516000	142.720000	-3.947200	-15.147000	1
56.488000	142.780000	-3.930900	-15.147000	1
56.460000	142.840000	-4.969800	-15.148000	1
56.432000	142.900000	-4.637400	-15.147000	1
56.404000	142.960000	-5.311100	-15.147000	1
56.376000	143.020000	-4.287100	-15.147000	1
56.348000	143.080000	-3.580700	-15.147000	1
56.320000	143.150000	-0.830180	-15.147000	1
56.292000	143.210000	-4.644800	-15.147000	1
56.264000	143.270000	-4.977700	-15.147000	1
56.236000	143.330000	-4.271200	-15.147000	1
56.207000	143.390000	-5.651800	-15.147000	1
56.179000	143.450000	-4.267700	-15.147000	1
56.151000	143.510000	-3.237400	-15.147000	1
56.123000	143.570000	-3.268700	-15.147000	1
56.094000	143.630000	1.209400	-15.147000	1
56.066000	143.690000	-1.204600	-15.147000	1
56.037000	143.750000	-1.202300	-15.147000	1
56.009000	143.810000	-0.512060	-15.147000	1
55.981000	143.870000	-4.293000	-15.147000	1
55.952000	143.930000	-2.920200	-15.147000	1
55.924000	143.990000	-2.897800	-15.147000	1
55.895000	144.050000	-1.517700	-15.147000	1
57.240000	141.200000	-5.217300	-14.394000	1
57.213000	141.270000	-3.490600	-14.394000	1
57.186000	141.330000	-3.838300	-14.394000	1
57.159000	141.390000	-2.804100	-14.394000	1
57.132000	141.460000	-2.804300	-14.393000	1
57.105000	141.520000	-4.878600	-14.394000	1
57.078000	141.590000	-4.163400	-14.394000	1
57.050000	141.650000	-4.874900	-14.393000	1
57.023000	141.710000	-3.469400	-14.394000	1
56.996000	141.780000	-2.808100	-14.393000	1
56.968000	141.840000	-5.214800	-14.393000	1
56.941000	141.900000	-4.870900	-14.394000	1
56.914000	141.960000	-4.503200	-14.393000	1
56.886000	142.030000	-4.524300	-14.393000	1
56.859000	142.090000	-5.880000	-14.393000	1
56.831000	142.150000	-4.183000	-14.393000	1
56.804000	142.210000	-4.524200	-14.394000	1
56.776000	142.280000	-4.522900	-14.393000	1
56.749000	142.340000	-4.180200	-14.393000	1
56.721000	142.400000	-4.516200	-14.394000	1
56.693000	142.460000	-4.176100	-14.393000	1
56.666000	142.530000	-4.175900	-14.393000	1
56.638000	142.590000	-4.519600	-14.393000	1
56.610000	142.650000	-4.181900	-14.393000	1
56.582000	142.710000	-3.485300	-14.394000	1
56.554000	142.770000	-4.523000	-14.393000	1
56.526000	142.830000	-4.179200	-14.393000	1
56.499000	142.900000	-4.519100	-14.393000	1
56.471000	142.960000	-4.176600	-14.393000	1
56.443000	143.020000	-4.865500	-14.393000	1
56.415000	143.080000	-4.519100	-14.393000	1
56.387000	143.140000	-3.821700	-14.393000	1
56.358000	143.200000	-4.175400	-14.393000	1
56.330000	143.260000	-3.145200	-14.393000	1
56.302000	143.320000	-4.863500	-14.393000	1
56.274000	143.380000	-3.825600	-14.393000	1
56.246000	143.440000	-3.485700	-14.393000	1
56.217000	143.500000	-2.800600	-14.393000	1
56.189000	143.560000	0.307450	-14.393000	1
56.161000	143.620000	0.648650	-14.393000	1
56.132000	143.690000	2.027500	-14.393000	1
57.333000	141.130000	-5.177600	-13.636000	1
57.306000	141.190000	-3.799800	-13.636000	1
57.279000	141.260000	-5.163700	-13.636000	1
57.252000	141.320000	-3.093200	-13.636000	1
57.225000	141.390000	-3.095800	-13.636000	1
57.198000	141.450000	-3.093200	-13.636000	1
57.171000	141.510000	-4.144900	-13.636000	1
57.144000	141.580000	-4.501200	-13.636000	1
57.117000	141.640000	-4.813700	-13.636000	1
57.089000	141.700000	-5.514500	-13.636000	1
57.062000	141.770000	-4.810300	-13.636000	1
57.035000	141.830000	-3.780200	-13.636000	1
57.007000	141.890000	-3.453800	-13.636000	1
56.980000	141.960000	-4.837700	-13.636000	1
56.953000	142.020000	-4.483900	-13.636000	1
56.925000	142.080000	-4.491200	-13.636000	1
56.898000	142.140000	-4.469900	-13.636000	1
56.870000	142.210000	-3.453400	-13.636000	1
56.843000	142.270000	-4.119500	-13.636000	1
56.815000	142.330000	-4.494600	-13.636000	1
56.787000	142.390000	-3.466700	-13.636000	1
56.760000	142.460000	-3.792900	-13.636000	1
56.732000	142.520000	-3.116400	-13.636000	1
56.704000	142.580000	-3.792600	-13.636000	1
56.676000	142.640000	-4.140000	-13.636000	1
56.649000	142.700000	-4.830100	-13.636000	1
56.621000	142.770000	-3.452000	-13.636000	1
56.593000	142.830000	-4.486200	-13.636000	1
56.565000	142.890000	-3.774700	-13.636000	1
56.537000	142.950000	-4.135900	-13.636000	1
56.509000	143.010000	-4.135900	-13.636000	1
56.481000	143.070000	-3.774600	-13.636000	1
56.453000	143.130000	-3.455800	-13.636000	1
56.425000	143.190000	-3.463500	-13.636000	1
56.397000	143.260000	1.714800	-13.636000	1
56.369000	143.320000	-1.049200	-13.636000	1
56.340000	143.380000	-3.098500	-13.635000	1
56.312000	143.440000	-3.462300	-13.636000	1
56.284000	143.500000	-3.788700	-13.636000	1
56.256000	143.560000	-1.728300	-13.636000	1
56.227000	143.620000	1.372000	-13.636000	1
56.199000	143.680000	2.388100	-13.636000	1
57.626000	140.720000	-5.453700	-12.117000	1
57.600000	140.790000	-1.999000	-12.117000	1
57.573000	140.850000	-1.322500	-12.117000	1
57.546000	140.920000	-0.962980	-12.117000	1
57.519000	140.980000	-3.713400	-12.117000	1
57.492000	141.040000	-2.676800	-12.117000	1
57.465000	141.110000	-1.655300	-12.117000	1
57.438000	141.170000	-2.682900	-12.117000	1
57.411000	141.240000	-1.995200	-12.117000	1
57.384000	141.300000	-3.729400	-12.117000	1
57.357000	141.370000	-4.751900	-12.117000	1
57.330000	141.430000	-3.713100	-12.116000	1
57.303000	141.490000	0.064978	-12.117000	1
57.276000	141.560000	-3.706800	-12.117000	1
57.249000	141.620000	-2.699200	-12.116000	1
57.222000	141.690000	-5.786100	-12.117000	1
57.194000	141.750000	-5.786200	-12.116000	1
57.167000	141.810000	-4.745900	-12.116000	1
57.140000	141.880000	-3.025300	-12.117000	1
57.112000	141.940000	-2.345300	-12.116000	1
57.085000	142.000000	-3.385700	-12.116000	1
57.057000	142.060000	-4.756000	-12.117000	1
57.030000	142.130000	-4.062100	-12.116000	1
57.002000	142.190000	-3.019400	-12.116000	1
56.975000	142.250000	-3.369400	-12.116000	1
56.947000	142.320000	-3.725700	-12.116000	1
56.920000	142.380000	-3.012900	-12.117000	1
56.892000	142.440000	-2.679000	-12.116000	1
56.864000	142.500000	-3.035200	-12.116000	1
56.836000	142.570000	-3.018700	-12.117000	1
56.809000	142.630000	-3.708800	-12.116000	1
56.781000	142.690000	-3.711100	-12.116000	1
56.753000	142.750000	-4.414900	-12.116000	1
56.725000	142.810000	-4.414800	-12.116000	1
56.697000	142.880000	-4.058300	-12.117000	1
56.669000	142.940000	-3.362000	-12.116000	1
56.641000	143.000000	-3.708100	-12.116000	1
56.613000	143.060000	-3.011700	-12.116000	1
56.585000	143.120000	-2.668100	-12.116000	1
56.557000	143.180000	-2.674200	-12.116000	1
56.529000	143.240000	-2.327900	-12.116000	1
56.501000	143.310000	-2.674300	-12.116000	1
56.473000	143.370000	-0.280190	-12.116000	1
56.445000	143.430000	-3.364500	-12.116000	1
56.416000	143.490000	-2.672100	-12.116000	1
56.388000	143.550000	-2.000600	-12.116000	1
56.360000	143.610000	-3.698600	-12.116000	1
56.331000	143.670000	-3.362200	-12.116000	1
56.303000	143.730000	-2.328300	-12.116000	1
56.275000	143.790000	3.849700	-12.116000	1
57.718000	140.640000	-3.643500	-11.363000	1
57.692000	140.710000	-2.624400	-11.363000	1
57.665000	140.770000	-0.213950	-11.363000	1
57.638000	140.840000	-0.553900	-11.363000	1
57.611000	140.900000	-1.239900	-11.363000	1
57.584000	140.970000	-1.579900	-11.363000	1
57.558000	141.030000	-7.091100	-11.363000	1
57.531000	141.100000	-1.933500	-11.363000	1
57.504000	141.160000	-0.557200	-11.363000	1
57.477000	141.230000	-2.273400	-11.363000	1
57.450000	141.290000	-2.619700	-11.363000	1
57.423000	141.360000	0.476790	-11.363000	1
57.396000	141.420000	-3.653700	-11.363000	1
57.368000	141.480000	-3.307500	-11.363000	1
57.341000	141.550000	-1.239500	-11.363000	1
57.314000	141.610000	-3.993600	-11.363000	1
57.287000	141.680000	-1.937300	-11.363000	1
57.260000	141.740000	-3.993700	-11.363000	1
57.232000	141.800000	-4.337900	-11.363000	1
57.205000	141.870000	-3.987900	-11.363000	1
57.178000	141.930000	-3.650200	-11.363000	1
57.150000	141.990000	-1.933700	-11.363000	1
57.123000	142.060000	-3.654100	-11.363000	1
57.095000	142.120000	-3.650300	-11.363000	1
57.068000	142.180000	-4.338100	-11.363000	1
57.040000	142.240000	-3.303900	-11.363000	1
57.013000	142.310000	-3.650200	-11.363000	1
56.985000	142.370000	-3.300200	-11.363000	1
56.957000	142.430000	-3.300000	-11.363000	1
56.930000	142.500000	-3.303600	-11.363000	1
56.902000	142.560000	-3.646200	-11.363000	1
56.874000	142.620000	-3.649600	-11.363000	1
56.846000	142.680000	-3.645900	-11.363000	1
56.819000	142.740000	-3.987100	-11.363000	1
56.791000	142.810000	-3.296800	-11.363000	1
56.763000	142.870000	-3.643200	-11.363000	1
56.735000	142.930000	-3.649300	-11.363000	1
56.707000	142.990000	-4.335600	-11.363000	1
56.679000	143.050000	-3.642900	-11.363000	1
56.651000	143.110000	-3.295200	-11.363000	1
56.623000	143.180000	-1.238800	-11.363000	1
56.595000	143.240000	-2.956500	-11.363000	1
56.566000	143.300000	-1.232500	-11.363000	1
56.538000	143.360000	-2.265100	-11.363000	1
56.510000	143.420000	-2.952800	-11.363000	1
56.482000	143.480000	-2.956600	-11.363000	1
56.454000	143.540000	-2.269100	-11.363000	1
56.425000	143.600000	-1.578900	-11.363000	1
56.397000	143.660000	-2.613000	-11.363000	1
56.369000	143.720000	-1.594100	-11.363000	1
56.340000	143.780000	-2.956800	-11.363000	1
56.312000	143.850000	2.554900	-11.363000	1
57.461000	141.410000	-1.931400	-10.602000	1
57.434000	141.470000	-3.636400	-10.603000	1
57.407000	141.540000	-2.274300	-10.602000	1
57.380000	141.600000	-1.930400	-10.602000	1
57.352000	141.670000	-2.964200	-10.603000	1
57.325000	141.730000	-3.644400	-10.602000	1
57.298000	141.790000	-2.614100	-10.603000	1
57.271000	141.860000	-3.304300	-10.602000	1
57.243000	141.920000	-4.334600	-10.602000	1
57.216000	141.980000	-1.240200	-10.602000	1
57.188000	142.050000	-3.644500	-10.602000	1
57.161000	142.110000	-3.648200	-10.602000	1
57.133000	142.170000	-3.308200	-10.602000	1
57.106000	142.240000	-2.618100	-10.602000	1
57.078000	142.300000	-3.644400	-10.602000	1
57.051000	142.360000	-2.968100	-10.602000	1
57.023000	142.420000	-4.702300	-10.602000	1
56.995000	142.490000	-3.648100	-10.602000	1
56.968000	142.550000	-2.970400	-10.602000	1
56.940000	142.610000	-3.640700	-10.602000	1
56.912000	142.670000	-2.960300	-10.602000	1
56.884000	142.740000	-2.960300	-10.602000	1
56.856000	142.800000	-3.306400	-10.602000	1
56.828000	142.860000	-3.640100	-10.602000	1
56.800000	142.920000	-3.306200	-10.602000	1
56.773000	142.980000	-2.273300	-10.602000	1
56.745000	143.050000	-0.216910	-10.602000	1
56.717000	143.110000	-1.583200	-10.602000	1
56.688000	143.170000	0.115710	-10.602000	1
56.660000	143.230000	-2.613300	-10.602000	1
56.632000	143.290000	-1.923200	-10.602000	1
56.604000	143.350000	-1.579400	-10.602000	1
56.576000	143.410000	-0.566920	-10.602000	1
56.548000	143.480000	-2.613300	-10.602000	1
56.519000	143.540000	-1.583200	-10.602000	1
56.491000	143.600000	-2.959700	-10.602000	1
56.463000	143.660000	-1.225800	-10.602000	1
56.434000	143.720000	0.488030	-10.602000	1
56.406000	143.780000	-1.579700	-10.602000	1
56.377000	143.840000	-1.919700	-10.602000	1
56.349000	143.900000	0.488000	-10.602000	1
56.320000	143.960000	2.900600	-10.602000	1
57.553000	141.330000	-3.290100	-9.846600	1
57.526000	141.400000	-3.293900	-9.846300	1
57.499000	141.460000	-1.913800	-9.846300	1
57.472000	141.530000	-3.637700	-9.846500	1
57.445000	141.590000	-1.221200	-9.846200	1
57.418000	141.660000	-0.193480	-9.846300	1
57.390000	141.720000	-3.293700	-9.846400	1
57.363000	141.780000	-3.637700	-9.846200	1
57.336000	141.850000	-1.913500	-9.846400	1
57.308000	141.910000	-4.664100	-9.846100	1
57.281000	141.970000	-2.253700	-9.846100	1
57.254000	142.040000	-1.563600	-9.846300	1
57.226000	142.100000	-2.943900	-9.846100	1
57.199000	142.160000	-2.941400	-9.846100	1
57.171000	142.230000	-2.941400	-9.846200	1
57.143000	142.290000	-3.291600	-9.846000	1
57.116000	142.350000	-2.601400	-9.846200	1
57.088000	142.420000	-3.294100	-9.846100	1
57.060000	142.480000	-3.294300	-9.845800	1
57.033000	142.540000	-3.287800	-9.846200	1
57.005000	142.600000	-3.287900	-9.846100	1
56.977000	142.670000	-1.907600	-9.846000	1
56.949000	142.730000	-2.943700	-9.846300	1
56.922000	142.790000	-3.627700	-9.845900	1
56.894000	142.850000	-3.627400	-9.846200	1
56.866000	142.910000	-1.907000	-9.846100	1
56.838000	142.980000	-1.909500	-9.845900	1
56.810000	143.040000	1.869700	-9.846300	1
56.782000	143.100000	-1.556800	-9.846000	1
56.754000	143.160000	-0.526600	-9.846000	1
56.726000	143.220000	0.844910	-9.846200	1
56.698000	143.290000	2.573600	-9.845900	1
56.669000	143.350000	-1.216600	-9.846100	1
56.641000	143.410000	-1.556600	-9.846100	1
56.613000	143.470000	-0.529080	-9.845900	1
56.585000	143.530000	-2.933100	-9.846100	1
56.556000	143.590000	-2.593100	-9.846000	1
56.528000	143.650000	-2.243200	-9.845800	1
56.500000	143.710000	-2.593100	-9.846100	1
56.471000	143.770000	-1.909400	-9.845900	1
56.443000	143.830000	0.167070	-9.846000	1
56.414000	143.890000	-0.182980	-9.846000	1
56.386000	143.950000	6.349700	-9.845900	1
57.645000	141.260000	-1.989600	-9.092100	1
57.618000	141.320000	-3.027300	-9.091800	1
57.591000	141.390000	0.413300	-9.092200	1
57.564000	141.450000	0.079416	-9.091900	1
57.537000	141.520000	-2.323200	-9.091900	1
57.510000	141.580000	-2.323100	-9.092100	1
57.482000	141.650000	-1.633100	-9.091800	1
57.455000	141.710000	-0.610470	-9.092000	1
57.428000	141.770000	-2.694400	-9.092000	1
57.401000	141.840000	-0.252990	-9.091800	1
57.373000	141.900000	-2.336800	-9.092100	1
57.346000	141.960000	-4.057200	-9.091800	1
57.318000	142.030000	-4.051000	-9.091800	1
57.291000	142.090000	-0.950600	-9.091900	1
57.263000	142.150000	-1.987100	-9.091700	1
57.236000	142.220000	-1.987100	-9.091800	1
57.208000	142.280000	-2.659800	-9.091900	1
57.181000	142.340000	-3.017400	-9.091600	1
57.153000	142.410000	-3.009800	-9.091800	1
57.125000	142.470000	-1.297200	-9.091800	1
57.098000	142.530000	-2.667400	-9.091500	1
57.070000	142.600000	-1.297100	-9.091900	1
57.042000	142.660000	-1.637200	-9.091700	1
57.014000	142.720000	-1.643400	-9.091600	1
56.986000	142.780000	-3.357200	-9.091900	1
56.959000	142.840000	-1.637000	-9.091500	1
56.931000	142.910000	-2.666800	-9.091800	1
56.903000	142.970000	-1.982900	-9.091800	1
56.875000	143.030000	-0.952760	-9.091600	1
56.847000	143.090000	0.417580	-9.091900	1
56.819000	143.150000	1.780100	-9.091700	1
56.791000	143.220000	0.400040	-9.091700	1
56.763000	143.280000	0.423940	-9.091800	1
56.734000	143.340000	3.867700	-9.091600	1
56.706000	143.400000	-2.322600	-9.091700	1
56.678000	143.460000	-0.966230	-9.091800	1
56.650000	143.520000	-1.972700	-9.091500	1
56.621000	143.580000	-1.292500	-9.091700	1
56.593000	143.650000	-2.662700	-9.091700	1
56.565000	143.710000	-3.030400	-9.091500	1
56.536000	143.770000	-1.972600	-9.091700	1
56.508000	143.830000	-2.346500	-9.091500	1
56.479000	143.890000	-1.316400	-9.091700	1
56.451000	143.950000	2.140000	-9.091700	1
56.422000	144.010000	7.983900	-9.091600	1
57.656000	141.380000	-1.993400	-8.335500	1
57.629000	141.440000	1.453400	-8.335900	1
57.602000	141.510000	2.137000	-8.335600	1
57.574000	141.570000	-1.646900	-8.335600	1
57.547000	141.630000	-0.960460	-8.335800	1
57.520000	141.700000	0.417020	-8.335500	1
57.493000	141.760000	0.067125	-8.335700	1
57.465000	141.830000	-2.326800	-8.335700	1
57.438000	141.890000	0.073271	-8.335500	1
57.411000	141.950000	-2.333100	-8.335800	1
57.383000	142.020000	-3.020800	-8.335500	1
57.356000	142.080000	-1.990800	-8.335500	1
57.328000	142.150000	-0.603310	-8.335600	1
57.301000	142.210000	-1.983500	-8.335400	1
57.273000	142.270000	-2.323600	-8.335500	1
57.246000	142.330000	-2.673500	-8.335600	1
57.218000	142.400000	-1.987300	-8.335300	1
57.190000	142.460000	-2.323600	-8.335500	1
57.163000	142.520000	-1.647200	-8.335500	1
57.135000	142.590000	-1.297400	-8.335200	1
57.107000	142.650000	-2.327200	-8.335600	1
57.079000	142.710000	-0.280840	-8.335400	1
57.051000	142.770000	-1.297100	-8.335400	1
57.024000	142.840000	-0.603170	-8.335600	1
56.996000	142.900000	-0.953330	-8.335200	1
56.968000	142.960000	0.073263	-8.335600	1
56.940000	143.020000	1.113400	-8.335500	1
56.912000	143.090000	4.207300	-8.335300	1
56.884000	143.150000	1.113700	-8.335700	1
56.856000	143.210000	2.143700	-8.335400	1
56.827000	143.270000	2.491200	-8.335400	1
56.799000	143.330000	4.901400	-8.335500	1
56.771000	143.390000	2.491200	-8.335300	1
56.743000	143.450000	-1.642700	-8.335400	1
56.715000	143.520000	-1.292600	-8.335500	1
56.686000	143.580000	0.077394	-8.335300	1
56.658000	143.640000	-0.616280	-8.335400	1
56.630000	143.700000	-1.292600	-8.335400	1
56.601000	143.760000	-1.306500	-8.335200	1
56.573000	143.820000	-1.642600	-8.335500	1
56.544000	143.880000	-0.966480	-8.335200	1
56.516000	143.940000	-0.276350	-8.335400	1
56.487000	144.000000	4.207500	-8.335400	1
56.459000	144.060000	9.013800	-8.335300	1
57.748000	141.300000	2.146500	-7.579100	1
57.720000	141.370000	-0.609740	-7.579200	1
57.693000	141.430000	-1.299900	-7.578800	1
57.666000	141.490000	-0.935810	-7.579300	1
57.639000	141.560000	-0.609700	-7.578900	1
57.612000	141.620000	-0.935890	-7.579000	1
57.585000	141.690000	2.154400	-7.579200	1
57.557000	141.750000	1.116700	-7.578900	1
57.530000	141.820000	0.426830	-7.579100	1
57.503000	141.880000	2.154400	-7.579100	1
57.475000	141.940000	-1.639600	-7.578900	1
57.448000	142.010000	-0.949510	-7.579100	1
57.420000	142.070000	1.806700	-7.578900	1
57.393000	142.140000	-0.266180	-7.578900	1
57.365000	142.200000	-0.266150	-7.579000	1
57.338000	142.260000	-2.660200	-7.578800	1
57.310000	142.330000	-1.980200	-7.578800	1
57.283000	142.390000	-2.660200	-7.579000	1
57.255000	142.450000	-0.940150	-7.578700	1
57.227000	142.510000	-1.290100	-7.578900	1
57.200000	142.580000	-1.636400	-7.578900	1
57.172000	142.640000	-1.290200	-7.578600	1
57.144000	142.700000	0.430130	-7.579000	1
57.116000	142.770000	-0.606240	-7.578800	1
57.088000	142.830000	-0.939980	-7.578800	1
57.060000	142.890000	-0.599790	-7.579000	1
57.032000	142.950000	-1.290000	-7.578600	1
57.004000	143.020000	-0.259680	-7.578900	1
56.976000	143.080000	-0.939640	-7.578800	1
56.948000	143.140000	1.120500	-7.578700	1
56.920000	143.200000	0.430760	-7.579000	1
56.892000	143.260000	2.154400	-7.578800	1
56.864000	143.320000	2.140800	-7.578800	1
56.836000	143.390000	2.844600	-7.578900	1
56.808000	143.450000	-1.625700	-7.578700	1
56.779000	143.510000	3.180900	-7.578800	1
56.751000	143.570000	-2.315500	-7.578900	1
56.723000	143.630000	-0.609240	-7.578600	1
56.695000	143.690000	-0.252840	-7.578800	1
56.666000	143.750000	-0.595440	-7.578800	1
56.638000	143.810000	1.477100	-7.578600	1
56.609000	143.880000	-0.949170	-7.578800	1
56.581000	143.940000	0.437000	-7.578600	1
56.552000	144.000000	3.194700	-7.578800	1
56.524000	144.060000	3.520900	-7.578800	1
56.495000	144.120000	5.947200	-7.578700	1
57.785000	141.350000	-2.047400	-6.824800	1
57.758000	141.420000	-0.000918	-6.824800	1
57.731000	141.480000	0.348980	-6.824500	1
57.703000	141.550000	0.349340	-6.825000	1
57.676000	141.610000	1.386600	-6.824600	1
57.649000	141.680000	0.702990	-6.824700	1
57.622000	141.740000	2.766900	-6.824800	1
57.594000	141.810000	1.726700	-6.824500	1
57.567000	141.870000	0.363070	-6.824700	1
57.540000	141.930000	-1.357000	-6.824700	1
57.512000	142.000000	-1.357100	-6.824600	1
57.485000	142.060000	1.053100	-6.824800	1
57.457000	142.130000	-1.703800	-6.824500	1
57.430000	142.190000	-3.764000	-6.824500	1
57.402000	142.250000	0.002574	-6.824700	1
57.375000	142.320000	0.352460	-6.824500	1
57.347000	142.380000	-1.353900	-6.824500	1
57.319000	142.440000	-0.687570	-6.824600	1
57.292000	142.510000	-1.367700	-6.824400	1
57.264000	142.570000	-2.421400	-6.824600	1
57.236000	142.630000	-1.717600	-6.824500	1
57.209000	142.690000	1.042400	-6.824200	1
57.181000	142.760000	-1.717500	-6.824600	1
57.153000	142.820000	-1.717600	-6.824400	1
57.125000	142.880000	-1.367600	-6.824500	1
57.097000	142.940000	-2.407500	-6.824700	1
57.069000	143.010000	-0.701190	-6.824300	1
57.041000	143.070000	0.352830	-6.824600	1
57.013000	143.130000	-0.684620	-6.824500	1
56.985000	143.190000	1.383000	-6.824400	1
56.957000	143.260000	1.033100	-6.824700	1
56.929000	143.320000	-0.006966	-6.824500	1
56.900000	143.380000	1.046900	-6.824500	1
56.872000	143.440000	-0.669390	-6.824600	1
56.844000	143.500000	-0.683190	-6.824400	1
56.816000	143.560000	0.683300	-6.824500	1
56.787000	143.620000	-1.710500	-6.824600	1
56.759000	143.690000	-1.036800	-6.824300	1
56.731000	143.750000	1.373400	-6.824500	1
56.702000	143.810000	2.079700	-6.824500	1
56.674000	143.870000	6.207100	-6.824300	1
56.645000	143.930000	1.015900	-6.824500	1
56.617000	143.990000	0.699490	-6.824300	1
56.588000	144.050000	1.389600	-6.824500	1
56.560000	144.110000	4.139700	-6.824500	1
57.822000	141.410000	0.415450	-6.070100	1
57.795000	141.470000	-0.274500	-6.070100	1
57.768000	141.540000	1.785400	-6.069800	1
57.741000	141.600000	0.402080	-6.070300	1
57.713000	141.670000	2.461900	-6.069900	1
57.686000	141.730000	2.815700	-6.070000	1
57.659000	141.800000	0.415760	-6.070100	1
57.631000	141.860000	-1.314500	-6.069800	1
57.604000	141.920000	-1.994400	-6.070100	1
57.577000	141.990000	-0.624290	-6.070000	1
57.549000	142.050000	-0.274400	-6.069900	1
57.522000	142.120000	-0.620840	-6.070100	1
57.494000	142.180000	-0.271020	-6.069900	1
57.467000	142.240000	-0.621150	-6.069800	1
57.439000	142.310000	-1.651200	-6.070000	1
57.411000	142.370000	-0.634940	-6.069800	1
57.384000	142.430000	-0.271240	-6.069800	1
57.356000	142.500000	-0.284860	-6.069900	1
57.328000	142.560000	-0.635030	-6.069700	1
57.301000	142.620000	-1.311300	-6.069900	1
57.273000	142.690000	-2.005000	-6.069800	1
57.245000	142.750000	-0.975080	-6.069600	1
57.217000	142.810000	-1.664800	-6.069900	1
57.189000	142.870000	-0.974920	-6.069800	1
57.161000	142.940000	-0.634830	-6.069800	1
57.133000	143.000000	0.405370	-6.070000	1
57.105000	143.060000	-1.324800	-6.069700	1
57.077000	143.120000	-1.324500	-6.069900	1
57.049000	143.190000	-0.278140	-6.069800	1
57.021000	143.250000	-0.280830	-6.069800	1
56.993000	143.310000	-1.994400	-6.070000	1
56.965000	143.370000	2.815800	-6.069800	1
56.937000	143.430000	4.172200	-6.069800	1
56.908000	143.490000	4.189700	-6.069900	1
56.880000	143.560000	2.475900	-6.069700	1
56.852000	143.620000	4.189800	-6.069800	1
56.824000	143.680000	0.756090	-6.069900	1
56.795000	143.740000	0.415950	-6.069700	1
56.767000	143.800000	-0.623950	-6.069900	1
56.738000	143.860000	0.732390	-6.069800	1
56.710000	143.920000	0.415980	-6.069700	1
56.681000	143.980000	1.786100	-6.069800	1
56.653000	144.050000	2.816000	-6.069600	1
56.624000	144.110000	2.816100	-6.069800	1
56.596000	144.170000	4.189800	-6.069800	1
56.567000	144.230000	4.526200	-6.069800	1
57.832000	141.530000	7.614800	-5.315000	1
57.805000	141.590000	3.824600	-5.314700	1
57.777000	141.660000	2.091300	-5.315200	1
57.750000	141.720000	1.764700	-5.314800	1
57.723000	141.780000	0.044788	-5.315000	1
57.696000	141.850000	0.044874	-5.315000	1
57.668000	141.910000	0.724760	-5.314800	1
57.641000	141.980000	0.384910	-5.315000	1
57.613000	142.040000	-0.305180	-5.314900	1
57.586000	142.110000	-0.305340	-5.314800	1
57.558000	142.170000	0.034658	-5.315000	1
57.531000	142.230000	0.034430	-5.314800	1
57.503000	142.300000	0.034296	-5.314800	1
57.476000	142.360000	0.374370	-5.314900	1
57.448000	142.420000	1.767900	-5.314700	1
57.420000	142.490000	1.767900	-5.314800	1
57.393000	142.550000	0.714290	-5.314900	1
57.365000	142.610000	1.404200	-5.314600	1
57.337000	142.680000	1.404300	-5.314800	1
57.309000	142.740000	0.034240	-5.314800	1
57.282000	142.800000	-0.649580	-5.314500	1
57.254000	142.860000	1.064400	-5.314900	1
57.226000	142.930000	-0.315770	-5.314700	1
57.198000	142.990000	0.034306	-5.314700	1
57.170000	143.050000	-1.005600	-5.314900	1
57.142000	143.120000	-0.649260	-5.314600	1
57.114000	143.180000	-1.695400	-5.314900	1
57.086000	143.240000	0.374680	-5.314800	1
57.057000	143.300000	2.788400	-5.314700	1
57.029000	143.360000	4.175100	-5.315000	1
57.001000	143.430000	1.074900	-5.314700	1
56.973000	143.490000	3.142300	-5.314800	1
56.945000	143.550000	4.508800	-5.314800	1
56.916000	143.610000	5.205100	-5.314700	1
56.888000	143.670000	1.075200	-5.314800	1
56.860000	143.730000	1.758900	-5.314900	1
56.831000	143.790000	4.855200	-5.314600	1
56.803000	143.860000	4.515400	-5.314800	1
56.774000	143.920000	1.415300	-5.314700	1
56.746000	143.980000	5.531600	-5.314700	1
56.717000	144.040000	5.191700	-5.314800	1
56.689000	144.100000	3.135200	-5.314600	1
56.660000	144.160000	3.485300	-5.314800	1
56.631000	144.220000	3.485300	-5.314800	1
56.603000	144.280000	4.519000	-5.314700	1
57.869000	141.580000	3.317600	-4.560100	1
57.842000	141.640000	3.667500	-4.559800	1
57.814000	141.710000	2.284300	-4.560300	1
57.787000	141.770000	1.937600	-4.559900	1
57.760000	141.840000	2.977800	-4.560100	1
57.732000	141.900000	1.937900	-4.560100	1
57.705000	141.970000	0.904140	-4.559900	1
57.678000	142.030000	0.904280	-4.560100	1
57.650000	142.090000	0.217730	-4.560000	1
57.623000	142.160000	0.217560	-4.559900	1
57.595000	142.220000	1.257700	-4.560100	1
57.567000	142.290000	0.910990	-4.559900	1
57.540000	142.350000	0.570830	-4.559800	1
57.512000	142.410000	-0.122710	-4.560000	1
57.485000	142.480000	1.257200	-4.559800	1
57.457000	142.540000	1.937200	-4.559900	1
57.429000	142.600000	-0.462830	-4.560000	1
57.401000	142.670000	0.567050	-4.559700	1
57.374000	142.730000	1.257200	-4.560000	1
57.346000	142.790000	-0.106390	-4.559900	1
57.318000	142.860000	0.217010	-4.559600	1
57.290000	142.920000	-0.122770	-4.560000	1
57.262000	142.980000	0.217160	-4.559800	1
57.234000	143.040000	0.217260	-4.559800	1
57.206000	143.110000	-0.122580	-4.560000	1
57.178000	143.170000	-0.796240	-4.559700	1
57.150000	143.230000	0.584080	-4.560000	1
57.122000	143.290000	1.954100	-4.559900	1
57.094000	143.360000	0.911330	-4.559800	1
57.065000	143.420000	4.028100	-4.560100	1
57.037000	143.480000	5.748000	-4.559800	1
57.009000	143.540000	5.058100	-4.559900	1
56.981000	143.600000	8.498200	-4.559900	1
56.952000	143.660000	2.998100	-4.559800	1
56.924000	143.730000	7.468300	-4.559900	1
56.895000	143.790000	2.308300	-4.560000	1
56.867000	143.850000	2.998200	-4.559700	1
56.839000	143.910000	7.808500	-4.559900	1
56.810000	143.970000	8.848400	-4.559800	1
56.782000	144.030000	8.484800	-4.559800	1
56.753000	144.090000	9.538400	-4.559900	1
56.724000	144.150000	4.351800	-4.559700	1
56.696000	144.210000	4.718400	-4.559900	1
56.667000	144.280000	6.424800	-4.559900	1
57.906000	141.630000	2.013100	-3.804200	1
57.878000	141.700000	3.393000	-3.804000	1
57.851000	141.760000	4.083500	-3.804500	1
57.824000	141.830000	2.363200	-3.804000	1
57.796000	141.890000	1.673300	-3.804300	1
57.769000	141.960000	2.703400	-3.804300	1
57.742000	142.020000	2.703300	-3.804100	1
57.714000	142.080000	2.363400	-3.804300	1
57.687000	142.150000	2.363300	-3.804200	1
57.659000	142.210000	1.669700	-3.804100	1
57.632000	142.280000	2.009700	-3.804300	1
57.604000	142.340000	2.013100	-3.804100	1
57.576000	142.400000	2.012900	-3.804000	1
57.549000	142.470000	3.393000	-3.804200	1
57.521000	142.530000	3.392800	-3.804100	1
57.493000	142.590000	1.322700	-3.804100	1
57.465000	142.660000	1.322800	-3.804200	1
57.438000	142.720000	1.672600	-3.803900	1
57.410000	142.780000	0.982810	-3.804200	1
57.382000	142.850000	3.052800	-3.804100	1
57.354000	142.910000	0.292580	-3.803900	1
57.326000	142.970000	0.642830	-3.804200	1
57.298000	143.040000	0.642740	-3.804000	1
57.270000	143.100000	2.012900	-3.804100	1
57.242000	143.160000	1.323100	-3.804200	1
57.214000	143.220000	2.013000	-3.804000	1
57.186000	143.290000	3.059800	-3.804200	1
57.158000	143.350000	1.323300	-3.804100	1
57.130000	143.410000	4.089900	-3.804000	1
57.101000	143.470000	4.093800	-3.804300	1
57.073000	143.530000	5.807200	-3.804100	1
57.045000	143.600000	4.777300	-3.804100	1
57.016000	143.660000	8.217400	-3.804100	1
56.988000	143.720000	6.147300	-3.804000	1
56.960000	143.780000	3.064000	-3.804100	1
56.931000	143.840000	5.814100	-3.804200	1
56.903000	143.900000	7.184000	-3.803900	1
56.874000	143.960000	8.914200	-3.804200	1
56.846000	144.030000	7.170600	-3.804000	1
56.817000	144.090000	5.807500	-3.804000	1
56.789000	144.150000	4.784100	-3.804100	1
56.760000	144.210000	3.063900	-3.803900	1
56.731000	144.270000	3.064100	-3.804100	1
56.703000	144.330000	10.284000	-3.804100	1
56.674000	144.390000	8.900600	-3.804100	1
57.942000	141.690000	5.178000	-3.048100	1
57.915000	141.750000	5.517900	-3.047900	1
57.888000	141.820000	5.518300	-3.048300	1
57.860000	141.880000	4.488000	-3.047900	1
57.833000	141.950000	5.178200	-3.048200	1
57.806000	142.010000	3.798300	-3.048200	1
57.778000	142.070000	3.458100	-3.048000	1
57.751000	142.140000	3.798200	-3.048200	1
57.723000	142.200000	1.388100	-3.048100	1
57.696000	142.270000	2.424600	-3.048000	1
57.668000	142.330000	2.764700	-3.048200	1
57.640000	142.390000	3.104500	-3.048100	1
57.613000	142.460000	4.827900	-3.047900	1
57.585000	142.520000	4.147900	-3.048100	1
57.557000	142.590000	5.517800	-3.048000	1
57.530000	142.650000	3.457700	-3.048000	1
57.502000	142.710000	3.797800	-3.048100	1
57.474000	142.780000	4.487600	-3.047800	1
57.446000	142.840000	4.147800	-3.048100	1
57.418000	142.900000	3.107700	-3.048000	1
57.390000	142.960000	2.077500	-3.047800	1
57.362000	143.030000	2.427800	-3.048000	1
57.334000	143.090000	3.107700	-3.047900	1
57.306000	143.150000	2.427900	-3.048000	1
57.278000	143.220000	3.798000	-3.048000	1
57.250000	143.280000	2.427900	-3.047900	1
57.222000	143.340000	3.108200	-3.048100	1
57.194000	143.400000	4.148300	-3.048000	1
57.165000	143.460000	4.485000	-3.048000	1
57.137000	143.530000	7.928500	-3.048200	1
57.109000	143.590000	6.548800	-3.048000	1
57.081000	143.650000	4.488900	-3.048000	1
57.052000	143.710000	7.589000	-3.048000	1
57.024000	143.770000	5.869000	-3.047900	1
56.995000	143.840000	6.209100	-3.048000	1
56.967000	143.900000	5.519200	-3.048100	1
56.938000	143.960000	3.799000	-3.047800	1
56.910000	144.020000	3.459300	-3.048100	1
56.881000	144.080000	9.999200	-3.047900	1
56.853000	144.140000	12.749000	-3.048000	1
56.824000	144.200000	12.406000	-3.048000	1
56.796000	144.260000	7.239100	-3.047800	1
58.357000	140.820000	1.527500	-2.297100	1
58.330000	140.890000	13.577000	-2.296900	1
58.303000	140.950000	13.227000	-2.296900	1
58.277000	141.020000	14.608000	-2.297100	1
58.250000	141.090000	15.297000	-2.296700	1
58.223000	141.150000	12.194000	-2.297000	1
58.196000	141.220000	10.127000	-2.296800	1
58.169000	141.280000	9.094000	-2.296600	1
58.142000	141.350000	9.097500	-2.297000	1
58.115000	141.410000	8.754100	-2.296700	1
58.088000	141.480000	8.407300	-2.296600	1
58.060000	141.540000	9.447700	-2.296900	1
58.033000	141.610000	3.597300	-2.296400	1
58.006000	141.670000	0.147600	-2.296800	1
57.979000	141.740000	5.997600	-2.296600	1
57.951000	141.800000	7.377500	-2.296400	1
57.924000	141.870000	7.037900	-2.296800	1
57.897000	141.930000	6.687600	-2.296400	1
57.869000	142.000000	7.377800	-2.296600	1
57.842000	142.060000	6.687800	-2.296600	1
57.814000	142.130000	7.037700	-2.296500	1
57.787000	142.190000	6.347800	-2.296700	1
57.759000	142.260000	4.967700	-2.296600	1
57.732000	142.320000	4.277500	-2.296500	1
57.704000	142.380000	3.937500	-2.296700	1
57.677000	142.450000	3.937400	-2.296600	1
57.649000	142.510000	4.967200	-2.296400	1
57.621000	142.580000	4.274100	-2.296600	1
57.593000	142.640000	4.627500	-2.296400	1
57.566000	142.700000	5.317500	-2.296400	1
57.538000	142.770000	6.347500	-2.296600	1
57.510000	142.830000	3.937300	-2.296300	1
57.482000	142.890000	3.597400	-2.296600	1
57.454000	142.960000	4.967400	-2.296500	1
57.426000	143.020000	3.937200	-2.296300	1
57.398000	143.080000	2.217500	-2.296500	1
57.370000	143.140000	2.217400	-2.296400	1
57.342000	143.210000	3.597600	-2.296500	1
57.314000	143.270000	4.277700	-2.296500	1
57.286000	143.330000	4.277700	-2.296400	1
57.258000	143.390000	4.627900	-2.296600	1
57.229000	143.460000	4.968000	-2.296500	1
57.201000	143.520000	6.348000	-2.296500	1
57.173000	143.580000	7.375100	-2.296700	1
57.144000	143.640000	8.068200	-2.296500	1
57.116000	143.700000	8.405100	-2.296500	1
57.088000	143.770000	7.728900	-2.296500	1
57.059000	143.830000	11.509000	-2.296400	1
57.031000	143.890000	7.379000	-2.296500	1
57.002000	143.950000	8.069200	-2.296600	1
56.974000	144.010000	6.689000	-2.296300	1
56.945000	144.070000	5.659200	-2.296600	1
56.917000	144.130000	5.999200	-2.296400	1
56.888000	144.200000	7.039200	-2.296500	1
56.859000	144.260000	8.759200	-2.296500	1
56.831000	144.320000	8.759100	-2.296300	1
56.802000	144.380000	8.069200	-2.296500	1
56.773000	144.440000	10.479000	-2.296500	1
58.367000	140.940000	15.096000	-1.541900	1
58.340000	141.010000	15.096000	-1.541800	1
58.313000	141.070000	15.096000	-1.542100	1
58.287000	141.140000	16.886000	-1.541600	1
58.260000	141.200000	16.126000	-1.541900	1
58.233000	141.270000	16.486000	-1.541800	1
58.206000	141.340000	11.316000	-1.541600	1
58.178000	141.400000	11.316000	-1.541900	1
58.151000	141.470000	11.316000	-1.541600	1
58.124000	141.530000	10.966000	-1.541600	1
58.097000	141.600000	10.626000	-1.541900	1
58.070000	141.660000	6.132800	-1.541400	1
58.043000	141.730000	5.443100	-1.541800	1
58.015000	141.790000	8.206300	-1.541500	1
57.988000	141.860000	8.546300	-1.541300	1
57.961000	141.920000	9.236600	-1.541700	1
57.933000	141.990000	10.266000	-1.541400	1
57.906000	142.050000	10.957000	-1.541600	1
57.878000	142.120000	10.267000	-1.541600	1
57.851000	142.180000	9.576400	-1.541400	1
57.823000	142.250000	7.516500	-1.541600	1
57.796000	142.310000	6.136400	-1.541600	1
57.768000	142.370000	6.826300	-1.541500	1
57.740000	142.440000	5.446300	-1.541600	1
57.713000	142.500000	7.516200	-1.541600	1
57.685000	142.570000	6.135900	-1.541300	1
57.657000	142.630000	5.106000	-1.541500	1
57.629000	142.690000	6.135900	-1.541400	1
57.602000	142.760000	6.135800	-1.541400	1
57.574000	142.820000	3.732900	-1.541500	1
57.546000	142.880000	5.116300	-1.541300	1
57.518000	142.950000	5.116400	-1.541500	1
57.490000	143.010000	6.836400	-1.541500	1
57.462000	143.070000	6.146300	-1.541200	1
57.434000	143.140000	6.146500	-1.541500	1
57.406000	143.200000	5.806500	-1.541300	1
57.378000	143.260000	5.806600	-1.541400	1
57.350000	143.320000	7.526700	-1.541500	1
57.322000	143.390000	8.556700	-1.541400	1
57.293000	143.450000	7.186900	-1.541500	1
57.265000	143.510000	7.527000	-1.541500	1
57.237000	143.570000	10.967000	-1.541400	1
57.208000	143.640000	10.627000	-1.541600	1
57.180000	143.700000	7.867200	-1.541400	1
57.152000	143.760000	11.657000	-1.541500	1
57.123000	143.820000	8.907300	-1.541500	1
57.095000	143.880000	8.907300	-1.541400	1
57.066000	143.940000	9.247400	-1.541500	1
57.038000	144.010000	9.928400	-1.541600	1
57.009000	144.070000	8.208300	-1.541300	1
56.981000	144.130000	6.828500	-1.541600	1
56.952000	144.190000	8.208400	-1.541400	1
56.924000	144.250000	7.858500	-1.541500	1
56.895000	144.310000	9.238500	-1.541500	1
56.866000	144.370000	10.268000	-1.541300	1
56.837000	144.430000	9.578500	-1.541500	1
58.006000	142.100000	41.087000	0.118710	1
57.978000	142.160000	21.274000	0.118200	1
57.951000	142.230000	19.874000	0.118480	1
57.923000	142.290000	17.674000	0.118630	1
57.895000	142.350000	18.874000	0.118060	1
57.868000	142.420000	13.794000	0.118520	1
57.840000	142.480000	19.874000	0.118270	1
57.812000	142.550000	15.174000	0.118170	1
57.785000	142.610000	17.674000	0.118750	1
57.757000	142.670000	18.473000	0.118170	1
57.729000	142.740000	18.473000	0.118400	1
57.701000	142.800000	17.273000	0.118610	1
57.673000	142.870000	18.061000	0.118090	1
57.645000	142.930000	15.864000	0.118640	1
57.617000	142.990000	14.134000	0.118300	1
57.589000	143.060000	14.134000	0.118110	1
57.561000	143.120000	41.064000	0.118590	1
57.533000	143.180000	16.264000	0.118010	1
57.505000	143.240000	14.134000	0.118190	1
57.477000	143.310000	29.064000	0.118410	1
57.449000	143.370000	19.264000	0.117900	1
57.421000	143.430000	15.864000	0.118400	1
57.393000	143.500000	20.864000	0.118290	1
57.364000	143.560000	20.264000	0.117990	1
57.336000	143.620000	23.265000	0.118490	1
57.308000	143.680000	41.072000	0.117910	1
57.279000	143.740000	15.505000	0.118070	1
57.251000	143.810000	17.265000	0.118400	1
57.222000	143.870000	15.165000	0.117890	1
57.194000	143.930000	19.272000	0.118370	1
57.165000	143.990000	32.276000	0.118240	1
57.137000	144.050000	29.076000	0.117910	1
57.108000	144.110000	22.476000	0.118550	1
57.080000	144.180000	20.276000	0.118000	1
57.051000	144.240000	17.676000	0.118170	1
57.022000	144.300000	20.276000	0.118510	1
56.994000	144.360000	29.076000	0.117930	1
56.965000	144.420000	41.084000	0.118360	1
56.936000	144.480000	21.877000	0.118290	1
56.907000	144.540000	27.276000	0.117930	1
56.879000	144.600000	29.077000	0.118550	1
56.850000	144.660000	29.077000	0.118100	1
56.821000	144.720000	23.277000	0.118210	1
56.792000	144.790000	23.277000	0.118520	1
56.763000	144.850000	23.277000	0.117910	1
56.734000	144.910000	17.277000	0.118280	1
56.705000	144.970000	20.884000	0.118270	1
58.524000	141.280000	4.807200	2.236500	1
58.496000	141.340000	14.100000	2.236500	1
58.469000	141.410000	13.761000	2.236900	1
58.442000	141.470000	14.447000	2.236500	1
58.415000	141.540000	9.627500	2.236800	1
58.388000	141.610000	8.247500	2.236800	1
58.361000	141.670000	7.910500	2.236500	1
58.334000	141.740000	7.220800	2.237000	1
58.306000	141.800000	7.570700	2.236800	1
58.279000	141.870000	6.530600	2.236700	1
58.252000	141.930000	4.121000	2.237100	1
58.224000	142.000000	5.160600	2.236600	1
58.197000	142.070000	6.530900	2.237000	1
58.169000	142.130000	5.841000	2.237000	1
58.142000	142.200000	7.570700	2.236700	1
58.114000	142.260000	10.661000	2.237100	1
58.087000	142.320000	9.970800	2.236800	1
58.059000	142.390000	10.321000	2.236800	1
58.031000	142.450000	7.570800	2.237000	1
58.004000	142.520000	6.530600	2.236800	1
57.976000	142.580000	6.190600	2.236800	1
57.948000	142.650000	5.500600	2.236900	1
57.920000	142.710000	5.160300	2.236700	1
57.893000	142.770000	5.487200	2.236900	1
57.865000	142.840000	5.490900	2.237000	1
57.837000	142.900000	4.800600	2.236800	1
57.809000	142.970000	4.110700	2.237000	1
57.781000	143.030000	4.110600	2.236900	1
57.753000	143.090000	5.150600	2.236900	1
57.725000	143.160000	4.110800	2.237100	1
57.697000	143.220000	6.180500	2.236800	1
57.669000	143.280000	7.560700	2.237000	1
57.641000	143.350000	8.240700	2.237000	1
57.612000	143.410000	8.930600	2.236900	1
57.584000	143.470000	7.900700	2.237000	1
57.556000	143.540000	10.651000	2.236800	1
57.528000	143.600000	8.240600	2.236900	1
57.499000	143.660000	7.900600	2.236900	1
57.471000	143.720000	8.930600	2.236800	1
57.443000	143.790000	8.247500	2.236800	1
57.414000	143.850000	9.967600	2.236800	1
57.386000	143.910000	8.937600	2.236700	1
57.357000	143.970000	8.601500	2.236900	1
57.329000	144.030000	7.911500	2.236800	1
57.300000	144.100000	6.531600	2.236800	1
57.272000	144.160000	5.841800	2.236900	1
57.243000	144.220000	7.911800	2.236700	1
57.214000	144.280000	10.322000	2.236800	1
57.186000	144.340000	11.352000	2.236900	1
57.157000	144.400000	11.352000	2.236700	1
57.128000	144.460000	9.632200	2.236900	1
57.099000	144.530000	7.912100	2.236600	1
57.070000	144.590000	7.912200	2.236800	1
57.042000	144.650000	8.252400	2.237000	1
57.013000	144.710000	8.609100	2.236700	1
56.984000	144.770000	9.972400	2.236800	1
56.955000	144.830000	8.609200	2.236800	1
56.926000	144.890000	6.889200	2.236700	1
56.897000	144.950000	9.979300	2.236800	1
58.587000	141.260000	-3.832800	2.993000	1
58.560000	141.330000	-4.863000	2.992800	1
58.533000	141.400000	14.741000	2.992700	1
58.506000	141.460000	14.401000	2.993200	1
58.479000	141.530000	10.274000	2.992700	1
58.452000	141.600000	7.864100	2.993100	1
58.425000	141.660000	6.834100	2.993100	1
58.397000	141.730000	5.453800	2.992800	1
58.370000	141.790000	5.114200	2.993200	1
58.343000	141.860000	5.454100	2.993000	1
58.315000	141.920000	7.174000	2.993000	1
58.288000	141.990000	5.804300	2.993300	1
58.261000	142.050000	4.764000	2.992900	1
58.233000	142.120000	3.734300	2.993300	1
58.206000	142.190000	5.114300	2.993300	1
58.178000	142.250000	6.484100	2.993000	1
58.150000	142.320000	8.554300	2.993300	1
58.123000	142.380000	6.144100	2.993100	1
58.095000	142.440000	7.530800	2.993100	1
58.068000	142.510000	5.804100	2.993200	1
58.040000	142.570000	6.143900	2.993000	1
58.012000	142.640000	5.120500	2.993000	1
57.984000	142.700000	5.120500	2.993200	1
57.956000	142.770000	6.153900	2.993000	1
57.929000	142.830000	5.463900	2.993100	1
57.901000	142.890000	5.124000	2.993300	1
57.873000	142.960000	4.773700	2.993100	1
57.845000	143.020000	3.053800	2.993300	1
57.817000	143.090000	3.743800	2.993200	1
57.789000	143.150000	3.403700	2.993100	1
57.761000	143.210000	4.433900	2.993400	1
57.733000	143.280000	4.093700	2.993000	1
57.704000	143.340000	3.750500	2.993200	1
57.676000	143.400000	5.813800	2.993200	1
57.648000	143.460000	6.493700	2.993200	1
57.620000	143.530000	7.183800	2.993300	1
57.592000	143.590000	9.600400	2.993100	1
57.563000	143.650000	7.533700	2.993200	1
57.535000	143.720000	4.440400	2.993200	1
57.507000	143.780000	7.190300	2.993000	1
57.478000	143.840000	8.563700	2.993000	1
57.450000	143.900000	11.324000	2.993100	1
57.421000	143.970000	9.264100	2.992900	1
57.393000	144.030000	6.854400	2.993100	1
57.364000	144.090000	6.164300	2.993000	1
57.335000	144.150000	4.444500	2.993100	1
57.307000	144.210000	3.414600	2.993100	1
57.278000	144.270000	5.474600	2.993000	1
57.250000	144.340000	4.104700	2.993100	1
57.221000	144.400000	4.441600	2.993200	1
57.192000	144.460000	5.471500	2.992900	1
57.163000	144.520000	6.161700	2.993200	1
57.134000	144.580000	4.104900	2.992900	1
57.106000	144.640000	6.505100	2.993000	1
57.077000	144.700000	7.885300	2.993200	1
57.048000	144.760000	7.191700	2.992900	1
57.019000	144.830000	6.851900	2.993100	1
56.990000	144.890000	6.165700	2.993000	1
56.961000	144.950000	5.825700	2.992900	1
56.932000	145.010000	7.195800	2.993000	1
58.570000	141.450000	10.127000	3.747800	1
58.543000	141.520000	8.076700	3.748200	1
58.515000	141.580000	5.309900	3.747800	1
58.488000	141.650000	9.100200	3.748200	1
58.461000	141.720000	8.760200	3.748100	1
58.434000	141.780000	3.939900	3.747900	1
58.406000	141.850000	5.310300	3.748300	1
58.379000	141.910000	3.940100	3.748100	1
58.352000	141.980000	4.630100	3.748000	1
58.324000	142.040000	6.000400	3.748400	1
58.297000	142.110000	7.380100	3.747900	1
58.269000	142.180000	5.666900	3.748300	1
58.242000	142.240000	3.590300	3.748300	1
58.214000	142.310000	4.280100	3.748100	1
58.187000	142.370000	7.386900	3.748300	1
58.159000	142.430000	6.696700	3.748100	1
58.131000	142.500000	3.590100	3.748100	1
58.104000	142.560000	3.596700	3.748200	1
58.076000	142.630000	5.316500	3.748100	1
58.048000	142.690000	6.010000	3.748100	1
58.020000	142.760000	4.290000	3.748200	1
57.992000	142.820000	3.599700	3.748000	1
57.964000	142.890000	3.259800	3.748100	1
57.937000	142.950000	3.259800	3.748300	1
57.909000	143.010000	3.949600	3.748100	1
57.881000	143.080000	3.599700	3.748300	1
57.853000	143.140000	3.259700	3.748200	1
57.825000	143.200000	1.539600	3.748200	1
57.796000	143.270000	1.189800	3.748400	1
57.768000	143.330000	0.156030	3.748000	1
57.740000	143.390000	1.189700	3.748300	1
57.712000	143.460000	4.639700	3.748200	1
57.684000	143.520000	5.666200	3.748200	1
57.655000	143.580000	7.386200	3.748300	1
57.627000	143.650000	6.006100	3.748100	1
57.599000	143.710000	5.316200	3.748200	1
57.570000	143.770000	2.919800	3.748200	1
57.542000	143.830000	4.289800	3.748100	1
57.514000	143.900000	7.389800	3.748000	1
57.485000	143.960000	8.419800	3.748100	1
57.457000	144.020000	9.109800	3.747900	1
57.428000	144.080000	6.360000	3.748100	1
57.399000	144.150000	5.320000	3.748000	1
57.371000	144.210000	3.600100	3.748100	1
57.342000	144.270000	3.600300	3.748100	1
57.313000	144.330000	3.260200	3.748000	1
57.285000	144.390000	2.920400	3.748100	1
57.256000	144.450000	3.950600	3.748200	1
57.227000	144.520000	6.700500	3.747900	1
57.198000	144.580000	5.320700	3.748200	1
57.170000	144.640000	5.670500	3.747900	1
57.141000	144.700000	4.637300	3.748000	1
57.112000	144.760000	4.287500	3.748200	1
57.083000	144.820000	5.671100	3.747900	1
57.054000	144.880000	7.041300	3.748100	1
57.025000	144.940000	4.291300	3.748000	1
56.996000	145.000000	3.951300	3.747900	1
56.967000	145.060000	5.671400	3.748100	1
56.938000	145.120000	5.321300	3.747800	1
56.909000	145.180000	6.701400	3.747800	1
58.552000	141.640000	3.235400	4.501400	1
58.525000	141.710000	5.999400	4.501800	1
58.497000	141.770000	5.305800	4.501800	1
58.470000	141.840000	5.645600	4.501500	1
58.443000	141.900000	2.892300	4.502000	1
58.415000	141.970000	5.305700	4.501700	1
58.388000	142.030000	4.615700	4.501700	1
58.361000	142.100000	5.646000	4.502000	1
58.333000	142.170000	7.022100	4.501600	1
58.306000	142.230000	6.335900	4.502000	1
58.278000	142.300000	4.955900	4.502000	1
58.250000	142.360000	3.232200	4.501700	1
58.223000	142.430000	2.892300	4.502000	1
58.195000	142.490000	3.232200	4.501800	1
58.167000	142.560000	3.922100	4.501800	1
58.140000	142.620000	3.585600	4.501900	1
58.112000	142.680000	4.955500	4.501700	1
58.084000	142.750000	3.235400	4.501700	1
58.056000	142.810000	3.925400	4.501900	1
58.028000	142.880000	2.895200	4.501700	1
58.000000	142.940000	2.545200	4.501800	1
57.972000	143.010000	3.585300	4.502000	1
57.944000	143.070000	1.855000	4.501700	1
57.916000	143.130000	2.895200	4.502000	1
57.888000	143.200000	3.235200	4.501900	1
57.860000	143.260000	1.175100	4.501800	1
57.832000	143.320000	0.485210	4.502000	1
57.804000	143.390000	1.151400	4.501700	1
57.776000	143.450000	3.211600	4.501900	1
57.748000	143.510000	4.591600	4.501800	1
57.719000	143.580000	4.615100	4.501900	1
57.691000	143.640000	4.931600	4.501900	1
57.663000	143.700000	3.211500	4.501700	1
57.634000	143.760000	7.345300	4.501800	1
57.606000	143.830000	3.215200	4.501800	1
57.577000	143.890000	4.268700	4.501700	1
57.549000	143.950000	4.935100	4.501700	1
57.520000	144.010000	6.655100	4.501700	1
57.492000	144.080000	6.315100	4.501600	1
57.463000	144.140000	3.905300	4.501800	1
57.435000	144.200000	4.261700	4.501600	1
57.406000	144.260000	3.231900	4.501700	1
57.377000	144.320000	5.642000	4.501800	1
57.349000	144.390000	3.582000	4.501600	1
57.320000	144.450000	3.582100	4.501700	1
57.291000	144.510000	4.952300	4.501800	1
57.262000	144.570000	2.542200	4.501600	1
57.234000	144.630000	2.542400	4.501800	1
57.205000	144.690000	1.512200	4.501500	1
57.176000	144.750000	1.839800	4.501700	1
57.147000	144.820000	3.910000	4.501900	1
57.118000	144.880000	5.646300	4.501500	1
57.089000	144.940000	4.266500	4.501700	1
57.060000	145.000000	3.586500	4.501700	1
57.031000	145.060000	3.910000	4.501600	1
57.002000	145.120000	2.896600	4.501700	1
56.973000	145.180000	2.896500	4.501400	1
56.943000	145.240000	2.206600	4.501500	1
56.914000	145.300000	3.926900	4.501700	1
56.885000	145.360000	9.776800	4.501300	1
58.588000	141.690000	4.445500	5.256300	1
58.561000	141.760000	6.505800	5.256700	1
58.534000	141.830000	3.755800	5.256700	1
58.507000	141.890000	2.035600	5.256400	1
58.479000	141.960000	3.755900	5.256900	1
58.452000	142.020000	2.725700	5.256600	1
58.424000	142.090000	3.065800	5.256600	1
58.397000	142.160000	6.166000	5.256900	1
58.369000	142.220000	5.812100	5.256500	1
58.342000	142.290000	5.475900	5.256800	1
58.314000	142.350000	2.362300	5.256900	1
58.287000	142.420000	2.712100	5.256600	1
58.259000	142.480000	1.695800	5.256800	1
58.231000	142.550000	-0.728020	5.256700	1
58.203000	142.610000	-0.034544	5.256700	1
58.176000	142.680000	3.055500	5.256800	1
58.148000	142.740000	3.405400	5.256600	1
58.120000	142.800000	4.095300	5.256600	1
58.092000	142.870000	3.055300	5.256800	1
58.064000	142.930000	3.405100	5.256500	1
58.036000	143.000000	3.055100	5.256700	1
58.008000	143.060000	4.095200	5.256900	1
57.980000	143.120000	1.008600	5.256600	1
57.952000	143.190000	2.025100	5.256800	1
57.924000	143.250000	0.981400	5.256700	1
57.896000	143.320000	1.335000	5.256700	1
57.868000	143.380000	2.025200	5.256900	1
57.840000	143.440000	0.291250	5.256600	1
57.811000	143.510000	2.025100	5.256800	1
57.783000	143.570000	3.055000	5.256700	1
57.755000	143.630000	5.801500	5.256800	1
57.727000	143.700000	1.675100	5.256800	1
57.698000	143.760000	0.984990	5.256600	1
57.670000	143.820000	2.705100	5.256700	1
57.641000	143.880000	4.071500	5.256700	1
57.613000	143.950000	6.835000	5.256600	1
57.584000	144.010000	6.158600	5.256600	1
57.556000	144.070000	4.425000	5.256600	1
57.527000	144.130000	4.084900	5.256400	1
57.499000	144.200000	3.395100	5.256700	1
57.470000	144.260000	2.015000	5.256500	1
57.441000	144.320000	1.661500	5.256600	1
57.413000	144.380000	1.661600	5.256600	1
57.384000	144.440000	1.675200	5.256500	1
57.355000	144.500000	0.971790	5.256600	1
57.326000	144.570000	0.295520	5.256600	1
57.298000	144.630000	1.661900	5.256400	1
57.269000	144.690000	2.002100	5.256700	1
57.240000	144.750000	1.665700	5.256300	1
57.211000	144.810000	1.665900	5.256500	1
57.182000	144.870000	5.106200	5.256700	1
57.153000	144.930000	2.702300	5.256400	1
57.124000	144.990000	4.756200	5.256600	1
57.095000	145.050000	2.006200	5.256500	1
57.066000	145.120000	3.036200	5.256400	1
57.037000	145.180000	8.546500	5.256600	1
57.007000	145.240000	7.529900	5.256300	1
58.625000	141.750000	-1.765300	6.010300	1
58.598000	141.820000	2.365100	6.010700	1
58.570000	141.880000	1.328700	6.010700	1
58.543000	141.950000	2.025000	6.010400	1
58.516000	142.010000	0.985180	6.010800	1
58.488000	142.080000	3.048800	6.010600	1
58.461000	142.150000	4.085100	6.010600	1
58.433000	142.210000	2.358900	6.010900	1
58.406000	142.280000	5.115100	6.010500	1
58.378000	142.340000	4.078900	6.010800	1
58.350000	142.410000	4.768900	6.010900	1
58.323000	142.470000	3.395100	6.010600	1
58.295000	142.540000	0.638790	6.010800	1
58.267000	142.600000	2.368500	6.010700	1
58.240000	142.670000	-0.738030	6.010700	1
58.212000	142.730000	0.308380	6.010800	1
58.184000	142.800000	1.678300	6.010600	1
58.156000	142.860000	3.398200	6.010600	1
58.128000	142.920000	2.361900	6.010800	1
58.100000	142.990000	3.398000	6.010500	1
58.072000	143.050000	2.368000	6.010700	1
58.044000	143.120000	2.364400	6.010800	1
58.016000	143.180000	2.024300	6.010600	1
57.988000	143.240000	0.984370	6.010800	1
57.960000	143.310000	-0.382100	6.010700	1
57.932000	143.370000	0.987960	6.010700	1
57.904000	143.440000	-1.075700	6.010900	1
57.875000	143.500000	-0.045857	6.010600	1
57.847000	143.560000	3.748100	6.010800	1
57.819000	143.630000	0.304210	6.010700	1
57.791000	143.690000	4.088100	6.010700	1
57.762000	143.750000	1.338000	6.010700	1
57.734000	143.810000	1.681600	6.010600	1
57.705000	143.880000	3.058000	6.010700	1
57.677000	143.940000	2.711700	6.010700	1
57.648000	144.000000	3.057900	6.010500	1
57.620000	144.070000	2.364200	6.010500	1
57.591000	144.130000	2.367900	6.010600	1
57.563000	144.190000	3.397800	6.010400	1
57.534000	144.250000	2.368000	6.010600	1
57.505000	144.310000	0.647810	6.010500	1
57.477000	144.380000	2.028000	6.010600	1
57.448000	144.440000	0.644380	6.010600	1
57.419000	144.500000	0.304330	6.010400	1
57.390000	144.560000	0.304580	6.010600	1
57.362000	144.620000	-0.045342	6.010600	1
57.333000	144.680000	-0.045376	6.010400	1
57.304000	144.750000	1.678700	6.010600	1
57.275000	144.810000	0.312160	6.010300	1
57.246000	144.870000	0.648670	6.010500	1
57.217000	144.930000	1.678900	6.010700	1
57.188000	144.990000	3.062400	6.010300	1
57.159000	145.050000	3.395300	6.010600	1
57.130000	145.110000	5.465400	6.010500	1
57.101000	145.170000	3.399100	6.010400	1
57.072000	145.230000	2.025500	6.010500	1
58.716000	141.670000	0.546790	6.762500	1
58.689000	141.740000	9.840800	6.762700	1
58.661000	141.810000	-0.479560	6.762400	1
58.634000	141.870000	-1.173100	6.762800	1
58.607000	141.940000	0.897010	6.762700	1
58.579000	142.000000	1.236900	6.762500	1
58.552000	142.070000	3.990900	6.762900	1
58.524000	142.140000	1.237000	6.762600	1
58.497000	142.200000	1.213400	6.762700	1
58.469000	142.270000	2.267200	6.762900	1
58.442000	142.330000	1.553300	6.762500	1
58.414000	142.400000	3.623500	6.762800	1
58.387000	142.460000	3.273500	6.762900	1
58.359000	142.530000	1.229600	6.762600	1
58.331000	142.590000	-1.859600	6.762800	1
58.303000	142.660000	0.526680	6.762800	1
58.276000	142.720000	1.240300	6.762700	1
58.248000	142.790000	-0.853440	6.762800	1
58.220000	142.850000	-1.177300	6.762600	1
58.192000	142.920000	1.906400	6.762600	1
58.164000	142.980000	2.596500	6.762800	1
58.136000	143.050000	1.580000	6.762500	1
58.108000	143.110000	1.216300	6.762700	1
58.080000	143.170000	1.232600	6.762800	1
58.052000	143.240000	1.216200	6.762600	1
58.024000	143.300000	2.262700	6.762900	1
57.996000	143.360000	0.202500	6.762700	1
57.968000	143.430000	0.876220	6.762700	1
57.939000	143.490000	-0.503730	6.762900	1
57.911000	143.560000	-0.837640	6.762600	1
57.883000	143.620000	0.202530	6.762800	1
57.854000	143.680000	0.892460	6.762600	1
57.826000	143.750000	2.600000	6.762800	1
57.798000	143.810000	3.296300	6.762800	1
57.769000	143.870000	1.926200	6.762600	1
57.741000	143.930000	1.576200	6.762700	1
57.712000	144.000000	1.552500	6.762700	1
57.684000	144.060000	3.296200	6.762500	1
57.655000	144.120000	3.986200	6.762600	1
57.627000	144.180000	2.592500	6.762500	1
57.598000	144.250000	2.266100	6.762400	1
57.569000	144.310000	1.552500	6.762600	1
57.541000	144.370000	2.266100	6.762500	1
57.512000	144.430000	-0.143900	6.762600	1
57.483000	144.490000	-0.483860	6.762600	1
57.454000	144.560000	-0.483850	6.762400	1
57.426000	144.620000	-0.833600	6.762600	1
57.397000	144.680000	-0.167220	6.762600	1
57.368000	144.740000	-1.513600	6.762400	1
57.339000	144.800000	-0.139520	6.762600	1
57.310000	144.860000	2.246700	6.762300	1
57.281000	144.920000	1.556900	6.762500	1
57.252000	144.990000	-0.503080	6.762700	1
57.223000	145.050000	-0.836920	6.762300	1
57.194000	145.110000	0.187080	6.762600	1
57.165000	145.170000	4.317200	6.762500	1
57.136000	145.230000	2.247200	6.762400	1
57.106000	145.290000	4.317400	6.762500	1
58.780000	141.660000	-2.250700	7.522000	1
58.753000	141.730000	2.919700	7.522100	1
58.726000	141.800000	9.436200	7.522400	1
58.698000	141.860000	2.905900	7.522000	1
58.671000	141.930000	-1.210300	7.522400	1
58.644000	142.000000	-0.870300	7.522300	1
58.616000	142.060000	-0.180330	7.522100	1
58.589000	142.130000	-1.210200	7.522500	1
58.561000	142.190000	1.199800	7.522300	1
58.534000	142.260000	0.849870	7.522300	1
58.506000	142.320000	1.186300	7.522500	1
58.479000	142.390000	2.229900	7.522200	1
58.451000	142.450000	0.832460	7.522400	1
58.423000	142.520000	2.906300	7.522500	1
58.395000	142.590000	0.159760	7.522300	1
58.368000	142.650000	-0.530230	7.522500	1
58.340000	142.720000	-0.540590	7.522400	1
58.312000	142.780000	-0.526970	7.522300	1
58.284000	142.840000	1.203100	7.522400	1
58.256000	142.910000	-1.553500	7.522200	1
58.228000	142.970000	-0.544670	7.522200	1
58.200000	143.040000	1.529200	7.522400	1
58.172000	143.100000	0.162710	7.522100	1
58.144000	143.170000	1.525400	7.522400	1
58.116000	143.230000	1.529200	7.522400	1
58.088000	143.290000	0.839000	7.522200	1
58.060000	143.360000	1.525400	7.522500	1
58.032000	143.420000	-0.191030	7.522400	1
58.004000	143.490000	-0.194770	7.522300	1
57.975000	143.550000	-0.540950	7.522500	1
57.947000	143.610000	-1.224900	7.522200	1
57.919000	143.680000	0.835340	7.522400	1
57.891000	143.740000	1.865300	7.522300	1
57.862000	143.800000	0.835290	7.522400	1
57.834000	143.870000	1.529000	7.522400	1
57.805000	143.930000	1.869000	7.522200	1
57.777000	143.990000	1.869000	7.522300	1
57.748000	144.050000	1.532800	7.522300	1
57.720000	144.120000	2.218900	7.522200	1
57.691000	144.180000	1.528900	7.522200	1
57.662000	144.240000	2.909000	7.522200	1
57.634000	144.300000	1.188800	7.522000	1
57.605000	144.370000	0.838960	7.522300	1
57.576000	144.430000	0.148830	7.522100	1
57.548000	144.490000	-1.217500	7.522200	1
57.519000	144.550000	-0.881100	7.522200	1
57.490000	144.610000	-1.214900	7.522000	1
57.461000	144.680000	-1.911000	7.522300	1
57.432000	144.740000	-1.564600	7.522200	1
57.403000	144.800000	-0.184500	7.522000	1
57.374000	144.860000	1.195800	7.522300	1
57.345000	144.920000	1.199400	7.521900	1
57.316000	144.980000	2.569600	7.522100	1
57.287000	145.040000	-1.210400	7.522300	1
57.258000	145.100000	-1.210500	7.521900	1
57.229000	145.170000	4.633700	7.522200	1
57.200000	145.230000	1.199900	7.522100	1
57.171000	145.290000	0.496150	7.522000	1
57.142000	145.350000	-0.870030	7.522100	1
57.112000	145.410000	-1.210200	7.521800	1
57.083000	145.470000	0.510050	7.521900	1
57.054000	145.530000	8.080400	7.522100	1
58.487000	142.510000	-0.047057	8.275800	1
58.460000	142.580000	-1.760900	8.275900	1
58.432000	142.640000	-2.107400	8.275700	1
58.404000	142.710000	-3.487500	8.275900	1
58.376000	142.770000	-3.487600	8.275800	1
58.348000	142.840000	-1.764000	8.275700	1
58.320000	142.900000	0.648640	8.275900	1
58.293000	142.970000	-0.384070	8.275700	1
58.265000	143.030000	-2.098000	8.275600	1
58.237000	143.100000	1.002300	8.275900	1
58.209000	143.160000	0.312070	8.275500	1
58.180000	143.220000	-0.717890	8.275800	1
58.152000	143.290000	0.305930	8.275800	1
58.124000	143.350000	2.032100	8.275700	1
58.096000	143.420000	-0.041622	8.275900	1
58.068000	143.480000	-0.721750	8.275800	1
58.040000	143.540000	0.312070	8.275800	1
58.011000	143.610000	-1.408000	8.275900	1
57.983000	143.670000	-2.098200	8.275600	1
57.955000	143.730000	-0.037912	8.275900	1
57.926000	143.800000	0.652030	8.275600	1
57.898000	143.860000	1.004600	8.275800	1
57.869000	143.920000	1.694600	8.275800	1
57.841000	143.990000	4.788400	8.275600	1
57.812000	144.050000	0.655740	8.275700	1
57.784000	144.110000	0.312000	8.275800	1
57.755000	144.170000	1.342000	8.275600	1
57.727000	144.240000	0.651960	8.275600	1
57.698000	144.300000	1.692000	8.275600	1
57.669000	144.360000	0.658130	8.275400	1
57.641000	144.420000	1.342000	8.275700	1
57.612000	144.490000	-1.062000	8.275500	1
57.583000	144.550000	-0.718080	8.275600	1
57.554000	144.610000	-1.401800	8.275600	1
57.525000	144.670000	-2.432000	8.275400	1
57.496000	144.730000	-2.438000	8.275700	1
57.468000	144.790000	-2.438000	8.275500	1
57.439000	144.860000	-1.751600	8.275400	1
57.410000	144.920000	-1.407600	8.275700	1
57.381000	144.980000	0.662400	8.275300	1
57.352000	145.040000	1.702600	8.275500	1
57.322000	145.100000	3.072800	8.275700	1
57.293000	145.160000	5.819000	8.275300	1
57.264000	145.220000	-2.427300	8.275600	1
57.235000	145.280000	-1.411000	8.275500	1
57.206000	145.340000	-3.117400	8.275400	1
57.177000	145.400000	-2.433400	8.275600	1
57.147000	145.470000	-0.707100	8.275200	1
57.118000	145.530000	0.309360	8.275300	1
57.089000	145.590000	4.779800	8.275500	1
58.579000	142.440000	-1.060300	9.034800	1
58.552000	142.500000	-1.434200	9.034600	1
58.524000	142.570000	-3.130600	9.034700	1
58.496000	142.630000	-1.778000	9.034900	1
58.469000	142.700000	-3.494500	9.034600	1
58.441000	142.760000	-2.780600	9.034800	1
58.413000	142.830000	-0.748050	9.034800	1
58.385000	142.890000	1.321900	9.034600	1
58.357000	142.960000	1.665700	9.034800	1
58.329000	143.020000	-0.391040	9.034600	1
58.301000	143.090000	0.635240	9.034600	1
58.273000	143.150000	-2.108700	9.034800	1
58.245000	143.220000	-2.482600	9.034500	1
58.217000	143.280000	-1.428700	9.034700	1
58.189000	143.350000	-0.388600	9.034700	1
58.161000	143.410000	0.641380	9.034600	1
58.132000	143.470000	-1.768700	9.034800	1
58.104000	143.540000	-1.084900	9.034700	1
58.076000	143.600000	-2.805100	9.034700	1
58.048000	143.660000	-1.774900	9.034900	1
58.019000	143.730000	-1.435000	9.034500	1
57.991000	143.790000	-1.775000	9.034800	1
57.962000	143.850000	-1.085000	9.034600	1
57.934000	143.920000	-0.048640	9.034700	1
57.906000	143.980000	0.641390	9.034700	1
57.877000	144.040000	2.361400	9.034600	1
57.848000	144.110000	2.701400	9.034600	1
57.820000	144.170000	1.675100	9.034700	1
57.791000	144.230000	-0.051267	9.034500	1
57.763000	144.290000	0.294980	9.034500	1
57.734000	144.360000	0.621230	9.034500	1
57.705000	144.420000	-0.385140	9.034300	1
57.676000	144.480000	-1.075100	9.034600	1
57.648000	144.540000	-2.795300	9.034400	1
57.619000	144.610000	-1.425100	9.034500	1
57.590000	144.670000	-2.455200	9.034500	1
57.561000	144.730000	-2.455200	9.034300	1
57.532000	144.790000	-2.795000	9.034600	1
57.503000	144.850000	-3.168800	9.034400	1
57.474000	144.910000	-1.098500	9.034300	1
57.445000	144.980000	-1.448400	9.034600	1
57.416000	145.040000	-0.044598	9.034200	1
57.387000	145.100000	3.055700	9.034400	1
57.358000	145.160000	1.312000	9.034600	1
57.329000	145.220000	-2.100800	9.034200	1
57.300000	145.280000	-2.100500	9.034500	1
57.271000	145.340000	-2.790600	9.034400	1
57.241000	145.400000	-3.480600	9.034300	1
57.212000	145.460000	-2.124000	9.034500	1
57.183000	145.520000	-1.444100	9.034100	1
57.153000	145.580000	-1.093800	9.034200	1
57.124000	145.640000	2.349200	9.034400	1
57.095000	145.700000	6.473000	9.034000	1
58.616000	142.500000	-2.383300	9.789200	1
58.588000	142.560000	-3.427300	9.789000	1
58.561000	142.630000	-3.423500	9.789100	1
58.533000	142.690000	-4.103500	9.789200	1
58.505000	142.760000	-3.763700	9.789000	1
58.477000	142.820000	-1.353400	9.789100	1
58.449000	142.890000	0.366670	9.789100	1
58.421000	142.950000	2.772900	9.789000	1
58.393000	143.020000	0.029010	9.789200	1
58.365000	143.080000	0.022672	9.788900	1
58.337000	143.150000	-1.355000	9.788900	1
58.309000	143.210000	-2.377700	9.789100	1
58.281000	143.280000	-2.377900	9.788800	1
58.253000	143.340000	-1.693900	9.789100	1
58.225000	143.400000	-2.037800	9.789100	1
58.197000	143.470000	-1.014000	9.788900	1
58.169000	143.530000	-1.694000	9.789200	1
58.140000	143.600000	-3.418000	9.789000	1
58.112000	143.660000	-2.044000	9.789000	1
58.084000	143.720000	-2.731600	9.789200	1
58.055000	143.790000	-2.377900	9.788900	1
58.027000	143.850000	-2.727900	9.789100	1
57.998000	143.910000	-2.734200	9.788900	1
57.970000	143.980000	-1.347800	9.789100	1
57.941000	144.040000	0.706110	9.789000	1
57.913000	144.100000	1.056100	9.788900	1
57.884000	144.160000	0.032221	9.788900	1
57.856000	144.230000	0.372300	9.789000	1
57.827000	144.290000	0.372200	9.788800	1
57.798000	144.350000	-1.347900	9.788800	1
57.770000	144.420000	-0.314110	9.788800	1
57.741000	144.480000	-1.684300	9.788700	1
57.712000	144.540000	-2.728100	9.788900	1
57.683000	144.600000	-2.728200	9.788700	1
57.654000	144.660000	-3.754500	9.788800	1
57.626000	144.730000	-4.098200	9.788800	1
57.597000	144.790000	-3.418100	9.788600	1
57.568000	144.850000	-3.417900	9.788900	1
57.539000	144.910000	-4.098000	9.788700	1
57.510000	144.970000	-2.724000	9.788700	1
57.481000	145.030000	-0.657420	9.788900	1
57.452000	145.100000	1.058900	9.788500	1
57.422000	145.160000	-0.317290	9.788700	1
57.393000	145.220000	-0.319560	9.788900	1
57.364000	145.280000	-2.727500	9.788500	1
57.335000	145.340000	-2.727200	9.788900	1
57.306000	145.400000	-3.757300	9.788700	1
57.277000	145.460000	-2.033300	9.788600	1
57.247000	145.520000	-3.063200	9.788800	1
57.218000	145.580000	-1.002900	9.788400	1
57.188000	145.640000	-1.342700	9.788500	1
57.159000	145.700000	-2.722600	9.788700	1
57.130000	145.760000	-2.036300	9.788300	1
57.100000	145.820000	-1.682100	9.788800	1
57.071000	145.880000	-1.001800	9.788600	1
57.041000	145.940000	-1.685500	9.788400	1
57.012000	146.000000	-1.341300	9.788800	1
56.982000	146.060000	-0.314910	9.788500	1
56.952000	146.120000	2.786700	9.788500	1
58.708000	142.420000	-5.922500	10.547000	1
58.681000	142.490000	-3.504400	10.547000	1
58.653000	142.550000	-2.814300	10.547000	1
58.625000	142.620000	-3.852100	10.547000	1
58.598000	142.690000	-4.194600	10.547000	1
58.570000	142.750000	-2.138000	10.547000	1
58.542000	142.820000	-3.518400	10.547000	1
58.514000	142.880000	-2.488200	10.547000	1
58.486000	142.950000	-1.442000	10.547000	1
58.458000	143.010000	-1.094500	10.547000	1
58.430000	143.080000	-0.768150	10.547000	1
58.402000	143.140000	-0.762020	10.547000	1
58.374000	143.200000	-2.822300	10.547000	1
58.346000	143.270000	-1.792200	10.547000	1
58.318000	143.330000	-2.482400	10.547000	1
58.290000	143.400000	-1.792200	10.547000	1
58.262000	143.460000	-0.792360	10.547000	1
58.233000	143.530000	-1.132400	10.547000	1
58.205000	143.590000	-1.444800	10.547000	1
58.177000	143.650000	-3.855300	10.547000	1
58.148000	143.720000	-4.199000	10.547000	1
58.120000	143.780000	-3.168800	10.547000	1
58.092000	143.840000	-3.168900	10.547000	1
58.063000	143.910000	-4.191500	10.547000	1
58.035000	143.970000	-3.509000	10.547000	1
58.006000	144.030000	-2.852600	10.547000	1
57.978000	144.100000	0.587680	10.547000	1
57.949000	144.160000	-0.102410	10.547000	1
57.920000	144.220000	-1.788800	10.547000	1
57.892000	144.290000	1.311500	10.547000	1
57.863000	144.350000	-1.098800	10.547000	1
57.834000	144.410000	-1.788900	10.547000	1
57.806000	144.470000	-3.202800	10.547000	1
57.777000	144.540000	-2.852800	10.546000	1
57.748000	144.600000	-2.158900	10.547000	1
57.719000	144.660000	-2.159000	10.546000	1
57.690000	144.720000	-2.475200	10.547000	1
57.661000	144.780000	-3.165200	10.547000	1
57.633000	144.850000	-3.879100	10.546000	1
57.604000	144.910000	-3.198800	10.547000	1
57.575000	144.970000	-2.848800	10.546000	1
57.545000	145.030000	-0.098377	10.546000	1
57.516000	145.090000	3.692000	10.547000	1
57.487000	145.150000	0.598000	10.546000	1
57.458000	145.220000	-0.431910	10.546000	1
57.429000	145.280000	0.258270	10.547000	1
57.400000	145.340000	-3.532200	10.546000	1
57.371000	145.400000	-3.198100	10.547000	1
57.341000	145.460000	-2.848100	10.546000	1
57.312000	145.520000	-2.157900	10.546000	1
57.283000	145.580000	-2.837800	10.547000	1
57.253000	145.640000	-2.837700	10.546000	1
57.224000	145.700000	-3.865200	10.546000	1
57.194000	145.760000	-1.456900	10.546000	1
57.165000	145.820000	-2.837100	10.546000	1
57.136000	145.880000	-3.866900	10.546000	1
57.106000	145.940000	-4.220600	10.546000	1
57.076000	146.000000	-2.840200	10.546000	1
57.047000	146.060000	-1.805900	10.547000	1
57.017000	146.120000	1.980700	10.546000	1
56.988000	146.180000	4.044700	10.546000	1
58.606000	142.810000	-3.756400	11.300000	1
58.579000	142.870000	-1.690000	11.299000	1
58.551000	142.940000	-1.686300	11.300000	1
58.523000	143.000000	-0.656240	11.300000	1
58.495000	143.070000	-1.346400	11.299000	1
58.467000	143.130000	-3.742900	11.300000	1
58.439000	143.200000	-2.036500	11.299000	1
58.411000	143.260000	-4.450700	11.299000	1
58.382000	143.330000	-3.074200	11.300000	1
58.354000	143.390000	-3.074300	11.299000	1
58.326000	143.460000	-1.694000	11.300000	1
58.298000	143.520000	-1.354100	11.299000	1
58.270000	143.580000	-3.764500	11.299000	1
58.241000	143.650000	-3.764500	11.300000	1
58.213000	143.710000	-2.376900	11.299000	1
58.185000	143.780000	-3.404500	11.299000	1
58.156000	143.840000	-2.726800	11.300000	1
58.128000	143.900000	-1.346800	11.299000	1
58.099000	143.970000	-2.380500	11.300000	1
58.071000	144.030000	-3.407000	11.299000	1
58.042000	144.090000	-2.040600	11.299000	1
58.014000	144.160000	-4.101000	11.299000	1
57.985000	144.220000	-2.034500	11.299000	1
57.956000	144.280000	-2.040700	11.299000	1
57.928000	144.350000	-2.730800	11.299000	1
57.899000	144.410000	-2.377000	11.299000	1
57.870000	144.470000	-2.380800	11.299000	1
57.842000	144.530000	-2.034600	11.299000	1
57.813000	144.600000	-2.374600	11.299000	1
57.784000	144.660000	-3.067100	11.299000	1
57.755000	144.720000	-3.404800	11.299000	1
57.726000	144.780000	-2.374600	11.299000	1
57.697000	144.840000	-3.074600	11.299000	1
57.668000	144.910000	-3.401000	11.299000	1
57.639000	144.970000	-3.074400	11.299000	1
57.610000	145.030000	-0.996620	11.299000	1
57.581000	145.090000	-1.340300	11.299000	1
57.552000	145.150000	-2.036500	11.299000	1
57.523000	145.210000	-0.323880	11.299000	1
57.494000	145.270000	-2.376400	11.299000	1
57.464000	145.340000	-3.417800	11.299000	1
57.435000	145.400000	-4.090400	11.299000	1
57.406000	145.460000	-4.454100	11.299000	1
57.377000	145.520000	-3.400000	11.299000	1
57.347000	145.580000	-3.059900	11.299000	1
57.318000	145.640000	-4.089800	11.299000	1
57.289000	145.700000	-2.719500	11.299000	1
57.259000	145.760000	-2.029200	11.299000	1
57.230000	145.820000	-3.068900	11.299000	1
57.200000	145.880000	-3.412800	11.299000	1
57.171000	145.940000	-3.401000	11.299000	1
57.141000	146.000000	-5.115100	11.299000	1
57.112000	146.060000	-2.364300	11.299000	1
57.082000	146.120000	2.089000	11.299000	1
57.052000	146.180000	0.386520	11.299000	1
57.023000	146.240000	-3.411300	11.299000	1
56.993000	146.300000	-1.000700	11.299000	1
58.671000	142.800000	-4.553700	12.054000	1
58.643000	142.870000	-4.207400	12.055000	1
58.616000	142.930000	-0.076136	12.054000	1
58.588000	143.000000	-0.753700	12.055000	1
58.560000	143.060000	-1.793800	12.055000	1
58.532000	143.130000	-1.450100	12.054000	1
58.504000	143.190000	-3.860500	12.055000	1
58.475000	143.260000	-5.578600	12.054000	1
58.447000	143.320000	-4.204400	12.054000	1
58.419000	143.390000	-3.858200	12.055000	1
58.391000	143.450000	-2.484200	12.054000	1
58.363000	143.520000	-2.484100	12.055000	1
58.335000	143.580000	-2.824200	12.054000	1
58.306000	143.640000	-3.854500	12.054000	1
58.278000	143.710000	-3.854400	12.055000	1
58.250000	143.770000	-3.520600	12.054000	1
58.221000	143.840000	-4.204600	12.054000	1
58.193000	143.900000	-5.252300	12.055000	1
58.164000	143.960000	-4.204600	12.054000	1
58.136000	144.030000	-3.858300	12.055000	1
58.107000	144.090000	-4.541100	12.054000	1
58.079000	144.150000	-5.231100	12.054000	1
58.050000	144.220000	-4.881100	12.054000	1
58.021000	144.280000	-3.528400	12.054000	1
57.993000	144.340000	-2.480700	12.054000	1
57.964000	144.400000	-3.160900	12.054000	1
57.935000	144.470000	-2.134600	12.054000	1
57.907000	144.530000	-2.838400	12.054000	1
57.878000	144.590000	-3.514800	12.054000	1
57.849000	144.650000	-3.164800	12.054000	1
57.820000	144.720000	-3.164600	12.054000	1
57.791000	144.780000	-3.854900	12.054000	1
57.762000	144.840000	-2.824600	12.054000	1
57.733000	144.900000	-3.160900	12.054000	1
57.704000	144.970000	-3.510900	12.054000	1
57.675000	145.030000	-4.222100	12.054000	1
57.646000	145.090000	-4.218400	12.054000	1
57.617000	145.150000	-2.494200	12.054000	1
57.588000	145.210000	-3.160400	12.054000	1
57.559000	145.270000	-4.196900	12.054000	1
57.529000	145.330000	-4.558200	12.054000	1
57.500000	145.400000	-4.214100	12.054000	1
57.471000	145.460000	-5.241900	12.054000	1
57.442000	145.520000	-3.850000	12.054000	1
57.412000	145.580000	-2.147200	12.054000	1
57.383000	145.640000	-4.551300	12.054000	1
57.354000	145.700000	-3.867100	12.054000	1
57.324000	145.760000	-2.833100	12.054000	1
57.295000	145.820000	-4.217000	12.054000	1
57.265000	145.880000	-3.158800	12.054000	1
57.236000	145.940000	-3.866600	12.054000	1
57.206000	146.000000	-3.158500	12.054000	1
57.177000	146.060000	-3.172100	12.054000	1
57.147000	146.120000	-3.171800	12.054000	1
57.117000	146.180000	-0.080924	12.054000	1
57.088000	146.240000	-1.458500	12.054000	1
57.058000	146.300000	-2.490900	12.054000	1
57.028000	146.360000	1.306000	12.054000	1
58.709000	142.860000	-4.182800	12.815000	1
58.681000	142.930000	-1.432300	12.815000	1
58.653000	142.990000	-0.049889	12.815000	1
58.625000	143.060000	-4.855600	12.815000	1
58.597000	143.120000	0.977760	12.815000	1
58.569000	143.190000	1.326400	12.815000	1
58.541000	143.250000	-4.873100	12.815000	1
58.513000	143.320000	-6.927900	12.815000	1
58.484000	143.380000	-4.863700	12.815000	1
58.456000	143.450000	-5.561400	12.815000	1
58.428000	143.510000	-3.839800	12.815000	1
58.400000	143.580000	-3.833400	12.815000	1
58.372000	143.640000	-1.767000	12.815000	1
58.343000	143.700000	-4.520000	12.815000	1
58.315000	143.770000	-4.177300	12.815000	1
58.286000	143.830000	-4.520000	12.815000	1
58.258000	143.900000	-5.561500	12.815000	1
58.230000	143.960000	-4.867500	12.815000	1
58.201000	144.020000	-5.207700	12.815000	1
58.173000	144.090000	-4.177400	12.815000	1
58.144000	144.150000	-2.800900	12.815000	1
58.115000	144.210000	-3.841100	12.815000	1
58.087000	144.280000	-3.833700	12.815000	1
58.058000	144.340000	-3.491300	12.815000	1
58.029000	144.400000	-2.801100	12.815000	1
58.001000	144.470000	-4.177700	12.815000	1
57.972000	144.530000	-2.457400	12.815000	1
57.943000	144.590000	-2.797400	12.815000	1
57.914000	144.650000	-4.861700	12.815000	1
57.885000	144.720000	-3.831500	12.815000	1
57.856000	144.780000	-3.837600	12.815000	1
57.827000	144.840000	-4.171700	12.815000	1
57.798000	144.900000	-3.837600	12.815000	1
57.770000	144.960000	-3.495100	12.815000	1
57.740000	145.030000	-4.517800	12.815000	1
57.711000	145.090000	-3.494800	12.815000	1
57.682000	145.150000	-3.481000	12.815000	1
57.653000	145.210000	-3.142000	12.815000	1
57.624000	145.270000	-1.069000	12.815000	1
57.595000	145.330000	-4.517300	12.815000	1
57.566000	145.400000	-5.207400	12.815000	1
57.536000	145.460000	-5.197200	12.815000	1
57.507000	145.520000	-5.199700	12.814000	1
57.478000	145.580000	-4.506800	12.815000	1
57.448000	145.640000	-3.493900	12.815000	1
57.419000	145.700000	-4.180200	12.814000	1
57.390000	145.760000	-3.832300	12.815000	1
57.360000	145.820000	-4.179900	12.814000	1
57.331000	145.880000	-3.825700	12.814000	1
57.301000	145.940000	-3.475400	12.815000	1
57.272000	146.000000	-3.825500	12.814000	1
57.242000	146.060000	-3.825000	12.815000	1
57.212000	146.120000	-3.474800	12.814000	1
57.183000	146.180000	-3.824700	12.814000	1
57.153000	146.240000	-3.824300	12.815000	1
57.123000	146.300000	-3.824200	12.814000	1
57.094000	146.360000	-3.487700	12.814000	1
57.064000	146.420000	-1.419600	12.815000	1
57.034000	146.480000	4.101300	12.814000	1
58.746000	142.920000	-1.532100	13.574000	1
58.718000	142.990000	-0.151960	13.574000	1
58.690000	143.050000	-1.879700	13.574000	1
58.662000	143.120000	-0.843400	13.574000	1
58.634000	143.180000	2.593100	13.574000	1
58.606000	143.250000	1.903000	13.574000	1
58.578000	143.310000	-0.845880	13.574000	1
58.550000	143.380000	-6.013500	13.574000	1
58.522000	143.440000	-5.661100	13.574000	1
58.494000	143.510000	-4.286800	13.574000	1
58.465000	143.570000	-3.948200	13.574000	1
58.437000	143.640000	-4.284400	13.574000	1
58.409000	143.700000	-3.258100	13.574000	1
58.380000	143.760000	-4.630900	13.574000	1
58.352000	143.830000	-4.631000	13.574000	1
58.323000	143.890000	-4.280900	13.574000	1
58.295000	143.960000	-4.633500	13.574000	1
58.267000	144.020000	-4.630800	13.574000	1
58.238000	144.080000	-3.600800	13.574000	1
58.209000	144.150000	-2.216600	13.574000	1
58.181000	144.210000	-2.564400	13.574000	1
58.152000	144.270000	-2.906800	13.574000	1
58.124000	144.340000	-3.254500	13.574000	1
58.095000	144.400000	-3.254600	13.574000	1
58.066000	144.460000	-3.604700	13.574000	1
58.037000	144.530000	-4.635000	13.574000	1
58.009000	144.590000	-4.971500	13.574000	1
57.980000	144.650000	-5.332800	13.574000	1
57.951000	144.710000	-4.635300	13.573000	1
57.922000	144.780000	-3.601200	13.573000	1
57.893000	144.840000	-4.285000	13.574000	1
57.864000	144.900000	-4.971700	13.573000	1
57.835000	144.960000	-3.944900	13.574000	1
57.806000	145.020000	-4.277400	13.574000	1
57.777000	145.090000	-5.325400	13.573000	1
57.748000	145.150000	-3.597000	13.574000	1
57.719000	145.210000	-3.940800	13.573000	1
57.689000	145.270000	-4.630800	13.573000	1
57.660000	145.330000	-4.284500	13.574000	1
57.631000	145.390000	-5.324800	13.573000	1
57.602000	145.460000	-4.284300	13.573000	1
57.572000	145.520000	-5.660800	13.574000	1
57.543000	145.580000	-4.630500	13.573000	1
57.514000	145.640000	-4.970200	13.574000	1
57.485000	145.700000	-4.970100	13.573000	1
57.455000	145.760000	-3.249600	13.573000	1
57.426000	145.820000	-2.219100	13.574000	1
57.396000	145.880000	-4.633400	13.573000	1
57.367000	145.940000	-4.969400	13.573000	1
57.337000	146.000000	-3.942700	13.573000	1
57.307000	146.060000	-4.282600	13.573000	1
57.278000	146.120000	-3.248100	13.573000	1
57.248000	146.180000	-2.554000	13.573000	1
57.219000	146.240000	-3.934100	13.573000	1
57.189000	146.300000	-3.601200	13.573000	1
57.159000	146.360000	-3.247300	13.573000	1
57.129000	146.420000	-4.631200	13.573000	1
57.099000	146.480000	1.220000	13.573000	1
57.070000	146.540000	3.293900	13.573000	1
58.811000	142.920000	-1.120000	14.326000	1
58.783000	142.980000	-2.127700	14.326000	1
58.756000	143.050000	0.962760	14.326000	1
58.728000	143.110000	-0.754250	14.326000	1
58.700000	143.180000	0.281000	14.326000	1
58.671000	143.240000	2.346100	14.326000	1
58.643000	143.310000	0.952160	14.326000	1
58.615000	143.370000	-2.845800	14.326000	1
58.587000	143.440000	-6.959800	14.326000	1
58.559000	143.500000	-6.255800	14.326000	1
58.531000	143.570000	-3.504900	14.326000	1
58.502000	143.630000	-4.558000	14.326000	1
58.474000	143.700000	-4.549100	14.326000	1
58.446000	143.760000	-4.195300	14.326000	1
58.417000	143.830000	-4.535400	14.326000	1
58.389000	143.890000	-5.589600	14.326000	1
58.360000	143.950000	-4.549200	14.326000	1
58.332000	144.020000	-5.253000	14.326000	1
58.303000	144.080000	-4.885500	14.326000	1
58.275000	144.140000	-2.474900	14.326000	1
58.246000	144.210000	-3.161300	14.326000	1
58.218000	144.270000	-2.811400	14.326000	1
58.189000	144.330000	-3.869100	14.326000	1
58.160000	144.400000	-3.175200	14.326000	1
58.131000	144.460000	-3.855500	14.326000	1
58.103000	144.520000	-3.841800	14.326000	1
58.074000	144.590000	-4.882100	14.326000	1
58.045000	144.650000	-4.888500	14.326000	1
58.016000	144.710000	-4.198300	14.326000	1
57.987000	144.770000	-3.873500	14.326000	1
57.958000	144.840000	-4.896200	14.326000	1
57.929000	144.900000	-5.236200	14.326000	1
57.900000	144.960000	-4.559800	14.325000	1
57.871000	145.020000	-3.184300	14.326000	1
57.842000	145.090000	-4.888400	14.326000	1
57.813000	145.150000	-4.909700	14.325000	1
57.784000	145.210000	-5.585800	14.326000	1
57.755000	145.270000	-3.837900	14.326000	1
57.726000	145.330000	-1.777300	14.326000	1
57.696000	145.390000	-2.821100	14.326000	1
57.667000	145.460000	-4.541600	14.325000	1
57.638000	145.520000	-5.914400	14.326000	1
57.609000	145.580000	-5.939200	14.326000	1
57.579000	145.640000	-5.939200	14.325000	1
57.550000	145.700000	-5.935100	14.326000	1
57.520000	145.760000	-3.868100	14.325000	1
57.491000	145.820000	-5.244500	14.325000	1
57.462000	145.880000	-5.594500	14.326000	1
57.432000	145.940000	-3.863900	14.325000	1
57.402000	146.000000	-3.523600	14.325000	1
57.373000	146.060000	-3.509500	14.326000	1
57.343000	146.120000	-4.199700	14.325000	1
57.314000	146.180000	-5.229500	14.326000	1
57.284000	146.240000	-5.246700	14.325000	1
57.254000	146.300000	-4.552600	14.325000	1
57.224000	146.360000	-4.902300	14.326000	1
57.195000	146.420000	-4.902000	14.325000	1
57.165000	146.480000	-2.835100	14.325000	1
57.135000	146.540000	-0.774500	14.325000	1
57.105000	146.600000	3.019500	14.325000	1
58.849000	142.980000	-1.568700	15.088000	1
58.821000	143.040000	-2.265000	15.088000	1
58.793000	143.110000	0.835440	15.088000	1
58.765000	143.180000	-1.246200	15.087000	1
58.737000	143.240000	1.848000	15.088000	1
58.709000	143.310000	-0.902350	15.088000	1
58.681000	143.370000	-5.009500	15.088000	1
58.653000	143.440000	-6.421400	15.088000	1
58.625000	143.500000	-7.444700	15.087000	1
58.596000	143.570000	-6.748300	15.088000	1
58.568000	143.630000	-5.377600	15.088000	1
58.540000	143.690000	-4.701600	15.087000	1
58.512000	143.760000	-4.333800	15.088000	1
58.483000	143.820000	-3.303700	15.087000	1
58.455000	143.890000	-3.976300	15.087000	1
58.426000	143.950000	-4.690200	15.088000	1
58.398000	144.010000	-5.380600	15.087000	1
58.369000	144.080000	-4.333900	15.088000	1
58.341000	144.140000	-3.976200	15.088000	1
58.312000	144.210000	-3.993800	15.087000	1
58.283000	144.270000	-2.969700	15.088000	1
58.255000	144.330000	-4.347800	15.087000	1
58.226000	144.400000	-5.374500	15.087000	1
58.197000	144.460000	-5.714500	15.087000	1
58.169000	144.520000	-5.374500	15.087000	1
58.140000	144.590000	-5.714800	15.087000	1
58.111000	144.650000	-6.405000	15.088000	1
58.082000	144.710000	-5.038300	15.087000	1
58.053000	144.770000	-5.041900	15.087000	1
58.024000	144.840000	-4.330900	15.087000	1
57.995000	144.900000	-4.694800	15.087000	1
57.966000	144.960000	-4.344500	15.087000	1
57.937000	145.020000	-5.385100	15.087000	1
57.908000	145.090000	-6.069000	15.087000	1
57.879000	145.150000	-5.020800	15.087000	1
57.850000	145.210000	-5.353400	15.087000	1
57.821000	145.270000	-5.034200	15.087000	1
57.792000	145.330000	-2.977300	15.087000	1
57.762000	145.400000	-2.287100	15.087000	1
57.733000	145.460000	-3.653500	15.087000	1
57.704000	145.520000	-5.037700	15.087000	1
57.674000	145.580000	-6.751900	15.087000	1
57.645000	145.640000	-5.387400	15.087000	1
57.616000	145.700000	-5.727600	15.087000	1
57.586000	145.760000	-5.717200	15.087000	1
57.557000	145.820000	-5.365700	15.087000	1
57.528000	145.880000	-4.693000	15.087000	1
57.498000	145.940000	-5.365300	15.087000	1
57.468000	146.010000	-5.032700	15.087000	1
57.439000	146.070000	-4.002100	15.087000	1
57.409000	146.130000	-3.634200	15.087000	1
57.380000	146.190000	-4.324200	15.087000	1
57.350000	146.250000	-4.685100	15.087000	1
57.320000	146.310000	-4.337400	15.087000	1
57.290000	146.370000	-6.408000	15.087000	1
57.261000	146.430000	-6.058900	15.087000	1
57.231000	146.490000	-4.688200	15.087000	1
57.201000	146.550000	-4.337900	15.087000	1
57.171000	146.610000	-0.893140	15.087000	1
57.141000	146.670000	0.823250	15.087000	1
57.111000	146.730000	-1.927000	15.087000	1
58.943000	142.910000	-3.721800	15.844000	1
58.915000	142.970000	-5.458700	15.844000	1
58.887000	143.040000	-5.458600	15.844000	1
58.859000	143.110000	-4.412100	15.844000	1
58.831000	143.170000	-2.700700	15.844000	1
58.803000	143.240000	-1.309300	15.844000	1
58.775000	143.300000	0.057161	15.844000	1
58.747000	143.370000	-2.342000	15.844000	1
58.719000	143.430000	-6.148200	15.844000	1
58.691000	143.500000	-5.776800	15.844000	1
58.662000	143.560000	-7.854800	15.844000	1
58.634000	143.630000	-6.471100	15.844000	1
58.606000	143.690000	-4.750600	15.844000	1
58.577000	143.760000	-5.454600	15.844000	1
58.549000	143.820000	-5.100600	15.844000	1
58.521000	143.880000	-4.056800	15.844000	1
58.492000	143.950000	-4.063100	15.844000	1
58.464000	144.010000	-4.747100	15.844000	1
58.435000	144.080000	-4.764600	15.844000	1
58.407000	144.140000	-4.768300	15.844000	1
58.378000	144.200000	-4.060500	15.844000	1
58.349000	144.270000	-4.059500	15.844000	1
58.321000	144.330000	-4.074300	15.844000	1
58.292000	144.400000	-4.070800	15.844000	1
58.263000	144.460000	-4.403400	15.844000	1
58.235000	144.520000	-5.093600	15.844000	1
58.206000	144.580000	-5.777900	15.844000	1
58.177000	144.650000	-5.791600	15.844000	1
58.148000	144.710000	-3.717100	15.844000	1
58.119000	144.770000	-3.029700	15.844000	1
58.090000	144.840000	-5.449200	15.844000	1
58.061000	144.900000	-5.451800	15.844000	1
58.032000	144.960000	-5.115500	15.844000	1
58.003000	145.020000	-5.434300	15.844000	1
57.974000	145.090000	-4.421500	15.844000	1
57.945000	145.150000	-5.109000	15.844000	1
57.916000	145.210000	-5.437700	15.844000	1
57.887000	145.270000	-5.774200	15.844000	1
57.858000	145.330000	-5.787800	15.844000	1
57.828000	145.400000	-4.064500	15.844000	1
57.799000	145.460000	-3.713000	15.844000	1
57.770000	145.520000	-4.053100	15.844000	1
57.740000	145.580000	-4.743200	15.843000	1
57.711000	145.640000	-4.756800	15.844000	1
57.682000	145.700000	-5.784400	15.844000	1
57.652000	145.760000	-6.828600	15.843000	1
57.623000	145.820000	-5.110100	15.844000	1
57.593000	145.890000	-5.110100	15.843000	1
57.564000	145.950000	-5.103600	15.843000	1
57.534000	146.010000	-6.137500	15.844000	1
57.505000	146.070000	-5.443300	15.843000	1
57.475000	146.130000	-4.756500	15.843000	1
57.446000	146.190000	-4.414900	15.844000	1
57.416000	146.250000	-4.058200	15.843000	1
57.386000	146.310000	-5.444500	15.844000	1
57.356000	146.370000	-5.784600	15.843000	1
57.327000	146.430000	-6.128300	15.843000	1
57.297000	146.490000	-5.781500	15.844000	1
57.267000	146.550000	-4.413400	15.843000	1
57.237000	146.610000	-4.413200	15.843000	1
57.207000	146.670000	-4.056700	15.843000	1
57.177000	146.730000	-3.370300	15.843000	1
57.147000	146.790000	-4.056600	15.843000	1
57.117000	146.850000	-2.357400	15.843000	1
57.087000	146.910000	0.070413	15.843000	1
59.298000	142.370000	-5.631500	17.363000	1
59.270000	142.440000	-5.290100	17.363000	1
59.243000	142.500000	-6.328100	17.363000	1
59.215000	142.570000	-7.695100	17.363000	1
59.187000	142.640000	-9.101300	17.363000	1
59.160000	142.700000	-9.764500	17.363000	1
59.132000	142.770000	-7.695100	17.363000	1
59.104000	142.840000	-7.007200	17.363000	1
59.076000	142.900000	-2.872900	17.363000	1
59.048000	142.970000	-1.527500	17.363000	1
59.020000	143.030000	-6.328100	17.363000	1
58.992000	143.100000	-6.661900	17.363000	1
58.964000	143.170000	-6.345600	17.363000	1
58.936000	143.230000	-5.637700	17.363000	1
58.908000	143.300000	-5.637800	17.363000	1
58.880000	143.360000	-4.961500	17.363000	1
58.852000	143.430000	-5.628000	17.363000	1
58.824000	143.490000	-4.944000	17.363000	1
58.795000	143.560000	-5.995800	17.363000	1
58.767000	143.620000	-7.355200	17.363000	1
58.739000	143.690000	-7.373200	17.363000	1
58.710000	143.750000	-7.005600	17.363000	1
58.682000	143.820000	-7.349500	17.363000	1
58.654000	143.880000	-5.975200	17.363000	1
58.625000	143.950000	-5.284900	17.363000	1
58.597000	144.010000	-5.281300	17.363000	1
58.568000	144.080000	-6.325700	17.363000	1
58.540000	144.140000	-4.248300	17.363000	1
58.511000	144.200000	-4.272100	17.363000	1
58.482000	144.270000	-3.224300	17.363000	1
58.454000	144.330000	-1.846400	17.363000	1
58.425000	144.390000	-2.194000	17.363000	1
58.396000	144.460000	-2.864200	17.363000	1
58.368000	144.520000	-2.866900	17.363000	1
58.339000	144.590000	-4.244800	17.363000	1
58.310000	144.650000	-5.653000	17.363000	1
58.281000	144.710000	-4.935500	17.363000	1
58.252000	144.770000	-4.245000	17.363000	1
58.223000	144.840000	-4.272500	17.363000	1
58.194000	144.900000	-3.905100	17.363000	1
58.165000	144.960000	-4.935700	17.363000	1
58.136000	145.030000	-5.626100	17.363000	1
58.107000	145.090000	-5.993600	17.363000	1
58.078000	145.150000	-5.965800	17.363000	1
58.049000	145.210000	-5.997200	17.362000	1
58.020000	145.280000	-5.282000	17.363000	1
57.991000	145.340000	-4.935400	17.363000	1
57.961000	145.400000	-5.625700	17.363000	1
57.932000	145.460000	-6.339500	17.363000	1
57.903000	145.520000	-5.996700	17.362000	1
57.873000	145.580000	-4.618700	17.363000	1
57.844000	145.650000	-5.961500	17.363000	1
57.815000	145.710000	-6.335500	17.362000	1
57.785000	145.770000	-6.311500	17.363000	1
57.756000	145.830000	-5.648300	17.363000	1
57.726000	145.890000	-4.264000	17.362000	1
57.697000	145.950000	-4.957700	17.363000	1
57.667000	146.010000	-3.573300	17.362000	1
57.638000	146.070000	-5.297600	17.362000	1
57.608000	146.130000	-5.987400	17.363000	1
57.579000	146.200000	-4.616700	17.362000	1
57.549000	146.260000	-3.926300	17.362000	1
57.519000	146.320000	-5.983100	17.362000	1
57.489000	146.380000	-5.618900	17.362000	1
57.460000	146.440000	-5.653600	17.362000	1
57.430000	146.500000	-7.016800	17.362000	1
57.400000	146.560000	-6.339900	17.362000	1
57.370000	146.620000	-5.978300	17.362000	1
57.340000	146.680000	-5.292600	17.362000	1
57.310000	146.740000	-6.675900	17.362000	1
57.280000	146.800000	-5.982700	17.362000	1
57.250000	146.860000	-4.954800	17.362000	1
57.220000	146.920000	-3.928000	17.362000	1
57.190000	146.970000	-2.543800	17.362000	1
57.160000	147.030000	-0.480870	17.362000	1
59.199000	142.770000	-6.731900	18.124000	1
59.171000	142.830000	-7.422300	18.124000	1
59.143000	142.900000	-5.347500	18.124000	1
59.115000	142.970000	-5.008300	18.124000	1
59.087000	143.030000	-5.690900	18.124000	1
59.059000	143.100000	-7.079000	18.124000	1
59.031000	143.160000	-6.388600	18.124000	1
59.003000	143.230000	-8.471500	18.124000	1
58.975000	143.300000	-7.073000	18.123000	1
58.947000	143.360000	-7.430400	18.124000	1
58.919000	143.430000	-8.107200	18.123000	1
58.890000	143.490000	-7.763100	18.124000	1
58.862000	143.560000	-8.109600	18.124000	1
58.834000	143.620000	-6.382200	18.123000	1
58.806000	143.690000	-6.729000	18.124000	1
58.777000	143.750000	-8.102800	18.123000	1
58.749000	143.820000	-7.769800	18.123000	1
58.720000	143.880000	-6.389200	18.123000	1
58.692000	143.950000	-6.386600	18.123000	1
58.663000	144.010000	-7.073500	18.124000	1
58.635000	144.080000	-5.696600	18.123000	1
58.606000	144.140000	-4.665000	18.123000	1
58.578000	144.200000	-5.352900	18.124000	1
58.549000	144.270000	-5.689100	18.123000	1
58.521000	144.330000	-9.160100	18.124000	1
58.492000	144.400000	-5.016400	18.123000	1
58.463000	144.460000	-2.591800	18.123000	1
58.434000	144.520000	-3.968600	18.124000	1
58.406000	144.590000	-5.341800	18.123000	1
58.377000	144.650000	-4.662800	18.123000	1
58.348000	144.710000	-4.659100	18.123000	1
58.319000	144.780000	-4.319100	18.123000	1
58.290000	144.840000	-5.349400	18.123000	1
58.261000	144.900000	-6.394800	18.123000	1
58.232000	144.960000	-5.689700	18.123000	1
58.203000	145.030000	-5.353400	18.123000	1
58.174000	145.090000	-5.353400	18.123000	1
58.145000	145.150000	-4.663000	18.123000	1
58.116000	145.220000	-4.999400	18.123000	1
58.087000	145.280000	-5.013500	18.123000	1
58.057000	145.340000	-3.980200	18.123000	1
58.028000	145.400000	-6.035100	18.123000	1
57.999000	145.460000	-5.349700	18.123000	1
57.970000	145.530000	-5.678500	18.123000	1
57.940000	145.590000	-6.397300	18.123000	1
57.911000	145.650000	-6.028200	18.123000	1
57.882000	145.710000	-6.035700	18.123000	1
57.852000	145.770000	-5.345200	18.123000	1
57.823000	145.830000	-3.985600	18.123000	1
57.793000	145.890000	-3.273800	18.123000	1
57.764000	145.960000	-5.012200	18.123000	1
57.734000	146.020000	-4.335000	18.123000	1
57.705000	146.080000	-3.273400	18.123000	1
57.675000	146.140000	-5.687900	18.123000	1
57.645000	146.200000	-6.047600	18.123000	1
57.616000	146.260000	-6.051400	18.122000	1
57.586000	146.320000	-4.989300	18.123000	1
57.556000	146.380000	-5.696800	18.123000	1
57.526000	146.440000	-6.373500	18.122000	1
57.497000	146.500000	-7.403700	18.123000	1
57.467000	146.560000	-6.029000	18.123000	1
57.437000	146.620000	-3.957700	18.123000	1
57.407000	146.680000	-4.991800	18.123000	1
57.377000	146.740000	-6.368800	18.123000	1
57.347000	146.800000	-5.338000	18.123000	1
57.317000	146.860000	-6.032000	18.123000	1
57.287000	146.920000	-5.005100	18.122000	1
57.257000	146.980000	-4.311100	18.123000	1
57.227000	147.040000	-4.664800	18.122000	1
57.197000	147.100000	-2.594200	18.122000	1