La	Lo	Sig	Theta	Ice
63.830000	150.460000	-4.935100	-18.185000	1
63.834000	150.560000	-5.957800	-18.185000	1
63.839000	150.660000	-5.628700	-18.185000	1
63.843000	150.760000	-5.611200	-18.186000	1
63.848000	150.860000	-5.961300	-18.185000	1
63.852000	150.960000	-5.639900	-18.186000	1
63.856000	151.060000	-3.582700	-18.186000	1
63.860000	151.160000	-3.229200	-18.185000	1
63.864000	151.260000	-5.303800	-18.186000	1
63.869000	151.350000	-3.915900	-18.186000	1
63.872000	151.450000	-5.994400	-18.185000	1
63.876000	151.550000	-5.623100	-18.186000	1
63.880000	151.650000	-6.313500	-18.185000	1
63.884000	151.750000	-7.333400	-18.185000	1
63.888000	151.850000	-6.302400	-18.186000	1
63.891000	151.950000	-6.642800	-18.185000	1
63.895000	152.050000	-7.350600	-18.186000	1
63.898000	152.150000	-6.302500	-18.186000	1
63.901000	152.250000	-6.985400	-18.185000	1
63.905000	152.350000	-3.568600	-18.186000	1
63.908000	152.450000	-6.671200	-18.186000	1
63.911000	152.550000	-5.979600	-18.186000	1
63.914000	152.640000	-5.973100	-18.186000	1
63.917000	152.740000	-4.581100	-18.186000	1
63.920000	152.840000	-6.319400	-18.186000	1
63.923000	152.940000	-6.315200	-18.186000	1
63.926000	153.040000	-5.607400	-18.186000	1
63.928000	153.140000	-6.297500	-18.186000	1
63.931000	153.240000	-6.983800	-18.186000	1
63.934000	153.340000	-6.991500	-18.186000	1
63.936000	153.440000	-6.297300	-18.186000	1
63.938000	153.540000	-4.919800	-18.186000	1
63.941000	153.640000	-5.960500	-18.186000	1
63.943000	153.740000	-4.919700	-18.186000	1
63.880000	150.450000	-3.406400	-17.428000	1
63.885000	150.550000	-2.731200	-17.428000	1
63.890000	150.650000	-5.477500	-17.428000	1
63.894000	150.750000	-6.149400	-17.428000	1
63.898000	150.850000	-5.123900	-17.428000	1
63.903000	150.950000	-1.693700	-17.428000	1
63.907000	151.050000	-3.753300	-17.428000	1
63.911000	151.150000	-2.724300	-17.428000	1
63.915000	151.240000	-3.414500	-17.428000	1
63.919000	151.340000	-4.090200	-17.428000	1
63.923000	151.440000	-6.512900	-17.427000	1
63.912000	150.040000	-2.340700	-16.665000	1
63.917000	150.140000	-3.021000	-16.665000	1
63.922000	150.240000	-5.413200	-16.665000	1
63.926000	150.340000	-5.757300	-16.665000	1
63.931000	150.440000	-2.337300	-16.665000	1
63.936000	150.540000	-3.021200	-16.665000	1
63.940000	150.640000	-4.394200	-16.665000	1
63.945000	150.740000	-5.757400	-16.665000	1
63.949000	150.840000	-3.014000	-16.665000	1
63.953000	150.940000	-3.364000	-16.665000	1
63.958000	151.040000	-3.364200	-16.665000	1
63.962000	151.130000	-6.098100	-16.665000	1
63.966000	151.230000	-5.446400	-16.665000	1
63.970000	151.330000	-3.726100	-16.665000	1
63.974000	151.430000	-2.678500	-16.665000	1
63.995000	150.730000	-6.019800	-15.907000	1
63.999000	150.830000	-3.630200	-15.907000	1
64.003000	150.920000	-5.658500	-15.907000	1
64.007000	151.020000	-4.970900	-15.907000	1
64.012000	151.120000	-4.639600	-15.907000	1
64.016000	151.220000	-3.955600	-15.907000	1
64.020000	151.320000	-5.336300	-15.907000	1
64.024000	151.420000	-6.713600	-15.906000	1
64.028000	151.520000	-5.673000	-15.907000	1
64.032000	151.620000	-5.332900	-15.907000	1
64.035000	151.720000	-4.993900	-15.907000	1
64.039000	151.820000	-6.024200	-15.907000	1
64.043000	151.920000	-5.336600	-15.907000	1
64.046000	152.020000	-6.363100	-15.907000	1
64.050000	152.120000	-6.009300	-15.907000	1
64.053000	152.220000	-6.023300	-15.906000	1
64.056000	152.320000	-4.628700	-15.907000	1
64.059000	152.420000	-6.349500	-15.907000	1
64.044000	150.710000	-6.686500	-15.151000	1
64.048000	150.810000	-1.871300	-15.150000	1
64.053000	150.910000	-4.625700	-15.151000	1
64.057000	151.010000	-6.341600	-15.151000	1
64.061000	151.110000	-4.947300	-15.150000	1
64.065000	151.210000	-5.658900	-15.151000	1
64.069000	151.310000	-6.693400	-15.151000	1
64.073000	151.410000	-5.991900	-15.150000	1
64.077000	151.510000	-5.995800	-15.151000	1
64.081000	151.610000	-4.965200	-15.150000	1
64.085000	151.710000	-4.276200	-15.150000	1
64.088000	151.810000	-4.625000	-15.151000	1
64.092000	151.910000	-5.978100	-15.150000	1
64.096000	152.010000	-6.685900	-15.151000	1
64.099000	152.110000	-5.655400	-15.151000	1
64.103000	152.210000	-6.693400	-15.150000	1
64.106000	152.310000	-4.961500	-15.151000	1
64.109000	152.410000	-4.271200	-15.151000	1
64.112000	152.510000	-5.315400	-15.150000	1
64.115000	152.610000	-6.345400	-15.151000	1
64.118000	152.710000	-4.650800	-15.150000	1
64.121000	152.810000	-6.686400	-15.151000	1
64.070000	150.210000	-4.174600	-14.396000	1
64.075000	150.310000	-6.593200	-14.396000	1
64.079000	150.400000	-5.207400	-14.396000	1
64.084000	150.500000	-7.275800	-14.396000	1
64.089000	150.600000	-6.213000	-14.396000	1
64.093000	150.700000	-4.163200	-14.396000	1
64.097000	150.800000	-4.503600	-14.396000	1
64.102000	150.900000	-6.226800	-14.396000	1
64.106000	151.000000	-5.886500	-14.396000	1
64.110000	151.100000	-5.178900	-14.396000	1
64.114000	151.200000	-4.842400	-14.396000	1
64.118000	151.300000	-6.227100	-14.396000	1
64.122000	151.400000	-6.209800	-14.396000	1
64.126000	151.500000	-6.911400	-14.396000	1
64.130000	151.600000	-5.873400	-14.396000	1
64.134000	151.700000	-5.179300	-14.396000	1
64.138000	151.800000	-5.179200	-14.396000	1
64.141000	151.900000	-6.213500	-14.396000	1
64.145000	152.000000	-5.886900	-14.396000	1
64.148000	152.100000	-5.532900	-14.396000	1
64.152000	152.200000	-5.525500	-14.396000	1
64.155000	152.300000	-5.873200	-14.396000	1
64.158000	152.410000	-3.816300	-14.396000	1
64.161000	152.510000	-5.540500	-14.396000	1
64.128000	150.390000	-4.818100	-13.639000	1
64.133000	150.490000	-6.198600	-13.638000	1
64.137000	150.590000	-5.510900	-13.638000	1
64.142000	150.690000	-6.877600	-13.639000	1
64.146000	150.790000	-5.170800	-13.638000	1
64.151000	150.890000	-5.847200	-13.639000	1
64.155000	150.990000	-5.153100	-13.639000	1
64.159000	151.090000	-5.493500	-13.638000	1
64.163000	151.190000	-5.495800	-13.639000	1
64.167000	151.290000	-7.210600	-13.639000	1
64.171000	151.390000	-6.524300	-13.638000	1
64.175000	151.490000	-4.799700	-13.639000	1
64.179000	151.590000	-6.180400	-13.638000	1
64.183000	151.690000	-5.482700	-13.639000	1
64.187000	151.790000	-4.803500	-13.639000	1
64.190000	151.900000	-4.799800	-13.638000	1
64.194000	152.000000	-5.843800	-13.639000	1
64.197000	152.100000	-6.878100	-13.639000	1
64.201000	152.200000	-6.526800	-13.638000	1
64.204000	152.300000	-3.772400	-13.639000	1
64.168000	150.180000	-5.871600	-12.879000	1
64.172000	150.280000	-5.520200	-12.879000	1
64.177000	150.380000	-6.210500	-12.879000	1
64.182000	150.480000	-3.461000	-12.879000	1
64.186000	150.580000	-5.520300	-12.879000	1
64.191000	150.680000	-7.254500	-12.879000	1
64.195000	150.780000	-7.258500	-12.879000	1
64.200000	150.880000	-5.520100	-12.879000	1
64.204000	150.980000	-5.849000	-12.879000	1
64.208000	151.080000	-5.509100	-12.879000	1
64.212000	151.180000	-4.822500	-12.879000	1
64.216000	151.280000	-6.547000	-12.879000	1
64.220000	151.380000	-5.851800	-12.879000	1
64.224000	151.480000	-4.821400	-12.879000	1
64.228000	151.590000	-4.826700	-12.879000	1
64.232000	151.690000	-4.469000	-12.879000	1
64.235000	151.790000	-5.851900	-12.879000	1
64.269000	150.260000	-4.364500	-11.365000	1
64.273000	150.360000	-5.723500	-11.365000	1
64.278000	150.460000	-4.016900	-11.365000	1
64.283000	150.560000	-6.786500	-11.365000	1
64.287000	150.660000	-4.715700	-11.365000	1
64.292000	150.760000	-2.646700	-11.365000	1
64.296000	150.860000	-4.366800	-11.365000	1
64.300000	150.960000	-4.695500	-11.365000	1
64.305000	151.060000	-5.712200	-11.365000	1
64.309000	151.160000	-2.271400	-11.366000	1
64.313000	151.270000	1.151300	-11.365000	1
64.317000	151.370000	-5.378600	-11.365000	1
64.321000	151.470000	-5.022100	-11.365000	1
64.325000	151.570000	-2.975500	-11.365000	1
64.328000	151.670000	-2.635500	-11.365000	1
64.332000	151.770000	-2.621600	-11.365000	1
64.336000	151.870000	-6.416500	-11.365000	1
64.339000	151.970000	-5.718500	-11.365000	1
64.454000	150.110000	-4.400600	-8.337000	1
64.459000	150.220000	-0.956470	-8.336800	1
64.464000	150.320000	-4.042900	-8.337300	1
64.468000	150.420000	-4.056700	-8.337000	1
64.473000	150.520000	0.771190	-8.337000	1
64.478000	150.620000	1.817700	-8.337300	1
64.482000	150.720000	1.467500	-8.337000	1
64.486000	150.820000	-0.598620	-8.337300	1
64.491000	150.920000	-1.638600	-8.337400	1
64.495000	151.030000	-4.729200	-8.337000	1
64.499000	151.130000	-1.634700	-8.337500	1
64.503000	151.230000	-1.978600	-8.337200	1
64.507000	151.330000	-1.635000	-8.337000	1
64.511000	151.430000	-2.679900	-8.337400	1
64.529000	150.710000	0.808350	-7.580200	1
64.534000	150.810000	-1.265300	-7.580500	1
64.538000	150.910000	-1.955200	-7.580600	1
64.542000	151.020000	0.458490	-7.580200	1
64.546000	151.120000	-0.907620	-7.580700	1
64.551000	151.220000	-2.291600	-7.580500	1
64.555000	151.320000	0.454750	-7.580200	1
64.559000	151.420000	-0.575110	-7.580600	1
64.562000	151.520000	-1.601700	-7.580200	1
64.566000	151.630000	-2.288000	-7.580300	1
64.570000	151.730000	-1.951600	-7.580600	1
64.574000	151.830000	-3.325700	-7.580100	1
64.577000	151.930000	-4.358300	-7.580500	1
64.581000	152.030000	-1.265400	-7.580500	1
64.584000	152.140000	1.491000	-7.580300	1
64.588000	152.240000	-0.242740	-7.580400	1
64.591000	152.340000	-1.962900	-7.580300	1
64.614000	150.490000	-1.300800	-6.071000	1
64.618000	150.590000	-2.326900	-6.071300	1
64.623000	150.690000	-2.327100	-6.070900	1
64.627000	150.790000	-1.296800	-6.071300	1
64.632000	150.900000	-0.606630	-6.071400	1
64.636000	151.000000	-0.610490	-6.070900	1
64.640000	151.100000	-1.636600	-6.071400	1
64.644000	151.200000	-2.666800	-6.071200	1
64.648000	151.300000	-2.667000	-6.071000	1
64.652000	151.410000	-3.013200	-6.071300	1
64.656000	151.510000	-0.946960	-6.070900	1
64.660000	151.610000	-1.637000	-6.071000	1
64.664000	151.710000	-0.946850	-6.071300	1
64.665000	150.580000	-2.008200	-5.316100	1
64.670000	150.680000	-2.008300	-5.315700	1
64.674000	150.780000	-1.994400	-5.316100	1
64.678000	150.890000	-0.287840	-5.316200	1
64.683000	150.990000	-0.964480	-5.315700	1
64.687000	151.090000	-2.347900	-5.316200	1
64.691000	151.190000	-2.008100	-5.316000	1
64.695000	151.300000	-1.654600	-5.315800	1
64.699000	151.400000	-0.978020	-5.316100	1
64.703000	151.500000	-1.994800	-5.315700	1
64.707000	151.600000	-1.994700	-5.315800	1
64.710000	151.700000	-1.994600	-5.316100	1
64.714000	151.810000	2.121700	-5.315600	1
64.718000	151.910000	1.431900	-5.316000	1
64.721000	152.010000	2.461800	-5.315900	1
64.725000	152.110000	-0.288290	-5.315800	1
64.728000	152.220000	2.128300	-5.315900	1
64.731000	152.320000	0.408170	-5.315800	1
64.735000	152.420000	-3.032000	-5.315900	1
64.738000	152.520000	0.061985	-5.316100	1
64.741000	152.630000	2.462000	-5.315800	1
64.744000	152.730000	-0.614140	-5.316100	1
64.747000	152.830000	1.438900	-5.316100	1
64.750000	152.930000	-2.001100	-5.316100	1
64.693000	150.160000	2.996500	-4.560500	1
64.698000	150.270000	2.307000	-4.561000	1
64.702000	150.370000	-1.486200	-4.560700	1
64.707000	150.470000	-2.856100	-4.560800	1
64.712000	150.570000	-2.515800	-4.561000	1
64.716000	150.670000	-2.162400	-4.560700	1
64.720000	150.780000	-1.812100	-4.561000	1
64.725000	150.880000	-0.445470	-4.561100	1
64.729000	150.980000	-0.445750	-4.560700	1
64.733000	151.080000	-2.162000	-4.561200	1
64.738000	151.180000	-1.812100	-4.561000	1
64.742000	151.290000	-2.175900	-4.560700	1
64.746000	151.390000	-2.169300	-4.561100	1
64.750000	151.490000	-1.812500	-4.560700	1
64.753000	151.590000	-1.812500	-4.560800	1
64.757000	151.700000	-1.812300	-4.561000	1
64.761000	151.800000	-1.472600	-4.560600	1
64.764000	151.900000	-4.222600	-4.561000	1
64.734000	150.050000	-2.798800	-3.804800	1
64.739000	150.150000	2.714800	-3.804500	1
64.744000	150.260000	2.375300	-3.805100	1
64.749000	150.360000	2.018600	-3.804800	1
64.753000	150.460000	-0.041211	-3.804800	1
64.758000	150.560000	-0.040931	-3.805100	1
64.763000	150.660000	0.648880	-3.804700	1
64.767000	150.770000	0.989190	-3.805100	1
64.771000	150.870000	-0.040708	-3.805200	1
64.776000	150.970000	-1.421100	-3.804700	1
64.780000	151.070000	-0.390670	-3.805200	1
64.784000	151.180000	-0.027435	-3.805000	1
64.788000	151.280000	-0.377660	-3.804800	1
64.792000	151.380000	0.299070	-3.805100	1
64.766000	149.730000	1.357800	-3.048600	1
64.771000	149.840000	0.327860	-3.048400	1
64.776000	149.940000	1.361800	-3.048800	1
64.781000	150.040000	4.461900	-3.048600	1
64.786000	150.140000	3.081800	-3.048300	1
64.791000	150.250000	1.362400	-3.048900	1
64.795000	150.350000	0.332200	-3.048500	1
64.800000	150.450000	1.362500	-3.048600	1
64.805000	150.550000	1.362800	-3.048900	1
64.809000	150.650000	-0.704190	-3.048500	1
64.814000	150.760000	0.326140	-3.048800	1
64.818000	150.860000	2.053000	-3.049000	1
64.822000	150.960000	1.362700	-3.048500	1
64.826000	151.070000	1.023000	-3.049000	1
64.831000	151.170000	0.666090	-3.048800	1
64.835000	151.270000	1.705900	-3.048600	1
64.839000	151.370000	1.706000	-3.048900	1
64.843000	151.480000	3.082400	-3.048500	1
64.846000	151.580000	1.355700	-3.048600	1
64.850000	151.680000	-1.054200	-3.048800	1
64.854000	151.780000	0.668830	-3.048400	1
64.858000	151.890000	0.672440	-3.048800	1
64.861000	151.990000	3.425700	-3.048700	1
64.865000	152.090000	3.425700	-3.048700	1
64.868000	152.200000	3.765800	-3.048700	1
64.871000	152.300000	2.395700	-3.048600	1
64.875000	152.400000	3.765800	-3.048700	1
64.878000	152.510000	-1.737300	-3.048800	1
64.881000	152.610000	-1.050600	-3.048600	1
64.827000	150.030000	3.209700	-2.297000	1
64.832000	150.130000	2.179600	-2.296600	1
64.837000	150.240000	3.560300	-2.297200	1
64.841000	150.340000	4.930200	-2.296900	1
64.846000	150.440000	2.870400	-2.296900	1
64.851000	150.540000	2.520800	-2.297200	1
64.855000	150.650000	2.873700	-2.296900	1
64.860000	150.750000	3.214000	-2.297200	1
64.864000	150.850000	2.874100	-2.297300	1
64.868000	150.950000	2.523800	-2.296900	1
64.873000	151.060000	3.904100	-2.297300	1
64.877000	151.160000	2.873900	-2.297100	1
64.881000	151.260000	2.183600	-2.296900	1
64.885000	151.370000	1.843800	-2.297200	1
64.889000	151.470000	5.283400	-2.296900	1
64.893000	151.570000	3.563400	-2.297000	1
64.896000	151.670000	2.183600	-2.297200	1
64.900000	151.780000	3.900100	-2.296800	1
64.904000	151.880000	5.280400	-2.297100	1
64.907000	151.980000	5.280400	-2.297000	1
64.911000	152.090000	4.240400	-2.297000	1
64.914000	152.190000	3.210400	-2.297100	1
64.918000	152.290000	4.590400	-2.297000	1
64.868000	149.920000	3.743300	-1.541900	1
64.873000	150.020000	4.783500	-1.541800	1
64.878000	150.120000	6.516400	-1.541500	1
64.883000	150.230000	6.167000	-1.542000	1
64.888000	150.330000	6.167000	-1.541700	1
64.892000	150.430000	5.137200	-1.541800	1
64.897000	150.530000	5.137600	-1.542000	1
64.902000	150.640000	5.127000	-1.541700	1
64.906000	150.740000	3.407200	-1.542000	1
64.910000	150.840000	3.067400	-1.542100	1
64.915000	150.950000	3.067100	-1.541700	1
64.919000	151.050000	6.157400	-1.542100	1
64.923000	151.150000	6.847200	-1.541900	1
64.927000	151.250000	4.437000	-1.541800	1
64.931000	151.360000	5.467100	-1.542000	1
64.935000	151.460000	7.536800	-1.541700	1
64.939000	151.560000	7.196800	-1.541800	1
64.943000	151.670000	4.786900	-1.542000	1
64.947000	151.770000	7.196700	-1.541600	1
64.950000	151.870000	6.156900	-1.541900	1
64.954000	151.980000	6.156900	-1.541800	1
64.957000	152.080000	7.876900	-1.541900	1
64.961000	152.180000	6.506900	-1.541900	1
64.964000	152.290000	3.066800	-1.541800	1
64.914000	149.910000	3.995800	-0.793110	1
64.919000	150.010000	6.066100	-0.793040	1
64.924000	150.110000	6.408800	-0.792680	1
64.929000	150.220000	5.719300	-0.793220	1
64.934000	150.320000	6.762100	-0.792920	1
64.939000	150.420000	8.482400	-0.792950	1
64.943000	150.520000	6.072700	-0.793230	1
64.948000	150.630000	6.412600	-0.792890	1
64.952000	150.730000	3.662700	-0.793150	1
64.957000	150.830000	3.662800	-0.793320	1
64.961000	150.940000	4.352700	-0.792860	1
64.965000	151.040000	7.102900	-0.793260	1
64.969000	151.140000	8.132700	-0.793140	1
64.973000	151.250000	7.102500	-0.792950	1
64.977000	151.350000	7.792500	-0.793210	1
64.981000	151.450000	7.792300	-0.792930	1
64.985000	151.560000	7.442200	-0.792960	1
64.989000	151.660000	6.412300	-0.793210	1
64.993000	151.760000	8.482200	-0.792790	1
64.996000	151.870000	8.132300	-0.793100	1
65.000000	151.970000	7.102300	-0.793040	1
65.003000	152.070000	1.595000	-0.793060	1
64.960000	149.900000	3.127800	0.118070	1
64.965000	150.000000	6.578300	0.118570	1
64.970000	150.100000	5.541100	0.118230	1
64.975000	150.210000	9.331400	0.118100	1
64.980000	150.310000	7.951700	0.118500	1
64.985000	150.410000	8.301900	0.118030	1
64.989000	150.520000	5.202200	0.118270	1
64.994000	150.620000	10.715000	0.118350	1
64.998000	150.720000	8.984900	0.117860	1
65.003000	150.830000	7.264900	0.118320	1
65.007000	150.930000	4.854900	0.118050	1
65.011000	151.030000	8.304900	0.117960	1
65.015000	151.140000	12.432000	0.118470	1
65.020000	151.240000	12.081000	0.118010	1
65.024000	151.340000	10.021000	0.118250	1
65.028000	151.450000	9.331200	0.118490	1
65.031000	151.550000	12.081000	0.117980	1
65.035000	151.650000	13.111000	0.118480	1
65.039000	151.760000	12.431000	0.118230	1
65.043000	151.860000	12.081000	0.118050	1
65.046000	151.960000	18.081000	0.118560	1
65.050000	152.070000	-2.369000	0.118120	1
65.007000	149.890000	3.530700	0.732580	1
65.012000	149.990000	6.273900	0.732790	1
65.017000	150.090000	5.244300	0.733100	1
65.021000	150.200000	5.584300	0.732470	1
65.026000	150.300000	6.287400	0.732930	1
65.031000	150.400000	2.157600	0.732740	1
65.036000	150.510000	3.877800	0.732520	1
65.040000	150.610000	9.038000	0.732910	1
65.045000	150.710000	10.078000	0.732480	1
65.049000	150.820000	6.977900	0.732440	1
65.053000	150.920000	7.668100	0.732840	1
65.058000	151.020000	3.877900	0.732410	1
65.062000	151.130000	7.318000	0.732690	1
65.066000	151.230000	6.977900	0.732730	1
65.070000	151.330000	8.357700	0.732540	1
65.074000	151.440000	5.947700	0.732920	1
65.078000	151.540000	9.727500	0.732710	1
65.082000	151.650000	9.037500	0.732620	1
65.085000	151.750000	8.357600	0.732980	1
65.089000	151.850000	9.387400	0.732600	1
65.093000	151.960000	8.007500	0.732850	1
65.058000	149.980000	2.566800	1.487900	1
65.063000	150.080000	3.260300	1.488300	1
65.068000	150.190000	3.260200	1.487700	1
65.073000	150.290000	3.260800	1.488100	1
65.077000	150.390000	2.233900	1.488000	1
65.082000	150.500000	3.954000	1.487700	1
65.087000	150.600000	3.954300	1.488100	1
65.091000	150.700000	7.054100	1.487700	1
65.096000	150.810000	6.014100	1.487600	1
65.100000	150.910000	7.054400	1.488000	1
65.104000	151.020000	6.364200	1.487700	1
65.108000	151.120000	4.290900	1.487900	1
65.113000	151.220000	4.290800	1.487900	1
65.117000	151.330000	7.050500	1.487700	1
65.121000	151.430000	6.700700	1.488100	1
65.124000	151.530000	7.390500	1.487900	1
65.128000	151.640000	7.050300	1.487800	1
65.132000	151.740000	8.080600	1.488200	1
65.136000	151.850000	7.390300	1.487800	1
65.099000	149.870000	1.758700	2.237000	1
65.104000	149.970000	1.412300	2.237200	1
65.109000	150.070000	1.072900	2.237500	1
65.114000	150.180000	0.722700	2.236900	1
65.119000	150.280000	-0.306710	2.237300	1
65.124000	150.380000	0.383530	2.237200	1
65.128000	150.490000	1.763700	2.237000	1
65.133000	150.590000	2.104000	2.237300	1
65.137000	150.700000	2.106900	2.237000	1
65.142000	150.800000	2.106900	2.236900	1
65.146000	150.900000	3.487300	2.237300	1
65.150000	151.010000	4.857000	2.236900	1
65.154000	151.110000	2.107000	2.237100	1
65.159000	151.220000	4.166900	2.237200	1
65.163000	151.320000	6.236600	2.237000	1
65.167000	151.420000	5.546700	2.237300	1
65.170000	151.530000	5.546500	2.237200	1
65.174000	151.630000	4.166300	2.237100	1
65.178000	151.740000	4.856600	2.237400	1
65.182000	151.840000	3.486300	2.237100	1
65.140000	149.750000	-1.033200	2.993900	1
65.146000	149.860000	0.343500	2.993400	1
65.151000	149.960000	0.347280	2.993600	1
65.156000	150.060000	1.037900	2.993900	1
65.160000	150.170000	0.687760	2.993300	1
65.165000	150.270000	1.038400	2.993700	1
65.170000	150.380000	-0.341450	2.993600	1
65.175000	150.480000	0.008691	2.993400	1
65.179000	150.580000	0.689100	2.993700	1
65.184000	150.690000	2.068900	2.993400	1
65.188000	150.790000	3.092200	2.993300	1
65.192000	150.900000	0.682500	2.993700	1
65.197000	151.000000	1.722300	2.993300	1
65.201000	151.100000	2.062300	2.993500	1
65.205000	151.210000	1.372200	2.993600	1
65.209000	151.310000	1.728600	2.993400	1
65.213000	151.420000	2.752000	2.993700	1
65.217000	151.520000	3.091800	2.993600	1
65.221000	151.620000	5.161600	2.993500	1
65.225000	151.730000	4.478500	2.993800	1
65.228000	151.830000	4.818200	2.993500	1
65.232000	151.940000	0.681590	2.993700	1
65.235000	152.040000	1.371400	2.993500	1
65.176000	149.530000	0.859600	3.748600	1
65.182000	149.640000	0.170030	3.748700	1
65.187000	149.740000	0.170650	3.749100	1
65.192000	149.850000	-0.519350	3.748600	1
65.197000	149.950000	-1.195500	3.748700	1
65.202000	150.050000	-1.194900	3.749000	1
65.207000	150.160000	-0.514950	3.748500	1
65.212000	150.260000	-0.854390	3.748900	1
65.216000	150.370000	-1.194200	3.748800	1
65.221000	150.470000	0.179470	3.748500	1
65.226000	150.570000	3.276500	3.748900	1
65.230000	150.680000	1.209700	3.748500	1
65.235000	150.780000	2.936300	3.748400	1
65.239000	150.890000	1.210000	3.748800	1
65.243000	150.990000	-0.853670	3.748500	1
65.247000	151.100000	-0.513680	3.748700	1
65.252000	151.200000	-0.160340	3.748700	1
65.256000	151.300000	1.556000	3.748500	1
65.260000	151.410000	-0.160540	3.748900	1
65.263000	151.510000	2.249300	3.748700	1
65.267000	151.620000	-1.194400	3.748600	1
65.271000	151.720000	-1.197700	3.748900	1
65.275000	151.830000	1.202100	3.748600	1
65.278000	151.930000	2.245700	3.748800	1
65.282000	152.040000	1.555500	3.748600	1
65.243000	149.940000	-2.279100	4.502500	1
65.248000	150.040000	-2.962100	4.502800	1
65.253000	150.150000	-2.282100	4.502300	1
65.258000	150.250000	-0.901450	4.502600	1
65.263000	150.360000	-0.207630	4.502500	1
65.267000	150.460000	-0.547490	4.502300	1
65.272000	150.570000	-0.547110	4.502700	1
65.277000	150.670000	-0.547270	4.502300	1
65.281000	150.770000	1.186300	4.502200	1
65.285000	150.880000	0.823070	4.502600	1
65.290000	150.980000	-0.547110	4.502300	1
65.294000	151.090000	0.822930	4.502500	1
65.298000	151.190000	0.146310	4.502500	1
65.302000	151.300000	0.836060	4.502300	1
65.306000	151.400000	-0.547470	4.502600	1
65.310000	151.510000	0.495830	4.502500	1
65.314000	151.610000	-2.281500	4.502400	1
65.318000	151.720000	-1.591300	4.502700	1
65.321000	151.820000	-0.545070	4.502400	1
65.325000	151.930000	0.135030	4.502600	1
65.328000	152.030000	-0.898140	4.502400	1
65.332000	152.130000	-1.585200	4.502400	1
65.335000	152.240000	3.578800	4.502600	1
65.338000	152.340000	2.892100	4.502300	1
65.342000	152.450000	2.202300	4.502500	1
65.345000	152.550000	-1.587600	4.502500	1
65.285000	149.830000	-1.758800	5.257400	1
65.290000	149.930000	-3.128500	5.257500	1
65.295000	150.030000	-2.437900	5.257800	1
65.300000	150.140000	-1.407800	5.257300	1
65.305000	150.240000	-1.407300	5.257600	1
65.309000	150.350000	-1.757000	5.257600	1
65.314000	150.450000	-2.096900	5.257300	1
65.319000	150.560000	-1.406400	5.257700	1
65.323000	150.660000	-1.406600	5.257300	1
65.328000	150.770000	-0.716540	5.257300	1
65.332000	150.870000	-1.756400	5.257600	1
65.336000	150.980000	-1.406400	5.257300	1
65.340000	151.080000	-1.066400	5.257500	1
65.345000	151.180000	-1.066600	5.257500	1
65.349000	151.290000	-1.406800	5.257300	1
65.353000	151.390000	-0.026723	5.257700	1
65.357000	151.500000	-1.407100	5.257500	1
65.360000	151.600000	-2.097200	5.257400	1
65.364000	151.710000	-2.794400	5.257700	1
65.368000	151.810000	-3.817500	5.257500	1
65.371000	151.920000	-2.093700	5.257700	1
65.375000	152.020000	-0.724690	5.257400	1
65.378000	152.130000	3.059100	5.257400	1
65.382000	152.230000	-0.717140	5.257700	1
65.385000	152.340000	4.099300	5.257300	1
65.388000	152.440000	0.305760	5.257500	1
65.391000	152.550000	0.309530	5.257500	1
65.395000	152.650000	-1.066900	5.257300	1
65.398000	152.760000	-3.476700	5.257500	1
65.400000	152.860000	-4.156700	5.257300	1
65.326000	149.710000	-2.079100	6.012000	1
65.331000	149.820000	-1.739000	6.011500	1
65.336000	149.920000	-1.745000	6.011600	1
65.341000	150.030000	-0.714350	6.011900	1
65.346000	150.130000	-2.084400	6.011500	1
65.351000	150.230000	-3.124000	6.011800	1
65.356000	150.340000	-3.123700	6.011700	1
65.361000	150.440000	-2.083400	6.011500	1
65.365000	150.550000	-1.743000	6.011800	1
65.370000	150.650000	-2.759500	6.011500	1
65.374000	150.760000	-2.759500	6.011400	1
65.379000	150.860000	-2.772900	6.011700	1
65.383000	150.970000	-2.773000	6.011500	1
65.387000	151.070000	-1.389200	6.011600	1
65.391000	151.180000	-1.403000	6.011600	1
65.395000	151.280000	-3.109800	6.011500	1
65.399000	151.390000	-0.349580	6.011800	1
65.403000	151.490000	-2.083600	6.011600	1
65.407000	151.600000	-2.773800	6.011600	1
65.411000	151.700000	-2.781100	6.011800	1
65.415000	151.810000	-0.721170	6.011600	1
65.418000	151.910000	-3.790400	6.011800	1
65.422000	152.020000	-2.420400	6.011500	1
65.425000	152.120000	-2.774100	6.011500	1
65.429000	152.230000	1.349100	6.011800	1
65.432000	152.330000	0.318940	6.011400	1
65.435000	152.440000	-4.848600	6.011600	1
65.438000	152.540000	0.319310	6.011700	1
65.441000	152.650000	1.013100	6.011400	1
65.444000	152.750000	-2.083100	6.011600	1
65.447000	152.860000	-2.773000	6.011400	1
65.373000	149.700000	-4.604500	6.764200	1
65.378000	149.810000	-3.900600	6.763700	1
65.383000	149.910000	-3.210200	6.763800	1
65.388000	150.020000	-1.495800	6.764100	1
65.393000	150.120000	-1.489400	6.763600	1
65.398000	150.230000	-1.838900	6.763900	1
65.403000	150.330000	-2.535000	6.763800	1
65.407000	150.430000	-2.534800	6.763600	1
65.412000	150.540000	-0.464230	6.763900	1
65.416000	150.640000	-1.150600	6.763600	1
65.421000	150.750000	-2.530800	6.763500	1
65.425000	150.850000	-2.870600	6.763800	1
65.430000	150.960000	-2.870600	6.763600	1
65.434000	151.060000	-3.208000	6.763700	1
65.438000	151.170000	-2.874500	6.763800	1
65.442000	151.280000	-2.534700	6.763600	1
65.446000	151.380000	-1.844700	6.763900	1
65.450000	151.490000	-2.531300	6.763700	1
65.454000	151.590000	-2.185100	6.763700	1
65.458000	151.700000	-2.178800	6.763900	1
65.461000	151.800000	-2.186400	6.763700	1
65.465000	151.910000	-3.216500	6.764000	1
65.468000	152.010000	-2.179200	6.763700	1
65.472000	152.120000	2.981200	6.763700	1
65.475000	152.220000	-3.580100	6.763900	1
65.479000	152.330000	-4.939200	6.763600	1
65.440000	149.160000	-3.466600	8.277200	1
65.446000	149.260000	-3.112800	8.277000	1
65.451000	149.370000	-2.086300	8.277400	1
65.456000	149.470000	-2.089000	8.277000	1
65.462000	149.580000	-4.155200	8.277100	1
65.467000	149.680000	-3.804600	8.277500	1
65.472000	149.790000	-3.100600	8.277000	1
65.477000	149.890000	-2.070100	8.277100	1
65.482000	150.000000	-2.759700	8.277300	1
65.487000	150.100000	-3.449700	8.276900	1
65.492000	150.210000	-2.409100	8.277200	1
65.497000	150.310000	-1.378700	8.277200	1
65.501000	150.420000	-3.784900	8.276900	1
65.506000	150.520000	-2.404300	8.277200	1
65.511000	150.630000	-3.098200	8.276900	1
65.515000	150.730000	-2.068000	8.276900	1
65.520000	150.840000	-2.754200	8.277100	1
65.524000	150.940000	-2.757900	8.277000	1
65.528000	151.050000	-2.407800	8.277100	1
65.532000	151.160000	-3.094300	8.277100	1
65.536000	151.260000	0.345700	8.276900	1
65.540000	151.370000	-1.034400	8.277200	1
65.544000	151.470000	-3.444900	8.277000	1
65.548000	151.580000	-4.135200	8.277100	1
65.552000	151.680000	-4.821600	8.277200	1
65.525000	149.880000	-4.837300	9.036200	1
65.530000	149.990000	-3.116600	9.036400	1
65.535000	150.090000	-2.422600	9.036000	1
65.540000	150.200000	-3.452300	9.036200	1
65.544000	150.300000	-3.115600	9.036200	1
65.549000	150.410000	-1.395200	9.036000	1
65.554000	150.510000	-2.424900	9.036300	1
65.558000	150.620000	-4.835300	9.036000	1
65.563000	150.730000	-3.118600	9.036000	1
65.567000	150.830000	-0.707040	9.036100	1
65.571000	150.940000	-3.457300	9.036000	1
65.576000	151.040000	-2.070800	9.036100	1
65.580000	151.150000	-2.421100	9.036100	1
65.584000	151.250000	-2.765100	9.036000	1
65.588000	151.360000	-4.487800	9.036300	1
65.592000	151.460000	-3.455400	9.036100	1
65.596000	151.570000	-4.485700	9.036200	1
65.599000	151.680000	-2.772900	9.036300	1
65.603000	151.780000	-5.176100	9.036100	1
65.607000	151.890000	-2.433100	9.036400	1
65.610000	151.990000	-2.087100	9.036100	1
65.614000	152.100000	-2.437100	9.036000	1
65.617000	152.210000	-2.436800	9.036300	1
65.621000	152.310000	-1.746800	9.035900	1
65.624000	152.420000	-6.575000	9.036200	1
65.627000	152.520000	-0.355140	9.036200	1
65.630000	152.630000	-4.839300	9.035900	1
65.630000	150.070000	-4.516500	10.548000	1
65.635000	150.180000	-4.176000	10.549000	1
65.639000	150.290000	-3.139300	10.549000	1
65.644000	150.390000	-2.448900	10.548000	1
65.649000	150.500000	-4.161300	10.549000	1
65.653000	150.600000	-4.501300	10.548000	1
65.658000	150.710000	-3.471000	10.548000	1
65.662000	150.810000	-3.824700	10.548000	1
65.667000	150.920000	-1.750600	10.548000	1
65.671000	151.030000	-2.794400	10.549000	1
65.675000	151.130000	-3.811000	10.548000	1
65.679000	151.240000	-3.824900	10.548000	1
65.683000	151.350000	-4.515100	10.549000	1
65.687000	151.450000	-3.818900	10.548000	1
65.691000	151.560000	-4.509100	10.549000	1
65.695000	151.660000	-4.859200	10.549000	1
65.699000	151.770000	-4.859500	10.548000	1
65.702000	151.880000	-3.486100	10.549000	1
65.706000	151.980000	-2.458700	10.548000	1
65.709000	152.090000	-1.419800	10.548000	1
65.713000	152.200000	-3.489900	10.549000	1
65.716000	152.300000	-3.149900	10.548000	1
65.719000	152.410000	-2.471000	10.549000	1
65.722000	152.520000	-4.535000	10.549000	1
65.725000	152.620000	-4.533600	10.548000	1
65.728000	152.730000	-3.489400	10.549000	1
65.731000	152.830000	-6.597500	10.548000	1
65.734000	152.940000	-5.899600	10.548000	1
65.737000	153.050000	-5.547800	10.549000	1
65.740000	153.150000	-3.502400	10.548000	1
65.742000	153.260000	-4.882400	10.549000	1
65.745000	153.370000	-1.417800	10.549000	1
65.747000	153.470000	-4.174300	10.548000	1
65.750000	153.580000	-4.170300	10.549000	1
65.752000	153.690000	-4.514100	10.549000	1
65.754000	153.790000	-2.114900	10.548000	1
65.692000	150.380000	-4.067200	11.301000	1
65.697000	150.490000	-3.726700	11.301000	1
65.701000	150.590000	-2.703600	11.301000	1
65.706000	150.700000	-2.703600	11.301000	1
65.710000	150.810000	-3.036000	11.301000	1
65.714000	150.910000	-1.651900	11.301000	1
65.719000	151.020000	-2.349500	11.301000	1
65.723000	151.130000	-3.726100	11.301000	1
65.727000	151.230000	-3.372400	11.301000	1
65.731000	151.340000	-2.353500	11.301000	1
65.735000	151.440000	-3.043700	11.301000	1
65.739000	151.550000	-3.380100	11.301000	1
65.743000	151.660000	-3.726500	11.301000	1
65.746000	151.760000	-4.764400	11.301000	1
65.750000	151.870000	-2.361500	11.302000	1
65.753000	151.980000	-0.645270	11.301000	1
65.757000	152.080000	-0.985300	11.301000	1
65.760000	152.190000	-1.671400	11.301000	1
65.764000	152.300000	-2.711700	11.301000	1
65.767000	152.400000	-6.148500	11.301000	1
65.770000	152.510000	-4.085400	11.301000	1
65.779000	150.150000	-4.154000	12.817000	1
65.784000	150.260000	-4.153700	12.817000	1
65.789000	150.370000	-3.813400	12.817000	1
65.793000	150.470000	-3.462900	12.817000	1
65.798000	150.580000	-3.466600	12.817000	1
65.802000	150.680000	-4.149100	12.817000	1
65.807000	150.790000	-4.152800	12.817000	1
65.811000	150.900000	-3.122500	12.817000	1
65.815000	151.000000	-3.458600	12.817000	1
65.820000	151.110000	-3.458800	12.817000	1
65.824000	151.220000	-0.022150	12.817000	1
65.828000	151.320000	-4.152800	12.817000	1
65.832000	151.430000	-5.190800	12.817000	1
65.836000	151.540000	-4.153000	12.817000	1
65.839000	151.650000	-4.493200	12.817000	1
65.837000	150.360000	-4.243300	13.576000	1
65.842000	150.460000	-3.906600	13.576000	1
65.847000	150.570000	-3.898900	13.576000	1
65.851000	150.680000	-4.940400	13.576000	1
65.856000	150.780000	-2.876200	13.576000	1
65.860000	150.890000	-3.569400	13.576000	1
65.864000	151.000000	-3.576800	13.576000	1
65.869000	151.100000	-3.909500	13.576000	1
65.873000	151.210000	-3.565700	13.576000	1
65.877000	151.320000	-4.599600	13.576000	1
65.881000	151.420000	-4.603600	13.576000	1
65.885000	151.530000	-3.569600	13.576000	1
65.888000	151.640000	-4.943700	13.576000	1
65.881000	150.240000	-5.585700	14.328000	1
65.886000	150.350000	-5.593000	14.328000	1
65.891000	150.450000	-5.577700	14.329000	1
65.895000	150.560000	-1.450200	14.328000	1
65.900000	150.670000	-1.450100	14.328000	1
65.904000	150.780000	-3.514200	14.328000	1
65.909000	150.880000	-4.540600	14.328000	1
65.913000	150.990000	-5.238300	14.328000	1
65.917000	151.100000	-2.820200	14.328000	1
65.921000	151.200000	-2.487600	14.328000	1
65.925000	151.310000	-4.204200	14.329000	1
65.929000	151.420000	-5.238300	14.328000	1
65.933000	151.530000	-4.196800	14.329000	1
65.937000	151.630000	-4.902200	14.328000	1
65.941000	151.740000	-5.235000	14.328000	1
65.945000	151.850000	-5.223800	14.329000	1
66.035000	150.320000	-4.093600	16.601000	1
66.040000	150.430000	-4.426100	16.601000	1
66.044000	150.540000	-5.116100	16.601000	1
66.049000	150.640000	-3.395500	16.601000	1
66.053000	150.750000	-2.712700	16.601000	1
66.058000	150.860000	-4.085400	16.601000	1
66.062000	150.970000	-4.099100	16.601000	1
66.066000	151.080000	-3.406400	16.601000	1
66.071000	151.180000	-4.425500	16.601000	1
66.075000	151.290000	-4.439100	16.601000	1
66.079000	151.400000	-4.418100	16.601000	1
66.083000	151.510000	-4.789300	16.601000	1
66.086000	151.610000	-5.129700	16.601000	1
66.090000	151.720000	-5.806300	16.601000	1
66.094000	151.830000	-4.787100	16.602000	1
66.081000	150.210000	-5.264900	17.366000	1
66.086000	150.310000	-3.197700	17.366000	1
66.091000	150.420000	-3.203600	17.366000	1
66.095000	150.530000	-3.537300	17.366000	1
66.100000	150.640000	-4.219900	17.366000	1
66.104000	150.740000	-3.529800	17.366000	1
66.109000	150.850000	-3.887200	17.366000	1
66.113000	150.960000	-4.227100	17.366000	1
66.117000	151.070000	-3.525800	17.366000	1
66.121000	151.180000	-5.257800	17.366000	1
66.126000	151.280000	-3.879700	17.366000	1
66.129000	151.390000	-2.839300	17.366000	1
66.133000	151.500000	-4.581000	17.366000	1
66.137000	151.610000	-2.853200	17.366000	1
66.141000	151.720000	-5.619200	17.366000	1