La	Lo	Sig	Theta	Ice
48.744000	133.920000	-5.779300	-15.142000	1
48.708000	133.960000	-5.096500	-15.141000	1
48.673000	134.000000	-4.420100	-15.142000	1
48.637000	134.040000	-4.420100	-15.141000	1
48.602000	134.070000	-2.362200	-15.141000	1
48.566000	134.110000	-3.726100	-15.141000	1
48.530000	134.150000	-4.752700	-15.142000	1
48.495000	134.190000	-3.719900	-15.141000	1
48.459000	134.230000	-1.652200	-15.141000	1
48.423000	134.270000	-4.760700	-15.141000	1
48.388000	134.310000	-6.490400	-15.142000	1
48.352000	134.350000	-6.481900	-15.141000	1
48.316000	134.390000	-5.784400	-15.141000	1
48.280000	134.430000	-4.425300	-15.141000	1
48.245000	134.460000	-2.357400	-15.141000	1
48.209000	134.500000	-3.381600	-15.141000	1
48.173000	134.540000	-2.358100	-15.141000	1
48.137000	134.580000	-3.371100	-15.141000	1
48.102000	134.620000	-4.759500	-15.141000	1
48.066000	134.660000	-4.409800	-15.141000	1
48.030000	134.700000	-3.712600	-15.141000	1
47.994000	134.730000	-3.054300	-15.141000	1
47.958000	134.770000	-4.045400	-15.141000	1
47.922000	134.810000	-4.418000	-15.141000	1
47.886000	134.850000	-6.433100	-15.141000	1
47.850000	134.890000	-5.102800	-15.141000	1
47.814000	134.920000	-3.396300	-15.141000	1
47.778000	134.960000	-4.426900	-15.141000	1
47.742000	135.000000	-5.103800	-15.141000	1
47.707000	135.040000	-3.380100	-15.141000	1
47.671000	135.080000	-3.720600	-15.141000	1
48.866000	133.410000	-2.446500	-12.112000	1
48.831000	133.450000	-2.773000	-12.112000	1
48.795000	133.490000	-3.488700	-12.112000	1
48.760000	133.530000	-3.127400	-12.112000	1
48.724000	133.570000	-3.477700	-12.112000	1
48.689000	133.610000	-3.814000	-12.112000	1
48.654000	133.650000	-3.485300	-12.112000	1
48.618000	133.690000	-1.761300	-12.112000	1
48.583000	133.730000	-3.474100	-12.112000	1
48.547000	133.770000	-3.137800	-12.112000	1
48.512000	133.810000	-3.131600	-12.112000	1
48.476000	133.850000	-3.124200	-12.112000	1
48.441000	133.890000	-2.795800	-12.112000	1
48.405000	133.930000	-3.136000	-12.112000	1
48.369000	133.970000	-3.486200	-12.112000	1
48.334000	134.010000	-3.822700	-12.112000	1
48.298000	134.050000	-2.108800	-12.112000	1
48.263000	134.080000	-2.795000	-12.112000	1
48.227000	134.120000	-3.823100	-12.112000	1
48.191000	134.160000	-3.127000	-12.112000	1
48.156000	134.200000	-1.756900	-12.112000	1
48.120000	134.240000	-1.759600	-12.112000	1
48.084000	134.280000	-1.763600	-12.112000	1
48.049000	134.320000	-1.413700	-12.111000	1
48.013000	134.360000	-2.788000	-12.111000	1
47.977000	134.390000	-2.454300	-12.111000	1
47.941000	134.430000	-1.758200	-12.111000	1
47.906000	134.470000	-3.134800	-12.111000	1
47.870000	134.510000	-1.758600	-12.111000	1
47.834000	134.550000	-1.405100	-12.111000	1
47.798000	134.590000	-1.411800	-12.111000	1
47.762000	134.630000	-1.066000	-12.111000	1
47.726000	134.660000	-1.406400	-12.111000	1
47.691000	134.700000	-3.477200	-12.111000	1
47.655000	134.740000	-5.198000	-12.111000	1
47.619000	134.780000	-4.521900	-12.111000	1
48.870000	133.320000	-2.377600	-11.359000	1
48.835000	133.360000	-3.068200	-11.359000	1
48.800000	133.400000	-4.413600	-11.359000	1
48.764000	133.440000	-3.061400	-11.359000	1
48.729000	133.480000	-3.059200	-11.359000	1
48.693000	133.520000	-3.751800	-11.358000	1
48.658000	133.560000	-3.755800	-11.358000	1
48.623000	133.600000	-2.725600	-11.358000	1
48.587000	133.640000	-1.685700	-11.358000	1
48.552000	133.680000	-3.399800	-11.358000	1
48.516000	133.720000	-2.375900	-11.358000	1
48.481000	133.760000	-2.029800	-11.358000	1
48.445000	133.800000	-3.750300	-11.358000	1
48.410000	133.830000	-2.726400	-11.358000	1
48.374000	133.870000	-2.722900	-11.359000	1
48.339000	133.910000	-3.062700	-11.359000	1
48.303000	133.950000	-4.093100	-11.358000	1
48.267000	133.990000	-5.813700	-11.358000	1
48.232000	134.030000	-3.761000	-11.359000	1
48.196000	134.070000	-3.403600	-11.358000	1
48.161000	134.110000	-3.397500	-11.358000	1
48.125000	134.150000	-2.367600	-11.358000	1
48.089000	134.190000	-0.647650	-11.358000	1
48.054000	134.220000	-1.351800	-11.358000	1
48.018000	134.260000	-1.338200	-11.358000	1
47.982000	134.300000	-0.988380	-11.358000	1
47.947000	134.340000	-2.375000	-11.358000	1
47.911000	134.380000	-2.038700	-11.358000	1
47.875000	134.420000	-1.662700	-11.358000	1
47.839000	134.460000	-1.349000	-11.358000	1
47.803000	134.490000	-1.986900	-11.358000	1
47.768000	134.530000	-1.649900	-11.358000	1
47.732000	134.570000	-1.350000	-11.358000	1
47.696000	134.610000	-2.354300	-11.358000	1
47.660000	134.650000	-1.690800	-11.358000	1
47.624000	134.680000	-4.075500	-11.358000	1
47.589000	134.720000	-4.075700	-11.358000	1
47.553000	134.760000	-2.705900	-11.358000	1
48.874000	133.220000	-5.113900	-10.598000	1
48.839000	133.260000	-3.394000	-10.598000	1
48.804000	133.300000	-2.728100	-10.598000	1
48.768000	133.340000	-3.078600	-10.598000	1
48.733000	133.380000	-2.705100	-10.598000	1
48.698000	133.420000	-1.675300	-10.598000	1
48.662000	133.460000	-2.365500	-10.598000	1
48.627000	133.500000	-1.675700	-10.598000	1
48.592000	133.540000	-1.332000	-10.598000	1
48.556000	133.580000	-1.678300	-10.598000	1
48.521000	133.620000	-2.366000	-10.598000	1
48.485000	133.660000	-3.403900	-10.598000	1
48.450000	133.700000	-3.076300	-10.598000	1
48.414000	133.740000	-3.060300	-10.598000	1
48.379000	133.780000	-2.012700	-10.598000	1
48.343000	133.820000	-2.012900	-10.598000	1
48.308000	133.860000	-2.386900	-10.598000	1
48.272000	133.900000	-5.113700	-10.598000	1
48.237000	133.940000	-2.727300	-10.598000	1
48.201000	133.970000	-3.757500	-10.598000	1
48.165000	134.010000	-3.393900	-10.598000	1
48.130000	134.050000	-3.054100	-10.598000	1
48.094000	134.090000	-0.991620	-10.598000	1
48.059000	134.130000	-0.985630	-10.598000	1
48.023000	134.170000	-1.327900	-10.598000	1
47.987000	134.210000	-3.052300	-10.598000	1
47.952000	134.250000	-2.024800	-10.598000	1
47.916000	134.290000	-2.025100	-10.598000	1
47.880000	134.320000	-2.359100	-10.598000	1
47.844000	134.360000	-1.319300	-10.598000	1
47.809000	134.400000	-1.319400	-10.598000	1
47.773000	134.440000	-3.049800	-10.598000	1
47.737000	134.480000	-2.699900	-10.598000	1
47.701000	134.520000	-1.620600	-10.598000	1
47.666000	134.550000	-1.320300	-10.598000	1
47.630000	134.590000	-0.640620	-10.598000	1
47.594000	134.630000	-0.977250	-10.598000	1
47.558000	134.670000	-4.762000	-10.598000	1
47.522000	134.710000	-4.418600	-10.598000	1
47.486000	134.740000	-4.412600	-10.598000	1
48.879000	133.130000	-3.699600	-9.842400	1
48.844000	133.170000	-4.052700	-9.842400	1
48.808000	133.210000	-1.636600	-9.842400	1
48.773000	133.250000	-2.677200	-9.842400	1
48.738000	133.290000	-2.327500	-9.842500	1
48.702000	133.330000	-1.637800	-9.842300	1
48.667000	133.370000	-1.982100	-9.842300	1
48.632000	133.410000	-1.632200	-9.842200	1
48.596000	133.450000	-0.608570	-9.842200	1
48.561000	133.490000	-1.645000	-9.842200	1
48.525000	133.530000	-2.685300	-9.842200	1
48.490000	133.570000	-3.009000	-9.842200	1
48.455000	133.610000	-2.319100	-9.842200	1
48.419000	133.650000	-2.669500	-9.842200	1
48.384000	133.690000	-3.713700	-9.842200	1
48.348000	133.720000	-1.979800	-9.842200	1
48.313000	133.760000	-1.986200	-9.842300	1
48.277000	133.800000	-1.980200	-9.842300	1
48.242000	133.840000	-4.390800	-9.842200	1
48.206000	133.880000	-3.010700	-9.842300	1
48.171000	133.920000	-2.320600	-9.842400	1
48.135000	133.960000	-2.684600	-9.842200	1
48.099000	134.000000	-2.321000	-9.842200	1
48.064000	134.040000	-1.633100	-9.842300	1
48.028000	134.080000	-2.317200	-9.842200	1
47.993000	134.110000	-1.287300	-9.842300	1
47.957000	134.150000	-4.051900	-9.842100	1
47.921000	134.190000	-1.978000	-9.842100	1
47.886000	134.230000	-1.978300	-9.842000	1
47.850000	134.270000	-2.332300	-9.842000	1
47.814000	134.310000	-2.682600	-9.841900	1
47.778000	134.350000	-3.022900	-9.841900	1
47.743000	134.380000	-1.642800	-9.842000	1
47.707000	134.420000	-1.993000	-9.841900	1
47.671000	134.460000	-2.016900	-9.842000	1
47.635000	134.500000	-1.639200	-9.842100	1
47.600000	134.540000	-1.956400	-9.842100	1
47.564000	134.580000	-1.640100	-9.842000	1
47.528000	134.610000	-4.740900	-9.842100	1
47.492000	134.650000	-3.388700	-9.841900	1
47.456000	134.690000	-3.039000	-9.842100	1
48.848000	133.070000	-3.744800	-9.088400	1
48.813000	133.110000	-3.395300	-9.088300	1
48.778000	133.150000	-2.709600	-9.088300	1
48.742000	133.190000	-0.649840	-9.088300	1
48.707000	133.230000	-2.016500	-9.088400	1
48.672000	133.270000	-2.367000	-9.088300	1
48.636000	133.310000	-1.681100	-9.088200	1
48.601000	133.350000	-2.707600	-9.088200	1
48.566000	133.390000	-0.987720	-9.088100	1
48.530000	133.430000	-0.281510	-9.088100	1
48.495000	133.470000	-2.018000	-9.088100	1
48.460000	133.510000	-2.018300	-9.088100	1
48.424000	133.550000	-2.692400	-9.088200	1
48.389000	133.590000	-2.352600	-9.088100	1
48.353000	133.630000	-0.988900	-9.088200	1
48.318000	133.670000	-1.322900	-9.088200	1
48.282000	133.710000	-0.989270	-9.088300	1
48.247000	133.750000	-2.709600	-9.088200	1
48.211000	133.790000	-2.369800	-9.088200	1
48.176000	133.830000	-2.003700	-9.088200	1
48.140000	133.870000	-2.693900	-9.088300	1
48.105000	133.910000	-2.349800	-9.088200	1
48.069000	133.940000	-2.366200	-9.088200	1
48.034000	133.980000	-0.629840	-9.088200	1
47.998000	134.020000	-0.630030	-9.088200	1
47.962000	134.060000	0.045900	-9.088200	1
47.927000	134.100000	-1.320800	-9.088100	1
47.891000	134.140000	-2.691200	-9.088000	1
47.855000	134.180000	-2.705300	-9.088000	1
47.820000	134.220000	-2.351700	-9.088000	1
47.784000	134.250000	-2.692000	-9.087900	1
47.748000	134.290000	-3.746100	-9.087900	1
47.713000	134.330000	-2.706100	-9.087900	1
47.677000	134.370000	-2.688500	-9.087900	1
47.641000	134.410000	-2.688600	-9.087900	1
47.605000	134.450000	-2.348600	-9.088000	1
47.570000	134.480000	-1.332400	-9.088000	1
47.534000	134.520000	-1.332700	-9.087900	1
47.498000	134.560000	-1.333000	-9.088100	1
47.462000	134.600000	-1.629500	-9.087900	1
47.426000	134.640000	-4.078200	-9.088000	1
48.817000	133.020000	-2.064100	-8.332400	1
48.782000	133.060000	-2.428500	-8.332300	1
48.747000	133.100000	-3.119100	-8.332300	1
48.712000	133.140000	-4.159700	-8.332300	1
48.676000	133.180000	-3.446200	-8.332400	1
48.641000	133.220000	-1.726500	-8.332300	1
48.606000	133.260000	-2.430700	-8.332200	1
48.571000	133.300000	-1.373200	-8.332200	1
48.535000	133.340000	-1.723500	-8.332100	1
48.500000	133.380000	-1.033600	-8.332100	1
48.464000	133.420000	-0.707680	-8.332100	1
48.429000	133.460000	-0.707940	-8.332100	1
48.394000	133.500000	-1.382000	-8.332200	1
48.358000	133.540000	-1.374800	-8.332100	1
48.323000	133.580000	-1.058700	-8.332200	1
48.287000	133.620000	-0.708880	-8.332200	1
48.252000	133.660000	-1.399100	-8.332300	1
48.217000	133.690000	-5.173600	-8.332200	1
48.181000	133.730000	-4.143600	-8.332200	1
48.146000	133.770000	-2.425600	-8.332200	1
48.110000	133.810000	-1.729400	-8.332300	1
48.074000	133.850000	-2.759700	-8.332200	1
48.039000	133.890000	-1.729700	-8.332200	1
48.003000	133.930000	1.366600	-8.332200	1
47.968000	133.970000	-1.380000	-8.332200	1
47.932000	134.010000	-2.410300	-8.332200	1
47.897000	134.050000	-2.414400	-8.332100	1
47.861000	134.080000	-2.074700	-8.332100	1
47.825000	134.120000	-1.731200	-8.332000	1
47.790000	134.160000	-3.451600	-8.332000	1
47.754000	134.200000	-2.411700	-8.331900	1
47.718000	134.240000	-2.411700	-8.331900	1
47.683000	134.280000	-2.071800	-8.332000	1
47.647000	134.320000	-2.762000	-8.331900	1
47.611000	134.350000	-2.415900	-8.332000	1
47.575000	134.390000	-1.732100	-8.332100	1
47.540000	134.430000	-3.102400	-8.332100	1
47.504000	134.470000	-1.382300	-8.332000	1
47.468000	134.510000	-3.106300	-8.332100	1
47.432000	134.540000	-3.103200	-8.331900	1
48.857000	132.880000	-2.745400	-7.576100	1
48.822000	132.930000	-2.746000	-7.576000	1
48.787000	132.970000	-0.363800	-7.576000	1
48.752000	133.010000	-3.790800	-7.576000	1
48.716000	133.050000	-2.751300	-7.575900	1
48.681000	133.090000	-3.101900	-7.576000	1
48.646000	133.130000	-1.382100	-7.576100	1
48.611000	133.170000	-1.718700	-7.575900	1
48.575000	133.210000	-1.719000	-7.575900	1
48.540000	133.250000	-2.069400	-7.575900	1
48.505000	133.290000	0.676790	-7.575800	1
48.469000	133.330000	0.690250	-7.575800	1
48.434000	133.360000	-1.030200	-7.575800	1
48.399000	133.400000	-1.030400	-7.575800	1
48.363000	133.440000	-0.704450	-7.575800	1
48.328000	133.480000	0.325310	-7.575800	1
48.293000	133.520000	-1.381200	-7.575900	1
48.257000	133.560000	-0.015105	-7.575900	1
48.222000	133.600000	-1.381600	-7.576000	1
48.186000	133.640000	-4.139600	-7.575900	1
48.151000	133.680000	-3.445600	-7.575900	1
48.115000	133.720000	-2.761900	-7.575900	1
48.080000	133.760000	-1.391900	-7.576000	1
48.044000	133.800000	-1.732100	-7.575900	1
48.009000	133.840000	-1.386000	-7.575900	1
47.973000	133.880000	-0.362300	-7.575900	1
47.938000	133.910000	-0.362530	-7.575900	1
47.902000	133.950000	0.333550	-7.575900	1
47.867000	133.990000	-1.733100	-7.575800	1
47.831000	134.030000	-2.757200	-7.575700	1
47.795000	134.070000	-1.393600	-7.575700	1
47.760000	134.110000	-1.387600	-7.575700	1
47.724000	134.150000	-1.717600	-7.575600	1
47.688000	134.180000	-2.760400	-7.575600	1
47.653000	134.220000	-2.754300	-7.575600	1
47.617000	134.260000	-2.408200	-7.575600	1
47.581000	134.300000	-2.068400	-7.575700	1
47.545000	134.340000	-0.694520	-7.575800	1
47.510000	134.380000	-1.724700	-7.575800	1
47.474000	134.410000	-3.438800	-7.575700	1
47.438000	134.450000	-4.135300	-7.575800	1
47.402000	134.490000	-4.485700	-7.575600	1
48.932000	132.710000	-3.854500	-6.821900	1
48.897000	132.750000	-2.121100	-6.822000	1
48.862000	132.790000	-5.222200	-6.821800	1
48.827000	132.830000	-3.842500	-6.822000	1
48.792000	132.870000	-1.092800	-6.821900	1
48.756000	132.910000	-0.403260	-6.822000	1
48.721000	132.950000	-2.123900	-6.822000	1
48.686000	132.990000	-1.108100	-6.821900	1
48.651000	133.030000	-0.418520	-6.821900	1
48.616000	133.070000	-1.105100	-6.822000	1
48.580000	133.110000	-2.135600	-6.821900	1
48.545000	133.150000	-1.439700	-6.821800	1
48.510000	133.190000	-0.416150	-6.821800	1
48.475000	133.230000	-0.062737	-6.821800	1
48.439000	133.270000	0.626960	-6.821700	1
48.404000	133.310000	-1.447200	-6.821700	1
48.369000	133.350000	-1.447500	-6.821700	1
48.333000	133.390000	-0.411420	-6.821800	1
48.298000	133.430000	-1.101800	-6.821700	1
48.262000	133.470000	-1.102000	-6.821800	1
48.227000	133.510000	-2.482300	-6.821800	1
48.192000	133.550000	-2.132500	-6.821900	1
48.156000	133.590000	-1.098500	-6.821900	1
48.121000	133.630000	-2.135000	-6.821900	1
48.085000	133.670000	-0.408790	-6.821800	1
48.050000	133.700000	-0.758870	-6.822000	1
48.014000	133.740000	-1.789100	-6.821900	1
47.979000	133.780000	-1.803100	-6.821800	1
47.943000	133.820000	-1.803300	-6.821900	1
47.908000	133.860000	-1.453400	-6.821900	1
47.872000	133.900000	-1.439900	-6.821900	1
47.837000	133.940000	-2.130200	-6.821800	1
47.801000	133.980000	-1.114100	-6.821700	1
47.766000	134.020000	-0.760600	-6.821700	1
47.730000	134.050000	-2.816900	-6.821700	1
47.694000	134.090000	-2.490900	-6.821600	1
47.659000	134.130000	-1.801100	-6.821600	1
47.623000	134.170000	-1.801200	-6.821600	1
47.587000	134.210000	-1.801400	-6.821600	1
47.552000	134.250000	-3.171700	-6.821700	1
47.516000	134.280000	-1.801600	-6.821700	1
47.480000	134.320000	-1.451800	-6.821800	1
47.444000	134.360000	-3.172200	-6.821600	1
47.409000	134.400000	-5.606300	-6.821800	1
47.373000	134.440000	-5.933000	-6.821600	1
48.832000	132.740000	-6.542600	-6.067400	1
48.796000	132.780000	-6.199300	-6.067600	1
48.761000	132.820000	-3.797000	-6.067500	1
48.726000	132.860000	-2.413700	-6.067500	1
48.691000	132.900000	-2.070400	-6.067600	1
48.656000	132.940000	-1.034600	-6.067500	1
48.621000	132.980000	-1.725100	-6.067500	1
48.585000	133.020000	-1.381600	-6.067600	1
48.550000	133.060000	-2.062100	-6.067500	1
48.515000	133.100000	-1.032400	-6.067400	1
48.480000	133.140000	-1.736500	-6.067400	1
48.444000	133.180000	-1.033100	-6.067400	1
48.409000	133.220000	-1.033400	-6.067300	1
48.374000	133.260000	-1.723800	-6.067300	1
48.339000	133.300000	-1.724100	-6.067300	1
48.303000	133.340000	-0.707980	-6.067400	1
48.268000	133.380000	-0.694590	-6.067300	1
48.232000	133.420000	-0.708500	-6.067500	1
48.197000	133.460000	-0.708720	-6.067500	1
48.162000	133.490000	-2.065300	-6.067500	1
48.126000	133.530000	-3.795200	-6.067500	1
48.091000	133.570000	-1.395200	-6.067500	1
48.055000	133.610000	-0.015337	-6.067400	1
48.020000	133.650000	-0.709150	-6.067600	1
47.984000	133.690000	-1.395700	-6.067500	1
47.949000	133.730000	-1.399600	-6.067500	1
47.913000	133.770000	-0.019741	-6.067500	1
47.878000	133.810000	-1.400000	-6.067500	1
47.842000	133.850000	-1.740200	-6.067500	1
47.807000	133.890000	-1.740500	-6.067400	1
47.771000	133.920000	-2.430800	-6.067300	1
47.736000	133.960000	-1.741000	-6.067300	1
47.700000	134.000000	-2.767200	-6.067300	1
47.665000	134.040000	-2.427500	-6.067200	1
47.629000	134.080000	-1.737600	-6.067200	1
47.593000	134.120000	-3.117900	-6.067200	1
47.558000	134.160000	-2.428000	-6.067200	1
47.522000	134.190000	-1.398100	-6.067300	1
47.486000	134.230000	-1.411900	-6.067400	1
47.451000	134.270000	-1.398400	-6.067400	1
47.415000	134.310000	-3.472500	-6.067300	1
47.379000	134.350000	-3.812600	-6.067400	1
47.343000	134.380000	-2.442800	-6.067200	1
47.308000	134.420000	-4.146800	-6.067400	1
47.272000	134.460000	-6.219800	-6.067300	1
48.555000	132.970000	-5.528100	-5.312800	1
48.520000	133.010000	-5.188500	-5.312700	1
48.485000	133.050000	-3.142400	-5.312600	1
48.450000	133.090000	-0.042509	-5.312600	1
48.414000	133.120000	-1.076600	-5.312600	1
48.379000	133.160000	-0.726890	-5.312600	1
48.344000	133.200000	-1.417300	-5.312500	1
48.308000	133.240000	-0.387500	-5.312600	1
48.273000	133.280000	-0.387770	-5.312600	1
48.238000	133.320000	-0.038065	-5.312600	1
48.203000	133.360000	-0.038262	-5.312700	1
48.167000	133.400000	-2.108600	-5.312700	1
48.132000	133.440000	-2.798800	-5.312800	1
48.096000	133.480000	-2.104900	-5.312700	1
48.061000	133.520000	0.645060	-5.312700	1
48.026000	133.560000	2.024900	-5.312700	1
47.990000	133.600000	-0.385260	-5.312800	1
47.955000	133.640000	-0.725520	-5.312700	1
47.919000	133.680000	1.334400	-5.312700	1
47.884000	133.720000	-1.075900	-5.312700	1
47.848000	133.750000	-0.726150	-5.312700	1
47.813000	133.790000	0.300070	-5.312700	1
47.777000	133.830000	-0.040205	-5.312700	1
47.742000	133.870000	-1.080500	-5.312600	1
47.706000	133.910000	-1.080700	-5.312600	1
47.671000	133.950000	-1.766900	-5.312600	1
47.635000	133.990000	-2.447300	-5.312500	1
47.599000	134.030000	-2.447500	-5.312400	1
47.564000	134.060000	-1.767600	-5.312500	1
47.528000	134.100000	-3.481600	-5.312500	1
47.492000	134.140000	-2.791700	-5.312500	1
47.457000	134.180000	-0.721640	-5.312600	1
47.421000	134.220000	-1.418200	-5.312600	1
47.385000	134.260000	-3.132200	-5.312500	1
47.350000	134.290000	-1.762200	-5.312700	1
47.314000	134.330000	-1.762500	-5.312500	1
47.278000	134.370000	-3.139100	-5.312600	1
47.242000	134.410000	-4.852900	-5.312600	1
48.490000	132.950000	-6.431400	-4.558100	1
48.455000	132.990000	-2.617900	-4.558000	1
48.420000	133.030000	0.131940	-4.558000	1
48.384000	133.070000	0.481580	-4.558000	1
48.349000	133.110000	-0.898840	-4.557900	1
48.314000	133.150000	-0.209160	-4.557900	1
48.279000	133.190000	0.457010	-4.557900	1
48.243000	133.230000	2.516800	-4.558000	1
48.208000	133.270000	1.510000	-4.558000	1
48.173000	133.310000	-1.613800	-4.558100	1
48.137000	133.350000	-0.924060	-4.558100	1
48.102000	133.390000	-2.960800	-4.558200	1
48.067000	133.430000	-1.586800	-4.558100	1
48.031000	133.470000	-0.896950	-4.558100	1
47.996000	133.510000	-0.570710	-4.558100	1
47.960000	133.550000	-1.610900	-4.558200	1
47.925000	133.580000	-1.954700	-4.558100	1
47.889000	133.620000	0.108760	-4.558100	1
47.854000	133.660000	-0.235020	-4.558100	1
47.819000	133.700000	0.794790	-4.558100	1
47.783000	133.740000	2.174700	-4.558100	1
47.748000	133.780000	-0.575680	-4.558100	1
47.712000	133.820000	-0.575950	-4.558000	1
47.676000	133.860000	1.143900	-4.558000	1
47.641000	133.900000	-1.612300	-4.558000	1
47.605000	133.930000	-2.302700	-4.557900	1
47.570000	133.970000	-0.922920	-4.557800	1
47.534000	134.010000	-2.303200	-4.557900	1
47.498000	134.050000	-2.303400	-4.557900	1
47.463000	134.090000	-1.953400	-4.557900	1
47.427000	134.130000	-2.303500	-4.558000	1
47.392000	134.160000	-2.643800	-4.558000	1
47.356000	134.200000	-1.607500	-4.557900	1
47.320000	134.240000	-2.977700	-4.558100	1
47.284000	134.280000	-1.607900	-4.557900	1
47.249000	134.320000	-4.701800	-4.558000	1
47.213000	134.350000	-1.254400	-4.558000	1
47.177000	134.390000	-3.324900	-4.557800	1
48.460000	132.900000	-7.667200	-3.802600	1
48.425000	132.940000	-0.440020	-3.802500	1
48.390000	132.980000	-2.854000	-3.802500	1
48.354000	133.020000	2.319300	-3.802500	1
48.319000	133.060000	1.625500	-3.802400	1
48.284000	133.100000	1.275100	-3.802400	1
48.249000	133.140000	1.968300	-3.802400	1
48.213000	133.180000	2.314500	-3.802500	1
48.178000	133.220000	3.684300	-3.802400	1
48.143000	133.260000	0.934030	-3.802600	1
48.107000	133.300000	-2.166300	-3.802600	1
48.072000	133.340000	-2.166500	-3.802700	1
48.037000	133.370000	-1.122600	-3.802600	1
48.001000	133.410000	-1.122800	-3.802600	1
47.966000	133.450000	-0.442950	-3.802600	1
47.931000	133.490000	-0.093008	-3.802700	1
47.895000	133.530000	-0.096717	-3.802600	1
47.860000	133.570000	0.936570	-3.802600	1
47.824000	133.610000	0.242870	-3.802600	1
47.789000	133.650000	0.932680	-3.802600	1
47.753000	133.690000	2.312600	-3.802700	1
47.718000	133.730000	3.342300	-3.802600	1
47.682000	133.770000	0.241980	-3.802500	1
47.647000	133.800000	0.591760	-3.802500	1
47.611000	133.840000	-0.788470	-3.802500	1
47.576000	133.880000	-0.094690	-3.802400	1
47.540000	133.920000	-1.125000	-3.802300	1
47.505000	133.960000	-2.505300	-3.802400	1
47.469000	134.000000	-2.165500	-3.802400	1
47.433000	134.030000	0.244510	-3.802500	1
47.398000	134.070000	-3.535800	-3.802600	1
47.362000	134.110000	-2.519300	-3.802600	1
47.326000	134.150000	-1.489500	-3.802400	1
47.291000	134.190000	-1.816100	-3.802600	1
47.255000	134.230000	-2.520000	-3.802400	1
47.219000	134.260000	-1.098000	-3.802600	1
47.184000	134.300000	-1.490200	-3.802600	1
47.148000	134.340000	-0.106660	-3.802400	1
47.112000	134.380000	-1.781800	-3.802500	1
48.535000	132.730000	-0.484410	-3.046700	1
48.500000	132.770000	-1.174800	-3.046800	1
48.465000	132.810000	-1.855200	-3.046800	1
48.430000	132.850000	-1.859000	-3.046800	1
48.395000	132.890000	-2.202200	-3.046700	1
48.360000	132.930000	-0.482480	-3.046700	1
48.324000	132.970000	0.547180	-3.046700	1
48.289000	133.010000	0.206790	-3.046600	1
48.254000	133.050000	0.896450	-3.046600	1
48.219000	133.080000	1.926100	-3.046600	1
48.183000	133.120000	5.715900	-3.046600	1
48.148000	133.160000	4.335600	-3.046600	1
48.113000	133.200000	-0.488000	-3.046800	1
48.078000	133.240000	-0.828260	-3.046800	1
48.042000	133.280000	-1.178400	-3.046900	1
48.007000	133.320000	-0.488670	-3.046800	1
47.972000	133.360000	-1.514700	-3.046800	1
47.936000	133.400000	-1.175000	-3.046700	1
47.901000	133.440000	5.025100	-3.046900	1
47.865000	133.480000	1.234800	-3.046800	1
47.830000	133.520000	0.894620	-3.046800	1
47.795000	133.560000	0.911070	-3.046800	1
47.759000	133.600000	2.274200	-3.046800	1
47.724000	133.630000	2.614100	-3.046800	1
47.688000	133.670000	1.940500	-3.046800	1
47.653000	133.710000	-0.119850	-3.046700	1
47.617000	133.750000	-0.810070	-3.046700	1
47.582000	133.790000	-0.470250	-3.046700	1
48.541000	132.630000	0.439930	-2.295600	1
48.505000	132.670000	-0.940730	-2.295400	1
48.470000	132.710000	-0.591110	-2.295500	1
48.435000	132.750000	0.778550	-2.295600	1
48.400000	132.790000	1.468200	-2.295600	1
48.365000	132.830000	0.777680	-2.295400	1
48.330000	132.870000	1.817300	-2.295400	1
48.295000	132.910000	2.850900	-2.295400	1
48.259000	132.950000	2.850600	-2.295400	1
48.224000	132.990000	5.267000	-2.295300	1
48.189000	133.030000	3.886700	-2.295300	1
48.154000	133.070000	4.219600	-2.295400	1
48.119000	133.110000	3.879300	-2.295400	1
48.083000	133.150000	-0.940980	-2.295500	1
48.048000	133.190000	-2.661300	-2.295500	1
48.013000	133.230000	-4.034700	-2.295600	1
47.977000	133.270000	1.135300	-2.295600	1
47.942000	133.310000	2.505100	-2.295600	1
47.907000	133.350000	0.784840	-2.295500	1
47.871000	133.390000	1.478900	-2.295700	1
47.836000	133.430000	2.858700	-2.295600	1
47.801000	133.470000	5.948600	-2.295600	1
47.765000	133.500000	3.888400	-2.295600	1
47.730000	133.540000	2.168100	-2.295500	1
47.694000	133.580000	2.834900	-2.295600	1
47.659000	133.620000	2.857800	-2.295600	1
47.623000	133.660000	2.144300	-2.295500	1
47.588000	133.700000	2.834100	-2.295500	1
47.552000	133.740000	0.423900	-2.295500	1
48.475000	132.620000	0.943240	-1.540700	1
48.440000	132.660000	1.972900	-1.540700	1
48.405000	132.700000	3.012500	-1.540800	1
48.370000	132.740000	1.972100	-1.540800	1
48.335000	132.780000	3.691600	-1.540700	1
48.300000	132.820000	3.351300	-1.540700	1
48.265000	132.860000	6.790900	-1.540700	1
48.230000	132.900000	6.790500	-1.540600	1
48.194000	132.940000	5.074100	-1.540600	1
48.159000	132.980000	3.693800	-1.540600	1
48.124000	133.020000	5.763500	-1.540600	1
48.089000	133.060000	3.693200	-1.540600	1
48.054000	133.100000	-4.250200	-1.540800	1
48.018000	133.140000	-8.383700	-1.540800	1
47.983000	133.180000	2.289600	-1.540900	1
47.948000	133.220000	3.319400	-1.540800	1
47.912000	133.260000	3.659300	-1.540900	1
47.877000	133.300000	4.349000	-1.540800	1
47.842000	133.330000	2.628900	-1.540900	1
47.806000	133.370000	6.758800	-1.540900	1
47.771000	133.410000	6.422700	-1.540800	1
47.736000	133.450000	6.422500	-1.540800	1
47.700000	133.490000	4.012300	-1.540800	1
47.665000	133.530000	2.982200	-1.540900	1
47.629000	133.570000	2.289000	-1.540800	1
47.594000	133.610000	3.658800	-1.540700	1
47.558000	133.650000	2.288500	-1.540700	1
47.523000	133.680000	2.978400	-1.540700	1
47.488000	133.720000	2.978100	-1.540600	1
47.452000	133.760000	3.317900	-1.540500	1
47.416000	133.800000	1.257800	-1.540600	1
47.381000	133.840000	1.257600	-1.540600	1
47.345000	133.880000	5.731500	-1.540700	1
47.310000	133.920000	3.661400	-1.540800	1
47.274000	133.950000	5.731200	-1.540800	1
47.239000	133.990000	2.290800	-1.540700	1
47.203000	134.030000	5.387900	-1.540900	1
47.167000	134.070000	1.607500	-1.540700	1
47.132000	134.110000	4.707400	-1.540800	1
47.096000	134.140000	4.707300	-1.540900	1
47.060000	134.180000	1.266900	-1.540700	1
48.795000	132.160000	6.748800	-0.792060	1
48.760000	132.200000	4.678600	-0.792300	1
48.725000	132.240000	3.298100	-0.792120	1
48.690000	132.280000	6.397800	-0.792270	1
48.656000	132.320000	3.984700	-0.792450	1
48.621000	132.370000	5.704200	-0.792220	1
48.586000	132.410000	3.643800	-0.792360	1
48.551000	132.450000	4.333300	-0.792340	1
48.516000	132.490000	6.056800	-0.792320	1
48.481000	132.530000	5.366400	-0.792430	1
48.446000	132.570000	6.055800	-0.792260	1
48.411000	132.610000	6.395400	-0.792320	1
48.376000	132.650000	5.015000	-0.792370	1
48.340000	132.690000	8.804600	-0.792380	1
48.305000	132.730000	1.924200	-0.792270	1
48.270000	132.770000	10.874000	-0.792270	1
48.235000	132.810000	10.183000	-0.792250	1
48.200000	132.850000	10.873000	-0.792240	1
48.165000	132.890000	10.523000	-0.792160	1
48.130000	132.930000	8.802300	-0.792140	1
48.094000	132.970000	9.492000	-0.792230	1
48.059000	133.010000	5.705700	-0.792170	1
48.024000	133.050000	2.265400	-0.792360	1
47.989000	133.090000	1.902500	-0.792380	1
47.953000	133.120000	10.162000	-0.792480	1
47.918000	133.160000	7.062200	-0.792450	1
47.883000	133.200000	6.372000	-0.792480	1
47.848000	133.240000	8.091800	-0.792360	1
47.812000	133.280000	10.502000	-0.792530	1
47.777000	133.320000	13.602000	-0.792470	1
47.742000	133.360000	11.881000	-0.792440	1
47.706000	133.400000	10.161000	-0.792450	1
47.671000	133.440000	8.781000	-0.792370	1
47.635000	133.480000	9.475000	-0.792490	1
47.600000	133.520000	10.165000	-0.792410	1
47.565000	133.550000	8.444500	-0.792300	1
47.529000	133.590000	8.094400	-0.792350	1
47.494000	133.630000	6.041400	-0.792350	1
47.458000	133.670000	10.861000	-0.792250	1
47.423000	133.710000	9.481100	-0.792160	1
47.387000	133.750000	6.041000	-0.792210	1
47.352000	133.790000	6.380800	-0.792260	1
47.316000	133.830000	6.730700	-0.792330	1
47.281000	133.860000	10.511000	-0.792430	1
47.245000	133.900000	8.790300	-0.792490	1
47.209000	133.940000	8.104000	-0.792330	1
47.174000	133.980000	7.073800	-0.792550	1
47.138000	134.020000	3.973500	-0.792350	1
47.103000	134.050000	5.353400	-0.792430	1
47.067000	134.090000	9.823200	-0.792520	1
47.031000	134.130000	9.132900	-0.792310	1
48.661000	132.230000	13.397000	0.117850	1
48.626000	132.270000	13.740000	0.118260	1
48.591000	132.310000	12.020000	0.117740	1
48.556000	132.350000	14.429000	0.118070	1
48.521000	132.390000	12.369000	0.118050	1
48.486000	132.430000	15.818000	0.117770	1
48.451000	132.470000	11.328000	0.118190	1
48.416000	132.510000	12.708000	0.117860	1
48.381000	132.550000	14.427000	0.117860	1
48.346000	132.600000	13.737000	0.118080	1
48.311000	132.640000	9.266300	0.117710	1
48.276000	132.680000	-2.086900	0.117930	1
48.241000	132.720000	14.086000	0.117930	1
48.205000	132.760000	15.455000	0.117650	1
48.170000	132.790000	23.219000	0.118030	1
48.135000	132.830000	17.618000	0.117760	1
48.100000	132.870000	14.088000	0.117680	1
48.065000	132.910000	19.218000	0.117950	1
48.030000	132.950000	11.677000	0.117560	1
47.994000	132.990000	14.434000	0.117930	1
47.959000	133.030000	4.114200	0.118090	1
47.924000	133.070000	13.054000	0.117880	1
47.889000	133.110000	18.424000	0.118200	1
47.853000	133.150000	21.224000	0.118060	1
47.818000	133.190000	21.823000	0.117910	1
47.783000	133.230000	21.823000	0.118240	1
47.748000	133.270000	21.827000	0.117890	1
47.712000	133.310000	23.227000	0.118050	1
47.677000	133.350000	22.427000	0.118170	1
47.641000	133.390000	22.427000	0.117760	1
47.606000	133.420000	19.827000	0.118160	1
47.571000	133.460000	19.224000	0.117940	1
47.535000	133.500000	23.824000	0.117730	1
47.500000	133.540000	25.824000	0.118100	1
47.464000	133.580000	23.223000	0.117780	1
47.429000	133.620000	25.823000	0.117890	1
47.394000	133.660000	18.423000	0.117970	1
47.358000	133.700000	24.823000	0.117610	1
47.323000	133.730000	23.223000	0.118040	1
47.287000	133.770000	22.427000	0.118000	1
47.252000	133.810000	41.027000	0.117970	1
47.216000	133.850000	19.226000	0.118340	1
47.180000	133.890000	18.426000	0.117910	1
48.665000	132.140000	3.083200	0.732710	1
48.630000	132.180000	6.532800	0.732610	1
48.596000	132.220000	6.532300	0.732530	1
48.561000	132.260000	6.179300	0.732610	1
48.526000	132.300000	5.838800	0.732570	1
48.491000	132.340000	3.772200	0.732580	1
48.456000	132.380000	4.801800	0.732510	1
48.421000	132.420000	3.434100	0.732520	1
48.386000	132.460000	8.933700	0.732590	1
48.351000	132.500000	7.560600	0.732540	1
48.316000	132.540000	9.280200	0.732570	1
48.281000	132.580000	8.929700	0.732410	1
48.246000	132.620000	-2.063400	0.732600	1
48.211000	132.660000	0.678950	0.732600	1
48.176000	132.700000	9.278600	0.732510	1
48.140000	132.740000	13.058000	0.732650	1
48.105000	132.780000	8.927900	0.732650	1
48.070000	132.820000	11.688000	0.732660	1
48.035000	132.860000	6.871200	0.732650	1
48.000000	132.900000	5.490800	0.732580	1
47.965000	132.940000	5.167800	0.732480	1
47.930000	132.980000	3.097600	0.732520	1
47.894000	133.020000	6.887300	0.732330	1
47.859000	133.060000	9.297200	0.732470	1
47.824000	133.100000	9.297000	0.732370	1
47.789000	133.140000	9.296900	0.732470	1
47.753000	133.180000	10.677000	0.732390	1
47.718000	133.220000	16.246000	0.732330	1
47.683000	133.260000	14.456000	0.732410	1
47.647000	133.290000	11.356000	0.732450	1
47.612000	133.330000	11.360000	0.732410	1
47.577000	133.370000	9.640000	0.732410	1
47.541000	133.410000	10.680000	0.732410	1
47.506000	133.450000	12.050000	0.732450	1
47.470000	133.490000	12.397000	0.732530	1
47.435000	133.530000	12.047000	0.732410	1
47.400000	133.570000	12.397000	0.732540	1
47.364000	133.610000	13.767000	0.732680	1
47.329000	133.640000	13.427000	0.732520	1
47.293000	133.680000	14.456000	0.732590	1
47.258000	133.720000	13.076000	0.732500	1
47.222000	133.760000	13.766000	0.732380	1
47.187000	133.800000	8.265800	0.732440	1
48.216000	132.570000	-8.904700	1.487400	1
48.181000	132.610000	-4.078800	1.487400	1
48.146000	132.650000	6.941000	1.487300	1
48.111000	132.690000	-0.975410	1.487400	1
48.075000	132.730000	1.447200	1.487500	1
48.040000	132.770000	3.856900	1.487500	1
48.005000	132.810000	0.066455	1.487400	1
47.970000	132.850000	-1.653900	1.487400	1
47.935000	132.890000	-4.767300	1.487300	1
47.900000	132.930000	-6.820600	1.487300	1
47.865000	132.970000	3.492400	1.487100	1
47.829000	133.010000	4.532300	1.487200	1
47.794000	133.050000	3.492000	1.487100	1
47.759000	133.080000	2.811900	1.487300	1
47.724000	133.120000	2.461700	1.487200	1
47.688000	133.160000	5.572600	1.487100	1
47.653000	133.200000	5.215400	1.487200	1
47.618000	133.240000	2.822300	1.487200	1
47.582000	133.280000	1.442200	1.487200	1
47.547000	133.320000	2.472000	1.487200	1
47.512000	133.360000	3.161900	1.487200	1
47.476000	133.400000	4.541900	1.487200	1
47.441000	133.440000	6.262000	1.487300	1
47.405000	133.480000	6.261900	1.487200	1
47.370000	133.510000	6.952000	1.487300	1
47.335000	133.550000	7.291900	1.487500	1
47.299000	133.590000	6.261700	1.487300	1
47.264000	133.630000	5.225600	1.487300	1
47.228000	133.670000	6.265400	1.487300	1
47.193000	133.710000	4.885100	1.487200	1
47.157000	133.740000	2.134800	1.487200	1
48.256000	132.440000	-0.722960	2.236200	1
48.221000	132.480000	-5.876900	2.236100	1
48.186000	132.520000	-9.313700	2.236200	1
48.151000	132.560000	-8.964000	2.236200	1
48.116000	132.600000	-7.597900	2.236200	1
48.081000	132.640000	-3.481000	2.236300	1
48.046000	132.680000	-0.041235	2.236300	1
48.011000	132.720000	1.338500	2.236300	1
47.976000	132.760000	0.998100	2.236300	1
47.941000	132.800000	0.647800	2.236300	1
47.905000	132.840000	-1.072600	2.236100	1
47.870000	132.880000	-3.823000	2.236100	1
47.835000	132.910000	-0.723190	2.236000	1
47.800000	132.950000	2.366800	2.236100	1
47.765000	132.990000	0.650470	2.236000	1
47.729000	133.030000	-0.039614	2.236100	1
47.694000	133.070000	-0.719890	2.236000	1
47.659000	133.110000	-0.040066	2.235900	1
47.624000	133.150000	2.386700	2.236000	1
47.588000	133.190000	1.356600	2.236000	1
47.553000	133.230000	2.046400	2.236000	1
47.518000	133.270000	1.356300	2.236000	1
47.482000	133.310000	2.386200	2.236000	1
47.447000	133.350000	4.106300	2.236100	1
47.412000	133.380000	5.486400	2.236100	1
47.376000	133.420000	3.766300	2.236000	1
47.341000	133.460000	3.766400	2.236100	1
47.305000	133.500000	5.150500	2.236300	1
47.270000	133.540000	6.870300	2.236200	1
47.235000	133.580000	4.110100	2.236200	1
47.199000	133.620000	2.049900	2.236100	1
47.164000	133.650000	-1.073600	2.236000	1
48.575000	131.980000	-0.787220	2.992400	1
48.540000	132.020000	-1.137700	2.992300	1
48.505000	132.060000	-0.098123	2.992100	1
48.471000	132.100000	-0.448450	2.992300	1
48.436000	132.140000	-0.098920	2.992200	1
48.401000	132.180000	-1.139400	2.992200	1
48.366000	132.220000	-0.449790	2.992200	1
48.331000	132.260000	0.929790	2.992100	1
48.296000	132.300000	1.619500	2.992200	1
48.261000	132.340000	0.239010	2.992200	1
48.226000	132.380000	-0.080813	2.992200	1
48.191000	132.420000	-2.491400	2.992100	1
48.156000	132.460000	-3.548400	2.992200	1
48.121000	132.500000	-0.772000	2.992200	1
48.086000	132.540000	-1.479200	2.992100	1
48.051000	132.580000	-1.802800	2.992200	1
48.016000	132.620000	-0.083076	2.992300	1
47.981000	132.660000	1.286600	2.992300	1
47.946000	132.700000	1.976300	2.992300	1
47.911000	132.740000	0.946020	2.992200	1
47.876000	132.780000	-0.434410	2.992100	1
47.840000	132.820000	-0.434630	2.992100	1
47.805000	132.860000	0.259000	2.991900	1
47.770000	132.900000	1.638900	2.992000	1
47.735000	132.940000	0.948630	2.991900	1
47.700000	132.980000	0.595220	2.992100	1
47.665000	133.020000	-0.085054	2.991900	1
47.629000	133.060000	0.254780	2.991900	1
47.594000	133.100000	1.284700	2.992000	1
47.559000	133.140000	1.284500	2.992000	1
47.523000	133.180000	1.634400	2.992000	1
47.488000	133.220000	1.634300	2.992000	1
47.453000	133.250000	1.974300	2.992000	1
47.418000	133.290000	0.944370	2.992000	1
47.382000	133.330000	2.664500	2.992100	1
47.347000	133.370000	2.328400	2.992000	1
47.311000	133.410000	2.285200	2.992100	1
47.276000	133.450000	2.328600	2.992200	1
47.241000	133.490000	1.978500	2.992100	1
47.205000	133.520000	1.978400	2.992100	1
47.170000	133.560000	-0.815260	2.992000	1
47.134000	133.600000	-1.505600	2.991900	1
48.440000	132.050000	-0.936260	3.747000	1
48.406000	132.090000	0.093304	3.747000	1
48.371000	132.130000	-1.627200	3.747000	1
48.336000	132.170000	0.092446	3.746900	1
48.301000	132.210000	0.428530	3.746900	1
48.266000	132.250000	1.125500	3.747000	1
48.231000	132.290000	0.445090	3.746900	1
48.196000	132.330000	-0.608780	3.747000	1
48.161000	132.370000	-0.245810	3.746800	1
48.126000	132.410000	-1.289600	3.747000	1
48.091000	132.450000	-1.290000	3.747000	1
48.056000	132.490000	1.109600	3.746900	1
48.021000	132.530000	-0.610730	3.747000	1
47.986000	132.570000	-0.611060	3.747000	1
47.951000	132.610000	2.838700	3.747100	1
47.916000	132.650000	2.148400	3.747000	1
47.881000	132.690000	1.798100	3.747000	1
47.846000	132.730000	0.077668	3.746800	1
47.811000	132.770000	-0.948640	3.746800	1
47.776000	132.810000	0.431050	3.746700	1
47.740000	132.850000	0.080924	3.746800	1
47.705000	132.890000	2.490700	3.746600	1
47.670000	132.930000	2.137100	3.746800	1
47.635000	132.970000	-1.303200	3.746700	1
47.600000	133.010000	1.096700	3.746600	1
47.564000	133.050000	0.756550	3.746700	1
47.529000	133.080000	1.096400	3.746700	1
47.494000	133.120000	-0.963720	3.746800	1
47.459000	133.160000	-0.273710	3.746700	1
47.423000	133.200000	1.446400	3.746700	1
47.388000	133.240000	0.760430	3.746700	1
47.353000	133.280000	1.790500	3.746800	1
47.317000	133.320000	2.177000	3.746700	1
47.282000	133.360000	1.487100	3.746800	1
47.247000	133.400000	1.827200	3.746900	1
47.211000	133.430000	0.797050	3.746800	1
47.176000	133.470000	3.897000	3.746800	1
47.140000	133.510000	-0.923190	3.746800	1
48.480000	131.910000	-1.002700	4.500400	1
48.445000	131.950000	-1.343300	4.500300	1
48.410000	132.000000	-1.343600	4.500400	1
48.376000	132.040000	0.002400	4.500300	1
48.341000	132.080000	-1.028000	4.500400	1
48.306000	132.120000	0.025123	4.500300	1
48.271000	132.160000	1.068500	4.500200	1
48.236000	132.200000	-0.675440	4.500300	1
48.201000	132.240000	-0.312280	4.500300	1
48.166000	132.280000	0.003812	4.500400	1
48.131000	132.320000	-3.063300	4.500200	1
48.096000	132.360000	0.716600	4.500300	1
48.061000	132.400000	-1.343900	4.500300	1
48.026000	132.440000	-2.057900	4.500200	1
47.991000	132.480000	-0.678200	4.500300	1
47.956000	132.520000	0.025075	4.500400	1
47.921000	132.560000	1.721300	4.500400	1
47.886000	132.600000	2.761000	4.500400	1
47.851000	132.640000	-0.339420	4.500300	1
47.816000	132.680000	1.384200	4.500200	1
47.781000	132.720000	-1.026100	4.500200	1
47.746000	132.760000	0.019991	4.500000	1
47.711000	132.800000	-0.660170	4.500100	1
47.676000	132.840000	1.399600	4.500000	1
47.640000	132.870000	4.149600	4.500100	1
47.605000	132.910000	0.369280	4.500000	1
47.570000	132.950000	-0.660960	4.500000	1
47.535000	132.990000	0.018982	4.500000	1
47.500000	133.030000	-0.661180	4.500100	1
47.464000	133.070000	-1.351100	4.500100	1
47.429000	133.110000	-1.351100	4.500100	1
47.394000	133.150000	-1.007100	4.500100	1
47.359000	133.190000	0.029428	4.500100	1
47.323000	133.230000	-1.000600	4.500200	1
47.288000	133.270000	0.373030	4.500000	1
47.253000	133.300000	0.029520	4.500100	1
47.217000	133.340000	-0.310390	4.500300	1
47.182000	133.380000	1.069600	4.500200	1
47.147000	133.420000	0.719490	4.500200	1
47.111000	133.460000	-1.340700	4.500100	1
48.450000	131.860000	-2.538600	5.255100	1
48.415000	131.900000	-1.859200	5.254900	1
48.380000	131.940000	-2.539500	5.255000	1
48.345000	131.980000	-2.200000	5.254900	1
48.311000	132.020000	-0.480290	5.255000	1
48.276000	132.060000	1.593100	5.254900	1
48.241000	132.100000	0.536280	5.254900	1
48.206000	132.150000	-0.144100	5.254900	1
48.171000	132.190000	-0.818180	5.254900	1
48.136000	132.230000	-2.202300	5.255000	1
48.101000	132.270000	-0.479020	5.254800	1
48.066000	132.310000	-1.875800	5.254900	1
48.031000	132.350000	-0.479700	5.254900	1
47.996000	132.390000	-0.820170	5.254800	1
47.961000	132.430000	-0.820470	5.254900	1
47.926000	132.470000	-0.130770	5.255000	1
47.891000	132.510000	2.269000	5.255000	1
47.856000	132.550000	3.648700	5.255000	1
47.821000	132.590000	0.552180	5.254900	1
47.786000	132.620000	-0.821880	5.254800	1
47.751000	132.660000	0.195220	5.254800	1
47.716000	132.700000	0.211230	5.254600	1
47.681000	132.740000	-0.128930	5.254700	1
47.646000	132.780000	1.240800	5.254600	1
47.611000	132.820000	3.997200	5.254700	1
47.576000	132.860000	0.206830	5.254600	1
47.540000	132.900000	-0.483380	5.254600	1
47.505000	132.940000	-2.203600	5.254600	1
47.470000	132.980000	-2.567200	5.254600	1
47.435000	133.020000	-2.543400	5.254700	1
47.400000	133.060000	-0.479350	5.254600	1
47.364000	133.100000	1.240800	5.254700	1
47.329000	133.140000	-0.819280	5.254700	1
47.294000	133.170000	1.240900	5.254700	1
47.258000	133.210000	2.270900	5.254600	1
47.223000	133.250000	0.900890	5.254700	1
47.188000	133.290000	-1.536400	5.254800	1
47.152000	133.330000	-1.196400	5.254800	1
47.117000	133.370000	-1.196500	5.254700	1
48.420000	131.810000	-3.513900	6.008800	1
48.385000	131.850000	-3.514400	6.008600	1
48.350000	131.890000	-2.488300	6.008700	1
48.315000	131.930000	-1.458800	6.008700	1
48.280000	131.970000	-2.131700	6.008700	1
48.246000	132.010000	-0.415780	6.008600	1
48.211000	132.050000	-1.106200	6.008600	1
48.176000	132.090000	-1.456600	6.008600	1
48.141000	132.130000	-1.107000	6.008600	1
48.106000	132.170000	-3.191200	6.008700	1
48.071000	132.210000	-2.151600	6.008500	1
48.036000	132.250000	-2.842000	6.008600	1
48.001000	132.290000	-1.454900	6.008700	1
47.966000	132.330000	-1.105200	6.008600	1
47.932000	132.370000	-2.139300	6.008600	1
47.897000	132.410000	-0.419500	6.008700	1
47.862000	132.450000	-0.419850	6.008700	1
47.827000	132.490000	1.630000	6.008700	1
47.792000	132.530000	-0.780460	6.008600	1
47.756000	132.570000	-3.531000	6.008500	1
47.721000	132.610000	0.258990	6.008500	1
47.686000	132.650000	-0.077656	6.008300	1
47.651000	132.690000	-0.781530	6.008400	1
47.616000	132.730000	0.258240	6.008300	1
47.581000	132.770000	1.628200	6.008400	1
47.546000	132.810000	0.594210	6.008300	1
47.511000	132.850000	-1.472400	6.008200	1
47.476000	132.890000	-1.812300	6.008300	1
47.440000	132.930000	-1.472200	6.008300	1
47.405000	132.970000	0.261900	6.008400	1
47.370000	133.000000	-1.808100	6.008300	1
47.335000	133.040000	-1.811800	6.008300	1
47.299000	133.080000	-0.777970	6.008400	1
47.264000	133.120000	-1.121600	6.008400	1
47.229000	133.160000	0.598400	6.008300	1
47.194000	133.200000	-0.431590	6.008400	1
47.158000	133.240000	-1.471500	6.008500	1
47.123000	133.280000	-0.781560	6.008500	1
47.088000	133.320000	-2.485400	6.008400	1
47.052000	133.350000	-2.825500	6.008400	1
48.355000	131.800000	-5.071500	6.760300	1
48.320000	131.840000	-1.597700	6.760500	1
48.285000	131.880000	-2.288200	6.760400	1
48.250000	131.920000	-2.634900	6.760400	1
48.215000	131.960000	-2.635400	6.760400	1
48.181000	132.000000	-1.619500	6.760300	1
48.146000	132.040000	-0.589750	6.760400	1
48.111000	132.080000	-0.940160	6.760400	1
48.076000	132.120000	-4.720900	6.760400	1
48.041000	132.160000	-5.438900	6.760200	1
48.006000	132.200000	-1.635100	6.760400	1
47.971000	132.240000	-0.941620	6.760400	1
47.937000	132.280000	-1.282000	6.760300	1
47.902000	132.320000	-0.942240	6.760400	1
47.867000	132.360000	-0.592530	6.760400	1
47.832000	132.400000	-0.942910	6.760400	1
47.797000	132.440000	-3.339700	6.760400	1
47.762000	132.480000	-3.340100	6.760400	1
47.727000	132.520000	-4.030700	6.760200	1
47.692000	132.560000	0.099455	6.760200	1
47.657000	132.600000	0.775430	6.760100	1
47.621000	132.640000	-1.984900	6.760100	1
47.586000	132.680000	-0.955090	6.760000	1
47.551000	132.720000	1.114900	6.760100	1
47.516000	132.760000	-0.955420	6.760100	1
47.481000	132.800000	-1.295500	6.760000	1
47.446000	132.830000	-0.955390	6.760000	1
47.411000	132.870000	-1.295400	6.760000	1
47.375000	132.910000	-2.657700	6.760100	1
47.340000	132.950000	-1.995000	6.760100	1
47.305000	132.990000	-1.304800	6.760100	1
47.270000	133.030000	-1.981100	6.760100	1
47.235000	133.070000	-1.978500	6.760200	1
47.199000	133.110000	-1.994800	6.760000	1
47.164000	133.150000	-0.950910	6.760100	1
47.129000	133.190000	-1.980900	6.760200	1
47.093000	133.220000	-1.994700	6.760200	1
47.058000	133.260000	-0.964710	6.760100	1
47.023000	133.300000	-1.644800	6.760100	1
46.987000	133.340000	-4.405300	6.759900	1
48.393000	131.660000	-4.401300	7.519900	1
48.359000	131.700000	-3.029100	7.519900	1
48.324000	131.740000	-2.335800	7.519700	1
48.289000	131.780000	-1.986200	7.519800	1
48.255000	131.820000	-0.630270	7.519700	1
48.220000	131.860000	0.423170	7.519800	1
48.185000	131.900000	-0.953660	7.519700	1
48.150000	131.950000	-0.614060	7.519700	1
48.115000	131.990000	-1.998300	7.519700	1
48.081000	132.030000	-1.998600	7.519700	1
48.046000	132.070000	-4.393100	7.519800	1
48.011000	132.110000	-4.759800	7.519600	1
47.976000	132.150000	-3.379900	7.519700	1
47.941000	132.190000	-1.983700	7.519700	1
47.906000	132.230000	-2.000300	7.519600	1
47.871000	132.270000	-3.720800	7.519700	1
47.836000	132.310000	-2.674700	7.519700	1
47.801000	132.350000	-1.985000	7.519800	1
47.766000	132.390000	-4.758100	7.519800	1
47.731000	132.430000	-2.348300	7.519700	1
47.696000	132.470000	-0.612440	7.519600	1
47.661000	132.510000	0.750980	7.519600	1
47.626000	132.550000	0.410690	7.519400	1
47.591000	132.580000	0.410470	7.519500	1
47.556000	132.620000	0.426460	7.519300	1
47.521000	132.660000	-0.629970	7.519400	1
47.486000	132.700000	-0.953860	7.519400	1
47.451000	132.740000	-1.293900	7.519300	1
47.416000	132.780000	-1.643800	7.519400	1
47.381000	132.820000	-2.333800	7.519400	1
47.345000	132.860000	-0.641030	7.519500	1
47.310000	132.900000	-2.329700	7.519400	1
47.275000	132.940000	-2.353300	7.519400	1
47.240000	132.980000	-2.669500	7.519400	1
47.205000	133.020000	-1.663000	7.519500	1
47.169000	133.050000	-2.669400	7.519300	1
47.134000	133.090000	-1.312900	7.519400	1
47.099000	133.130000	0.407210	7.519500	1
47.064000	133.170000	-0.259080	7.519500	1
47.028000	133.210000	-0.632940	7.519400	1
46.993000	133.250000	-1.289300	7.519400	1
46.958000	133.290000	-2.361000	7.519200	1
46.922000	133.320000	-3.727600	7.519300	1
48.294000	131.690000	-3.220100	8.272800	1
48.259000	131.730000	-2.197900	8.273000	1
48.224000	131.770000	-2.538400	8.272900	1
48.189000	131.810000	-1.168700	8.272900	1
48.155000	131.850000	-0.807850	8.272900	1
48.120000	131.890000	-1.182100	8.272800	1
48.085000	131.930000	-1.166200	8.272800	1
48.050000	131.970000	-2.212900	8.272800	1
48.015000	132.010000	-3.593400	8.272900	1
47.981000	132.050000	-3.593800	8.272700	1
47.946000	132.090000	-3.601500	8.272900	1
47.911000	132.130000	-3.227900	8.272900	1
47.876000	132.170000	-2.198100	8.272800	1
47.841000	132.210000	-3.228500	8.272800	1
47.806000	132.250000	-1.524900	8.272800	1
47.771000	132.290000	-2.889100	8.272900	1
47.736000	132.330000	-3.579600	8.272900	1
47.701000	132.370000	-1.506100	8.272800	1
47.666000	132.410000	-2.560400	8.272700	1
47.631000	132.450000	-1.167000	8.272700	1
47.596000	132.490000	-0.477420	8.272500	1
47.561000	132.530000	0.902420	8.272600	1
47.526000	132.570000	-1.168000	8.272500	1
47.491000	132.610000	-0.161760	8.272600	1
47.456000	132.650000	-1.168000	8.272500	1
47.421000	132.690000	-2.198100	8.272400	1
47.386000	132.730000	-2.561800	8.272500	1
47.351000	132.770000	-2.221700	8.272500	1
47.316000	132.810000	-1.535200	8.272600	1
47.280000	132.850000	-2.221400	8.272500	1
47.245000	132.880000	-2.221200	8.272500	1
47.210000	132.920000	-3.251300	8.272500	1
47.175000	132.960000	-1.187100	8.272600	1
47.140000	133.000000	-2.220900	8.272400	1
47.104000	133.040000	-1.880800	8.272500	1
47.069000	133.080000	-1.530700	8.272600	1
47.034000	133.120000	0.529410	8.272600	1
46.999000	133.160000	-2.217100	8.272500	1
46.963000	133.200000	-1.894900	8.272500	1
46.928000	133.230000	-2.911500	8.272300	1
48.263000	131.640000	-2.225500	9.031500	1
48.228000	131.680000	-3.606000	9.031600	1
48.193000	131.720000	-1.882500	9.031500	1
48.159000	131.760000	-3.606800	9.031600	1
48.124000	131.800000	-1.543300	9.031500	1
48.089000	131.840000	-1.543700	9.031500	1
48.054000	131.880000	-0.160280	9.031500	1
48.020000	131.920000	-2.907100	9.031500	1
47.985000	131.960000	-1.541000	9.031600	1
47.950000	132.000000	-0.504950	9.031400	1
47.915000	132.040000	-1.187600	9.031500	1
47.880000	132.080000	-3.609400	9.031500	1
47.846000	132.120000	-2.575800	9.031400	1
47.811000	132.160000	-2.222300	9.031400	1
47.776000	132.200000	-2.230200	9.031500	1
47.741000	132.240000	-3.610700	9.031500	1
47.706000	132.280000	-1.200800	9.031600	1
47.671000	132.320000	-1.887500	9.031500	1
47.636000	132.360000	-3.264400	9.031300	1
47.601000	132.400000	-2.228500	9.031300	1
47.566000	132.440000	-1.548900	9.031200	1
47.531000	132.480000	0.174540	9.031200	1
47.496000	132.520000	-2.229800	9.031100	1
47.461000	132.560000	-0.859590	9.031200	1
47.426000	132.600000	0.864360	9.031100	1
47.391000	132.640000	1.214400	9.031000	1
47.356000	132.670000	-0.505620	9.031100	1
47.321000	132.710000	-2.579500	9.031100	1
47.285000	132.750000	-2.579300	9.031200	1
47.250000	132.790000	-2.579300	9.031100	1
47.215000	132.830000	-3.955600	9.031100	1
47.180000	132.870000	-2.575300	9.031100	1
47.145000	132.910000	-2.225000	9.031200	1
47.110000	132.950000	-2.224900	9.031000	1
47.074000	132.990000	-2.224700	9.031100	1
47.039000	133.030000	-1.208300	9.031200	1
47.004000	133.060000	-1.544600	9.031200	1
46.969000	133.100000	-1.194800	9.031100	1
46.933000	133.140000	-1.545100	9.031100	1
46.898000	133.180000	-1.209100	9.030900	1
46.863000	133.220000	-3.261900	9.031000	1
46.827000	133.260000	-5.000000	9.031000	1
46.792000	133.300000	-3.266200	9.030900	1
48.232000	131.580000	-3.151700	9.785600	1
48.197000	131.620000	-3.155900	9.785700	1
48.163000	131.660000	-2.122400	9.785600	1
48.128000	131.700000	-2.462800	9.785600	1
48.093000	131.740000	-1.093100	9.785600	1
48.059000	131.780000	-0.729690	9.785500	1
48.024000	131.820000	0.299990	9.785500	1
47.989000	131.870000	-0.050502	9.785500	1
47.954000	131.910000	-1.770700	9.785700	1
47.920000	131.950000	-2.108600	9.785400	1
47.885000	131.990000	-2.107400	9.785600	1
47.850000	132.030000	-2.465200	9.785600	1
47.815000	132.070000	-2.121700	9.785500	1
47.780000	132.110000	-2.122000	9.785500	1
47.745000	132.150000	-1.092200	9.785500	1
47.711000	132.190000	-4.533000	9.785600	1
47.676000	132.230000	-2.450600	9.785600	1
47.641000	132.270000	-2.111000	9.785500	1
47.606000	132.310000	-2.127700	9.785400	1
47.571000	132.350000	-2.802000	9.785400	1
47.536000	132.380000	-2.448700	9.785200	1
47.501000	132.420000	0.991150	9.785300	1
47.466000	132.460000	-1.775600	9.785100	1
47.431000	132.500000	-1.095600	9.785200	1
47.396000	132.540000	-0.389310	9.785200	1
47.361000	132.580000	-0.039279	9.785100	1
47.326000	132.620000	-0.729210	9.785100	1
47.291000	132.660000	-2.109300	9.785100	1
47.255000	132.700000	-4.533300	9.785200	1
47.220000	132.740000	-3.843100	9.785200	1
47.185000	132.780000	-2.812800	9.785200	1
47.150000	132.820000	-2.448800	9.785200	1
47.115000	132.860000	-1.754800	9.785300	1
47.080000	132.890000	-1.754700	9.785100	1
47.044000	132.930000	-2.104600	9.785200	1
47.009000	132.970000	-1.414300	9.785300	1
46.974000	133.010000	-1.762000	9.785300	1
46.939000	133.050000	-1.074600	9.785200	1
46.904000	133.090000	-2.118700	9.785100	1
46.868000	133.130000	-3.485500	9.785000	1
46.833000	133.170000	-3.149400	9.785000	1
48.201000	131.530000	-4.303600	10.543000	1
48.167000	131.570000	-2.583700	10.543000	1
48.132000	131.610000	-2.924200	10.543000	1
48.097000	131.650000	-2.584500	10.543000	1
48.063000	131.690000	-2.925000	10.543000	1
48.028000	131.730000	-0.879000	10.543000	1
47.993000	131.770000	-0.876890	10.543000	1
47.958000	131.810000	-0.873190	10.543000	1
47.924000	131.850000	-2.243400	10.543000	1
47.889000	131.890000	-2.593700	10.543000	1
47.854000	131.930000	-3.280400	10.543000	1
47.819000	131.970000	-3.964500	10.543000	1
47.784000	132.010000	-2.244500	10.543000	1
47.750000	132.050000	-3.627400	10.543000	1
47.715000	132.090000	-3.629000	10.543000	1
47.680000	132.130000	-2.595500	10.543000	1
47.645000	132.170000	-2.245800	10.543000	1
47.610000	132.210000	-2.248600	10.543000	1
47.575000	132.250000	-1.552800	10.543000	1
47.540000	132.290000	-1.213100	10.543000	1
47.505000	132.330000	-3.964000	10.543000	1
47.470000	132.370000	-2.247800	10.543000	1
47.435000	132.410000	-2.594400	10.543000	1
47.400000	132.450000	-1.210600	10.543000	1
47.365000	132.490000	-1.214700	10.543000	1
47.330000	132.530000	-0.870900	10.543000	1
47.295000	132.570000	-0.870810	10.543000	1
47.260000	132.610000	-0.184440	10.543000	1
47.225000	132.650000	-0.524330	10.543000	1
47.190000	132.690000	-3.284600	10.543000	1
47.155000	132.720000	-4.654700	10.543000	1
47.120000	132.760000	-3.624400	10.543000	1
47.085000	132.800000	-3.628100	10.543000	1
47.049000	132.840000	-1.903900	10.543000	1
47.014000	132.880000	-1.899900	10.543000	1
46.979000	132.920000	-1.899900	10.543000	1
46.944000	132.960000	-3.283900	10.543000	1
46.909000	133.000000	-2.240100	10.543000	1
46.873000	133.030000	-2.244100	10.543000	1
46.838000	133.070000	-2.594500	10.542000	1
46.803000	133.110000	-2.934700	10.542000	1
46.768000	133.150000	-2.934900	10.542000	1
48.136000	131.510000	-3.534100	11.296000	1
48.101000	131.550000	-2.846800	11.295000	1
48.066000	131.600000	-1.807100	11.295000	1
48.032000	131.640000	-2.505200	11.295000	1
47.997000	131.680000	-3.191900	11.295000	1
47.962000	131.720000	-3.532000	11.295000	1
47.928000	131.760000	-2.165600	11.295000	1
47.893000	131.800000	-1.811900	11.296000	1
47.858000	131.840000	-2.502200	11.295000	1
47.823000	131.880000	-2.856200	11.295000	1
47.789000	131.920000	-3.196400	11.295000	1
47.754000	131.960000	-2.163000	11.295000	1
47.719000	132.000000	-5.600200	11.295000	1
47.684000	132.040000	-3.883900	11.295000	1
47.649000	132.080000	-3.534200	11.295000	1
47.614000	132.120000	-2.850600	11.295000	1
47.580000	132.160000	-2.854700	11.295000	1
47.545000	132.200000	-1.475000	11.295000	1
47.510000	132.240000	-1.811700	11.295000	1
47.475000	132.280000	-2.162100	11.295000	1
47.440000	132.320000	-2.856100	11.295000	1
47.405000	132.360000	-1.470000	11.295000	1
47.370000	132.400000	-1.810300	11.295000	1
47.335000	132.430000	-0.442870	11.295000	1
47.300000	132.470000	-2.503400	11.295000	1
47.265000	132.510000	-0.783300	11.295000	1
47.230000	132.550000	-1.467100	11.295000	1
47.195000	132.590000	-4.573700	11.295000	1
47.160000	132.630000	-3.541000	11.295000	1
47.125000	132.670000	-2.496900	11.295000	1
47.089000	132.710000	-3.193100	11.295000	1
47.054000	132.750000	-3.876800	11.295000	1
47.019000	132.790000	-2.496600	11.295000	1
46.984000	132.830000	-1.806300	11.295000	1
46.949000	132.860000	-1.824000	11.295000	1
46.914000	132.900000	-3.196700	11.295000	1
46.879000	132.940000	-2.492900	11.295000	1
46.843000	132.980000	-3.523100	11.295000	1
46.808000	133.020000	-3.537100	11.295000	1
46.773000	133.060000	-1.463200	11.295000	1
46.738000	133.100000	-3.197500	11.295000	1
48.208000	131.340000	-6.348500	12.050000	1
48.174000	131.380000	-4.630900	12.050000	1
48.139000	131.420000	-2.911200	12.050000	1
48.105000	131.460000	-1.884000	12.050000	1
48.070000	131.500000	-2.909000	12.050000	1
48.035000	131.540000	-2.575500	12.050000	1
48.001000	131.580000	-2.222200	12.050000	1
47.966000	131.620000	-2.572200	12.050000	1
47.931000	131.660000	-3.946200	12.050000	1
47.897000	131.700000	-4.296500	12.050000	1
47.862000	131.740000	-2.226100	12.050000	1
47.827000	131.780000	-2.916400	12.050000	1
47.793000	131.820000	-2.226400	12.050000	1
47.758000	131.860000	-1.530300	12.050000	1
47.723000	131.900000	-3.947200	12.050000	1
47.688000	131.940000	-4.977800	12.050000	1
47.653000	131.980000	-3.253900	12.050000	1
47.619000	132.020000	-3.604600	12.050000	1
47.584000	132.060000	-3.248600	12.050000	1
47.549000	132.100000	-2.912800	12.050000	1
47.514000	132.140000	-0.839070	12.050000	1
47.479000	132.180000	-1.535700	12.050000	1
47.444000	132.220000	-2.912300	12.050000	1
47.409000	132.260000	-2.916300	12.050000	1
47.374000	132.300000	-2.226400	12.050000	1
47.339000	132.340000	-1.190300	12.050000	1
47.304000	132.380000	-0.846700	12.050000	1
47.269000	132.420000	-0.164560	12.050000	1
47.234000	132.460000	-1.194900	12.050000	1
47.199000	132.500000	-2.565400	12.050000	1
47.164000	132.540000	-1.527500	12.050000	1
47.129000	132.580000	-3.247800	12.050000	1
47.094000	132.620000	-2.223600	12.050000	1
47.059000	132.660000	-3.597500	12.050000	1
47.024000	132.690000	-2.217100	12.050000	1
46.989000	132.730000	-1.190700	12.050000	1
46.954000	132.770000	-2.217100	12.050000	1
46.919000	132.810000	-0.836960	12.050000	1
46.883000	132.850000	-2.564900	12.050000	1
46.848000	132.890000	-3.251300	12.050000	1
46.813000	132.930000	-2.565000	12.050000	1
46.778000	132.970000	-3.241600	12.049000	1
46.743000	133.000000	-4.281900	12.049000	1
48.142000	131.320000	-5.354500	12.811000	1
48.108000	131.360000	-3.634600	12.811000	1
48.073000	131.400000	-3.295200	12.811000	1
48.039000	131.450000	-2.598000	12.811000	1
48.004000	131.490000	-1.582300	12.811000	1
47.969000	131.530000	-0.878580	12.811000	1
47.935000	131.570000	-3.296600	12.810000	1
47.900000	131.610000	-1.572900	12.810000	1
47.865000	131.650000	-3.285600	12.810000	1
47.831000	131.690000	-2.255400	12.811000	1
47.796000	131.730000	-2.935800	12.810000	1
47.761000	131.770000	-3.639800	12.810000	1
47.727000	131.810000	-5.014100	12.810000	1
47.692000	131.850000	-6.394900	12.810000	1
47.657000	131.890000	-5.014800	12.810000	1
47.622000	131.930000	-3.640800	12.810000	1
47.587000	131.970000	-2.597200	12.810000	1
47.553000	132.010000	-2.265200	12.811000	1
47.518000	132.050000	-1.914100	12.810000	1
47.483000	132.090000	0.152000	12.810000	1
47.448000	132.130000	-0.888590	12.810000	1
47.413000	132.170000	-4.317000	12.810000	1
47.378000	132.210000	-2.603000	12.810000	1
47.343000	132.250000	-1.907000	12.810000	1
47.308000	132.290000	-0.533210	12.810000	1
47.273000	132.330000	-2.263600	12.810000	1
47.238000	132.370000	-3.288000	12.810000	1
47.203000	132.400000	-3.978300	12.810000	1
47.168000	132.440000	-2.938300	12.810000	1
47.133000	132.480000	-2.598500	12.810000	1
47.098000	132.520000	-2.944800	12.810000	1
47.063000	132.560000	-2.950800	12.810000	1
47.028000	132.600000	-2.940900	12.810000	1
46.993000	132.640000	-3.284600	12.810000	1
46.958000	132.680000	-3.988700	12.810000	1
46.923000	132.720000	-2.594500	12.810000	1
46.888000	132.760000	-1.904500	12.810000	1
46.853000	132.790000	-2.934700	12.810000	1
46.818000	132.830000	-2.594700	12.810000	1
46.782000	132.870000	-3.638900	12.810000	1
46.747000	132.910000	-3.625200	12.810000	1
46.712000	132.950000	-3.285200	12.810000	1
48.042000	131.350000	-4.745700	13.569000	1
48.007000	131.390000	-1.661800	13.569000	1
47.973000	131.430000	-2.012100	13.569000	1
47.938000	131.470000	-4.375300	13.569000	1
47.903000	131.510000	-2.315100	13.569000	1
47.869000	131.550000	-1.978800	13.569000	1
47.834000	131.590000	-2.680300	13.569000	1
47.799000	131.630000	-2.319000	13.569000	1
47.765000	131.670000	-3.009200	13.569000	1
47.730000	131.710000	-4.413400	13.569000	1
47.695000	131.750000	-5.084200	13.569000	1
47.661000	131.790000	-5.063100	13.569000	1
47.626000	131.830000	-2.316500	13.569000	1
47.591000	131.870000	-3.006900	13.569000	1
47.556000	131.910000	-2.317100	13.569000	1
47.521000	131.950000	-2.338800	13.569000	1
47.487000	131.990000	-1.645400	13.569000	1
47.452000	132.030000	-2.318100	13.569000	1
47.417000	132.070000	-1.999700	13.569000	1
47.382000	132.110000	-4.396700	13.569000	1
47.347000	132.150000	-3.034100	13.569000	1
47.312000	132.190000	-2.676600	13.568000	1
47.277000	132.230000	-2.340800	13.568000	1
47.242000	132.270000	-4.061400	13.569000	1
47.207000	132.310000	-4.061800	13.568000	1
47.172000	132.350000	-2.350200	13.568000	1
47.137000	132.390000	-1.647900	13.568000	1
47.102000	132.430000	-1.648100	13.569000	1
47.067000	132.470000	-1.648400	13.568000	1
47.032000	132.510000	-2.674900	13.569000	1
46.997000	132.550000	-2.674800	13.568000	1
46.962000	132.580000	-2.338500	13.569000	1
46.927000	132.620000	-3.368700	13.568000	1
46.892000	132.660000	-2.336200	13.568000	1
46.857000	132.700000	-2.347400	13.568000	1
46.822000	132.740000	-3.025100	13.569000	1
46.787000	132.780000	-3.719200	13.568000	1
46.752000	132.820000	-5.089700	13.568000	1
46.717000	132.860000	-3.365600	13.568000	1
47.976000	131.330000	-3.259200	14.321000	1
47.941000	131.380000	-4.283500	14.321000	1
47.907000	131.420000	-3.267200	14.321000	1
47.872000	131.460000	-1.873500	14.321000	1
47.837000	131.500000	-4.271700	14.321000	1
47.803000	131.540000	-2.551300	14.321000	1
47.768000	131.580000	-3.934100	14.321000	1
47.733000	131.620000	-3.267900	14.321000	1
47.699000	131.660000	-5.652400	14.321000	1
47.664000	131.700000	-3.254400	14.321000	1
47.629000	131.740000	-4.284900	14.321000	1
47.595000	131.780000	-2.892400	14.321000	1
47.560000	131.820000	-3.265600	14.321000	1
47.525000	131.860000	-3.613500	14.321000	1
47.490000	131.900000	-2.890000	14.321000	1
47.455000	131.940000	-2.226300	14.321000	1
47.421000	131.980000	-2.562900	14.321000	1
47.386000	132.020000	-1.546800	14.321000	1
47.351000	132.060000	-4.637600	14.320000	1
47.316000	132.100000	-3.581300	14.320000	1
47.281000	132.140000	-2.585200	14.320000	1
47.246000	132.180000	-3.275400	14.320000	1
47.211000	132.220000	-4.624700	14.320000	1
47.177000	132.260000	-2.892100	14.320000	1
47.142000	132.300000	-3.265100	14.320000	1
47.107000	132.330000	-2.225200	14.320000	1
47.072000	132.370000	-1.552800	14.320000	1
47.037000	132.410000	-2.577000	14.320000	1
47.002000	132.450000	-3.239800	14.320000	1
46.967000	132.490000	-1.553600	14.320000	1
46.931000	132.530000	-2.550100	14.320000	1
46.896000	132.570000	-2.890200	14.320000	1
46.861000	132.610000	-2.917800	14.320000	1
46.826000	132.650000	-3.948000	14.320000	1
46.791000	132.690000	-3.580400	14.320000	1
46.756000	132.720000	-3.920700	14.320000	1
46.721000	132.760000	-4.985000	14.320000	1
47.538000	131.380000	-4.758000	18.117000	1
47.503000	131.420000	-4.752100	18.117000	1
47.469000	131.460000	-4.745100	18.117000	1
47.434000	131.500000	-3.378500	18.117000	1
47.400000	131.540000	-2.674700	18.117000	1
47.365000	131.580000	-3.378800	18.117000	1
47.330000	131.620000	-2.335100	18.117000	1
47.296000	131.660000	-3.033100	18.117000	1
47.261000	131.700000	-4.754200	18.117000	1
47.226000	131.740000	-4.420300	18.116000	1
47.191000	131.780000	-3.380300	18.116000	1
47.157000	131.820000	-4.064500	18.116000	1
47.122000	131.860000	-4.759200	18.116000	1