La	Lo	Sig	Theta	Ice
66.247000	149.810000	-5.274100	-18.184000	1
66.244000	149.920000	-5.960800	-18.185000	1
66.242000	150.030000	-5.273900	-18.185000	1
66.239000	150.140000	-5.273800	-18.185000	1
66.236000	150.240000	-4.583100	-18.185000	1
66.234000	150.350000	-5.624500	-18.185000	1
66.231000	150.460000	-5.605800	-18.185000	1
66.228000	150.570000	-4.596200	-18.185000	1
66.225000	150.680000	-3.906000	-18.185000	1
66.222000	150.790000	-4.238100	-18.185000	1
66.219000	150.900000	-4.241600	-18.185000	1
66.215000	151.000000	-3.891400	-18.185000	1
66.212000	151.110000	-3.547400	-18.185000	1
66.209000	151.220000	-3.564600	-18.185000	1
66.205000	151.330000	-5.282800	-18.185000	1
66.202000	151.440000	-2.874200	-18.185000	1
66.198000	151.550000	-5.619100	-18.185000	1
66.194000	151.660000	-3.898300	-18.185000	1
66.191000	151.760000	-5.604300	-18.185000	1
64.623000	168.170000	-5.314100	-18.184000	1
64.608000	168.270000	-1.160700	-18.184000	1
64.592000	168.360000	-4.945800	-18.184000	1
64.576000	168.460000	-5.625200	-18.184000	1
64.561000	168.550000	-2.881700	-18.184000	1
64.545000	168.650000	-5.317600	-18.184000	1
64.529000	168.740000	-3.908400	-18.184000	1
64.513000	168.840000	-5.300100	-18.184000	1
64.497000	168.930000	-6.662500	-18.184000	1
64.481000	169.030000	-4.594900	-18.184000	1
64.465000	169.120000	-2.881600	-18.184000	1
64.449000	169.220000	-0.131010	-18.184000	1
64.433000	169.310000	-4.260800	-18.184000	1
64.416000	169.410000	-6.704100	-18.184000	1
64.400000	169.500000	-3.911700	-18.184000	1
64.383000	169.600000	-3.571400	-18.184000	1
64.367000	169.690000	1.588700	-18.184000	1
66.191000	150.020000	-5.096200	-17.427000	1
66.188000	150.130000	-5.084900	-17.427000	1
66.186000	150.240000	-4.748100	-17.427000	1
66.183000	150.350000	-4.407900	-17.427000	1
66.180000	150.460000	-4.755100	-17.427000	1
66.177000	150.570000	-4.407300	-17.427000	1
66.174000	150.680000	-4.064400	-17.427000	1
66.171000	150.780000	-2.343600	-17.427000	1
66.168000	150.890000	-3.716300	-17.427000	1
66.165000	151.000000	-4.063700	-17.427000	1
66.161000	151.110000	-3.365800	-17.427000	1
66.158000	151.220000	-4.402300	-17.427000	1
66.154000	151.330000	-3.719600	-17.427000	1
66.151000	151.430000	-3.715700	-17.427000	1
66.147000	151.540000	-4.059500	-17.427000	1
66.143000	151.650000	-4.753600	-17.427000	1
66.140000	151.760000	-5.791200	-17.427000	1
64.544000	168.320000	-6.508200	-17.426000	1
64.528000	168.420000	-3.407100	-17.426000	1
64.512000	168.520000	-1.688100	-17.426000	1
64.497000	168.610000	-4.097600	-17.426000	1
64.481000	168.710000	-4.441300	-17.426000	1
64.465000	168.800000	-6.147300	-17.426000	1
64.449000	168.900000	-7.181500	-17.426000	1
64.433000	168.990000	-4.422700	-17.426000	1
64.417000	169.090000	-4.767300	-17.426000	1
64.401000	169.180000	-5.474800	-17.426000	1
64.384000	169.270000	-6.506300	-17.426000	1
64.368000	169.370000	-0.649550	-17.426000	1
64.352000	169.460000	-2.030900	-17.426000	1
64.335000	169.560000	-4.423000	-17.426000	1
64.319000	169.650000	-0.990410	-17.426000	1
64.480000	168.380000	-0.967330	-16.663000	1
64.464000	168.480000	-4.420900	-16.663000	1
64.448000	168.570000	-5.084900	-16.663000	1
64.433000	168.670000	-5.443800	-16.663000	1
64.417000	168.760000	-6.798400	-16.664000	1
64.401000	168.860000	-7.489000	-16.664000	1
64.385000	168.950000	-6.801900	-16.664000	1
64.369000	169.050000	-6.115500	-16.664000	1
64.353000	169.140000	-7.850500	-16.664000	1
64.336000	169.240000	-6.819400	-16.664000	1
64.320000	169.330000	-5.788800	-16.664000	1
64.304000	169.420000	-3.375100	-16.664000	1
64.287000	169.520000	-5.438400	-16.664000	1
64.271000	169.610000	-7.153100	-16.664000	1
66.082000	150.340000	-2.890100	-15.906000	1
66.079000	150.450000	-3.218800	-15.906000	1
66.076000	150.560000	-4.262400	-15.906000	1
66.073000	150.670000	-3.908600	-15.906000	1
66.070000	150.770000	-4.265900	-15.906000	1
66.067000	150.880000	-4.261800	-15.906000	1
66.064000	150.990000	-2.884900	-15.906000	1
66.060000	151.100000	-3.575000	-15.906000	1
66.057000	151.210000	-4.265100	-15.906000	1
66.053000	151.310000	-3.914800	-15.906000	1
66.050000	151.420000	-3.578400	-15.906000	1
66.046000	151.530000	-4.261100	-15.906000	1
66.043000	151.640000	-4.264900	-15.906000	1
66.039000	151.750000	-4.947700	-15.906000	1
66.035000	151.850000	-5.654200	-15.906000	1
66.031000	151.960000	-6.337100	-15.906000	1
66.027000	152.070000	0.902330	-15.906000	1
66.023000	152.180000	-2.202000	-15.906000	1
66.019000	152.280000	-5.313900	-15.906000	1
66.014000	152.390000	-4.268700	-15.906000	1
66.010000	152.500000	-4.970200	-15.906000	1
64.417000	168.440000	-4.972500	-15.905000	1
64.401000	168.540000	-6.014400	-15.905000	1
64.385000	168.630000	-3.592200	-15.905000	1
64.369000	168.730000	-4.282500	-15.905000	1
64.353000	168.820000	-6.007000	-15.905000	1
64.337000	168.920000	-6.003300	-15.906000	1
64.321000	169.010000	-4.972800	-15.905000	1
64.305000	169.100000	-5.660200	-15.905000	1
64.289000	169.200000	-5.320100	-15.906000	1
64.273000	169.290000	-6.350400	-15.906000	1
64.256000	169.390000	-7.384600	-15.906000	1
64.240000	169.480000	-7.033400	-15.905000	1
64.224000	169.570000	-6.696900	-15.905000	1
64.369000	168.410000	-1.902500	-15.149000	1
64.354000	168.500000	-4.663400	-15.149000	1
64.338000	168.600000	-2.935300	-15.149000	1
64.322000	168.690000	-3.604300	-15.149000	1
64.306000	168.780000	-5.693600	-15.149000	1
64.290000	168.880000	-3.275400	-15.149000	1
64.274000	168.970000	-6.376400	-15.149000	1
64.258000	169.070000	-4.640700	-15.149000	1
64.242000	169.160000	-5.678400	-15.149000	1
64.226000	169.250000	-6.018500	-15.149000	1
64.210000	169.350000	-7.391600	-15.149000	1
64.193000	169.440000	-6.018300	-15.149000	1
64.177000	169.540000	-6.368400	-15.149000	1
65.983000	150.340000	-4.117400	-14.396000	1
65.980000	150.440000	-5.493800	-14.396000	1
65.977000	150.550000	-4.116800	-14.396000	1
65.974000	150.660000	-3.758900	-14.396000	1
65.971000	150.770000	-2.735800	-14.396000	1
65.968000	150.870000	-4.115900	-14.396000	1
65.965000	150.980000	-3.081700	-14.396000	1
65.961000	151.090000	-2.391400	-14.396000	1
65.958000	151.200000	-5.142100	-14.396000	1
65.955000	151.300000	-4.805500	-14.396000	1
65.951000	151.410000	-5.145600	-14.396000	1
65.947000	151.520000	-4.801800	-14.395000	1
64.291000	168.560000	-2.083600	-14.395000	1
64.275000	168.650000	-1.049700	-14.395000	1
64.260000	168.750000	-1.399700	-14.395000	1
64.244000	168.840000	-5.853300	-14.395000	1
64.228000	168.940000	-6.884000	-14.395000	1
64.212000	169.030000	-6.887700	-14.395000	1
64.196000	169.120000	-5.853200	-14.395000	1
64.179000	169.220000	-5.169000	-14.395000	1
64.163000	169.310000	-6.199300	-14.395000	1
64.147000	169.400000	-4.828800	-14.395000	1
64.130000	169.500000	-6.192700	-14.395000	1
64.307000	168.140000	-5.159200	-13.637000	1
64.292000	168.240000	-2.058500	-13.637000	1
64.276000	168.330000	-5.857200	-13.637000	1
64.260000	168.430000	-4.469200	-13.637000	1
64.245000	168.520000	-4.126800	-13.637000	1
64.229000	168.620000	-1.379900	-13.637000	1
64.213000	168.710000	-4.465600	-13.637000	1
64.197000	168.810000	-5.843500	-13.638000	1
64.181000	168.900000	-5.493300	-13.637000	1
64.165000	168.990000	-5.155700	-13.637000	1
64.149000	169.090000	-5.493200	-13.638000	1
64.133000	169.180000	-4.130200	-13.638000	1
64.117000	169.270000	-7.213700	-13.638000	1
64.100000	169.370000	-5.152700	-13.637000	1
64.084000	169.460000	-3.778500	-13.637000	1
64.245000	168.200000	-1.382900	-12.878000	1
64.230000	168.300000	-4.118400	-12.878000	1
64.214000	168.390000	-4.118600	-12.878000	1
64.198000	168.490000	-5.156400	-12.878000	1
64.182000	168.580000	-6.171800	-12.878000	1
64.167000	168.680000	-4.441200	-12.878000	1
64.151000	168.770000	-4.808700	-12.878000	1
64.135000	168.860000	-4.119200	-12.878000	1
64.119000	168.960000	-2.058800	-12.878000	1
64.103000	169.050000	0.011635	-12.878000	1
64.087000	169.140000	-4.813000	-12.878000	1
64.070000	169.240000	-5.495600	-12.878000	1
64.054000	169.330000	-5.821700	-12.878000	1
64.038000	169.420000	-4.787500	-12.878000	1
65.833000	150.430000	-5.406100	-12.118000	1
65.830000	150.540000	-4.361800	-12.118000	1
65.827000	150.650000	-4.379100	-12.118000	1
65.824000	150.750000	-3.682400	-12.118000	1
65.821000	150.860000	-2.318100	-12.119000	1
65.818000	150.970000	-3.344400	-12.118000	1
65.815000	151.070000	-4.360600	-12.118000	1
65.811000	151.180000	0.096339	-12.118000	1
65.808000	151.290000	-2.640100	-12.118000	1
65.804000	151.390000	-4.360400	-12.118000	1
65.801000	151.500000	-4.034100	-12.118000	1
65.797000	151.610000	-4.700500	-12.118000	1
65.793000	151.710000	-4.037700	-12.118000	1
65.789000	151.820000	-3.687700	-12.118000	1
65.785000	151.930000	-3.002600	-12.118000	1
65.781000	152.030000	-3.341400	-12.118000	1
65.777000	152.140000	-5.076900	-12.118000	1
64.276000	167.700000	-3.363500	-12.118000	1
64.260000	167.790000	-3.705100	-12.118000	1
64.245000	167.880000	-2.689000	-12.118000	1
64.230000	167.980000	-3.698200	-12.118000	1
64.214000	168.070000	-3.023400	-12.118000	1
64.199000	168.170000	-1.641900	-12.118000	1
64.183000	168.260000	-3.698600	-12.118000	1
64.168000	168.360000	-5.407700	-12.118000	1
64.152000	168.450000	-4.041300	-12.118000	1
64.136000	168.550000	-4.735200	-12.118000	1
64.120000	168.640000	-3.704900	-12.118000	1
64.105000	168.730000	-1.280700	-12.118000	1
64.089000	168.830000	-1.982100	-12.118000	1
64.073000	168.920000	-3.687500	-12.118000	1
64.057000	169.010000	-1.276900	-12.118000	1
64.041000	169.110000	-1.982000	-12.118000	1
64.024000	169.200000	-1.641800	-12.118000	1
64.008000	169.290000	-5.426300	-12.118000	1
63.992000	169.390000	-4.380700	-12.118000	1
65.788000	150.320000	-3.310800	-11.365000	1
65.785000	150.430000	-4.000700	-11.365000	1
65.782000	150.530000	-3.996600	-11.365000	1
65.779000	150.640000	-3.996400	-11.365000	1
65.776000	150.750000	-5.720500	-11.365000	1
65.773000	150.850000	-2.275500	-11.365000	1
65.770000	150.960000	-3.305600	-11.365000	1
65.767000	151.070000	-3.305300	-11.365000	1
65.763000	151.170000	-2.279000	-11.365000	1
65.760000	151.280000	-2.278800	-11.365000	1
65.756000	151.390000	-0.554690	-11.365000	1
65.753000	151.490000	-3.655300	-11.365000	1
65.749000	151.600000	-3.998900	-11.365000	1
65.745000	151.710000	-5.025400	-11.365000	1
65.741000	151.810000	-3.662700	-11.364000	1
65.737000	151.920000	0.127800	-11.364000	1
65.733000	152.030000	-1.942400	-11.364000	1
65.729000	152.130000	-2.980200	-11.364000	1
65.725000	152.240000	-5.723200	-11.365000	1
65.721000	152.350000	-0.587330	-11.364000	1
65.717000	152.450000	-0.584820	-11.365000	1
65.712000	152.560000	-5.744600	-11.365000	1
65.708000	152.660000	-5.387000	-11.365000	1
65.703000	152.770000	-4.714500	-11.365000	1
64.199000	167.850000	-2.662100	-11.364000	1
64.184000	167.950000	-2.291000	-11.364000	1
64.169000	168.040000	-2.648800	-11.364000	1
64.153000	168.130000	-2.666500	-11.364000	1
64.138000	168.230000	-1.608900	-11.364000	1
64.122000	168.320000	-1.958900	-11.364000	1
64.106000	168.420000	-0.238820	-11.364000	1
64.091000	168.510000	-2.645400	-11.364000	1
64.075000	168.600000	-0.592640	-11.364000	1
64.059000	168.700000	-0.600060	-11.364000	1
64.043000	168.790000	-0.911280	-11.364000	1
64.027000	168.880000	-4.702000	-11.364000	1
64.011000	168.980000	-1.265100	-11.364000	1
63.995000	169.070000	-2.295100	-11.364000	1
63.979000	169.160000	-3.321300	-11.364000	1
63.963000	169.260000	-1.264600	-11.364000	1
63.946000	169.350000	-0.234390	-11.364000	1
64.259000	167.150000	-3.626400	-10.604000	1
64.244000	167.250000	-4.320800	-10.603000	1
64.229000	167.340000	-0.190690	-10.603000	1
64.214000	167.440000	-1.932500	-10.603000	1
64.199000	167.530000	-1.214000	-10.603000	1
64.184000	167.630000	-1.589400	-10.603000	1
64.169000	167.720000	-1.568400	-10.603000	1
64.153000	167.820000	-0.882240	-10.603000	1
64.138000	167.910000	0.133800	-10.603000	1
64.123000	168.000000	-1.244100	-10.603000	1
64.107000	168.100000	-2.953100	-10.603000	1
64.092000	168.190000	-4.323500	-10.603000	1
64.076000	168.290000	-3.972100	-10.603000	1
64.061000	168.380000	-0.879220	-10.603000	1
64.045000	168.470000	-0.181620	-10.603000	1
64.029000	168.570000	-0.539190	-10.603000	1
64.013000	168.660000	0.147170	-10.604000	1
63.997000	168.760000	0.504710	-10.603000	1
63.981000	168.850000	-1.590500	-10.603000	1
65.692000	150.310000	-3.248200	-9.847700	1
65.689000	150.420000	-3.930600	-9.847500	1
65.686000	150.530000	-3.924000	-9.847800	1
65.683000	150.630000	-3.250100	-9.847600	1
65.680000	150.740000	-3.923700	-9.847600	1
65.677000	150.850000	-3.929600	-9.847900	1
65.674000	150.950000	-2.896900	-9.847500	1
65.670000	151.060000	-2.892900	-9.847800	1
65.667000	151.160000	-3.583100	-9.847500	1
65.664000	151.270000	-1.516400	-9.847700	1
65.660000	151.380000	-2.896300	-9.847800	1
65.656000	151.480000	-3.242600	-9.847500	1
65.653000	151.590000	-5.303100	-9.847600	1
64.015000	168.350000	-0.509260	-9.847100	1
64.000000	168.440000	0.864570	-9.847100	1
63.984000	168.530000	2.240900	-9.847100	1
63.968000	168.630000	2.258500	-9.847300	1
63.952000	168.720000	2.244700	-9.847200	1
63.936000	168.810000	1.554700	-9.847100	1
63.920000	168.910000	1.211100	-9.847400	1
63.904000	169.000000	0.187220	-9.847300	1
63.888000	169.090000	-4.310600	-9.847400	1
63.872000	169.180000	-2.228800	-9.847200	1
63.856000	169.280000	-2.578700	-9.847100	1
65.644000	150.310000	-1.543800	-9.093200	1
65.641000	150.420000	-2.937600	-9.093100	1
65.639000	150.520000	-3.971100	-9.093300	1
65.636000	150.630000	-3.613400	-9.093200	1
65.633000	150.730000	-4.293400	-9.093200	1
65.629000	150.840000	-2.586500	-9.093400	1
65.626000	150.950000	-3.262800	-9.093100	1
65.623000	151.050000	-3.952600	-9.093300	1
65.620000	151.160000	-0.852320	-9.093000	1
65.616000	151.260000	-4.642500	-9.093200	1
65.613000	151.370000	-1.882000	-9.093300	1
65.609000	151.480000	-2.936000	-9.093000	1
65.605000	151.580000	-3.618400	-9.093100	1
65.602000	151.690000	-3.283300	-9.093300	1
65.598000	151.790000	-6.012700	-9.092900	1
65.594000	151.900000	-3.625900	-9.093000	1
65.590000	152.010000	-2.593200	-9.092900	1
65.586000	152.110000	-0.869320	-9.092800	1
65.582000	152.220000	-4.663500	-9.093000	1
65.578000	152.320000	-3.633300	-9.092900	1
65.573000	152.430000	0.500900	-9.093000	1
65.569000	152.530000	-4.670900	-9.093100	1
64.001000	168.120000	-1.908900	-9.092500	1
63.986000	168.220000	-0.538750	-9.092500	1
63.970000	168.310000	0.155070	-9.092700	1
63.955000	168.400000	1.871400	-9.092600	1
63.939000	168.500000	1.871400	-9.092600	1
63.923000	168.590000	3.251600	-9.092900	1
63.907000	168.680000	2.561600	-9.092800	1
63.891000	168.780000	-3.971500	-9.092700	1
63.875000	168.870000	-0.542170	-9.093000	1
63.859000	168.960000	1.871700	-9.092800	1
63.843000	169.060000	2.898200	-9.092900	1
63.827000	169.150000	-0.195540	-9.092800	1
63.811000	169.240000	1.174700	-9.092700	1
65.614000	149.560000	-3.323600	-8.336600	1
65.612000	149.670000	-4.353500	-8.336700	1
65.610000	149.780000	-4.699800	-8.336300	1
65.607000	149.880000	-4.019400	-8.336600	1
65.605000	149.990000	-2.281600	-8.336700	1
65.602000	150.090000	-2.975200	-8.336500	1
65.600000	150.200000	-3.321200	-8.336800	1
65.597000	150.310000	-2.630800	-8.336800	1
65.594000	150.410000	-2.634400	-8.336700	1
65.591000	150.520000	-4.014300	-8.336900	1
65.588000	150.620000	-3.320300	-8.336800	1
65.585000	150.730000	-2.970000	-8.336800	1
65.582000	150.840000	0.116800	-8.337000	1
65.579000	150.940000	-3.323400	-8.336700	1
65.576000	151.050000	-2.973100	-8.336900	1
65.572000	151.150000	-1.935600	-8.336600	1
65.569000	151.260000	-2.969200	-8.336800	1
65.565000	151.360000	-1.942700	-8.336900	1
65.562000	151.470000	-3.662900	-8.336600	1
63.972000	168.000000	-0.568780	-8.336100	1
63.956000	168.090000	-0.228770	-8.336100	1
63.941000	168.180000	1.151300	-8.336100	1
63.925000	168.280000	2.181400	-8.336300	1
63.910000	168.370000	2.871400	-8.336200	1
63.894000	168.460000	3.561400	-8.336200	1
63.878000	168.560000	2.515300	-8.336500	1
63.862000	168.650000	1.151500	-8.336400	1
63.846000	168.740000	0.455200	-8.336300	1
63.831000	168.840000	1.491700	-8.336600	1
63.815000	168.930000	1.485500	-8.336400	1
63.799000	169.020000	1.828200	-8.336500	1
63.782000	169.110000	2.522100	-8.336400	1
63.766000	169.210000	4.578600	-8.336300	1
65.565000	149.670000	-4.710100	-7.580000	1
65.562000	149.770000	-3.318800	-7.579600	1
65.560000	149.880000	-3.672300	-7.579800	1
65.557000	149.980000	-3.304600	-7.579900	1
65.555000	150.090000	-2.288100	-7.579800	1
65.552000	150.200000	-2.614000	-7.580000	1
65.550000	150.300000	-1.933700	-7.580100	1
65.547000	150.410000	-2.287300	-7.579900	1
65.544000	150.510000	-1.596900	-7.580200	1
65.541000	150.620000	-2.963200	-7.580000	1
65.538000	150.720000	-2.963000	-7.580000	1
65.535000	150.830000	-3.302800	-7.580200	1
65.531000	150.940000	-2.962700	-7.579900	1
65.528000	151.040000	-2.626100	-7.580200	1
65.525000	151.150000	-2.962500	-7.579800	1
65.521000	151.250000	-0.558280	-7.580100	1
65.518000	151.360000	-2.289400	-7.580100	1
65.514000	151.460000	-2.629500	-7.579900	1
65.511000	151.570000	-4.005900	-7.579900	1
65.507000	151.680000	-4.359400	-7.580100	1
63.911000	168.060000	1.134600	-7.579400	1
63.896000	168.150000	2.862100	-7.579400	1
63.880000	168.240000	3.892200	-7.579600	1
63.865000	168.340000	3.892200	-7.579500	1
63.849000	168.430000	3.888500	-7.579500	1
63.833000	168.520000	2.858600	-7.579700	1
63.818000	168.610000	2.518600	-7.579600	1
63.802000	168.710000	1.142300	-7.579600	1
63.786000	168.800000	2.518900	-7.579800	1
63.770000	168.890000	1.492600	-7.579700	1
63.754000	168.990000	3.205400	-7.579800	1
63.738000	169.080000	3.889300	-7.579700	1
63.722000	169.170000	4.925800	-7.579600	1
65.524000	149.350000	-0.321470	-6.825500	1
65.522000	149.450000	-2.037800	-6.825400	1
65.520000	149.560000	-0.310150	-6.825400	1
65.518000	149.660000	-2.720100	-6.825600	1
65.515000	149.770000	-3.410200	-6.825200	1
65.513000	149.870000	-1.696100	-6.825400	1
65.510000	149.980000	-2.726000	-6.825500	1
65.508000	150.090000	-3.065900	-6.825300	1
65.505000	150.190000	-1.695400	-6.825600	1
65.503000	150.300000	-1.688900	-6.825600	1
65.500000	150.400000	-1.345000	-6.825500	1
65.497000	150.510000	-2.371000	-6.825700	1
65.494000	150.610000	-1.688300	-6.825600	1
65.491000	150.720000	-3.414600	-6.825600	1
65.488000	150.830000	-4.104300	-6.825800	1
65.485000	150.930000	-2.724200	-6.825500	1
65.481000	151.040000	-2.033800	-6.825800	1
65.478000	151.140000	-3.747800	-6.825400	1
65.474000	151.250000	-1.693600	-6.825600	1
65.471000	151.350000	-1.693400	-6.825700	1
65.467000	151.460000	-2.019800	-6.825400	1
65.464000	151.560000	-3.063500	-6.825500	1
65.460000	151.670000	-3.057000	-6.825700	1
65.456000	151.770000	-2.383400	-6.825300	1
65.452000	151.880000	-1.694200	-6.825500	1
65.448000	151.980000	-3.060700	-6.825300	1
65.444000	152.090000	-0.660460	-6.825300	1
65.440000	152.190000	0.719720	-6.825400	1
65.436000	152.300000	2.436000	-6.825400	1
65.432000	152.400000	-4.461900	-6.825300	1
65.427000	152.510000	-1.690300	-6.825500	1
65.423000	152.620000	-4.103400	-6.825400	1
63.836000	168.210000	3.124400	-6.825100	1
63.820000	168.300000	4.840800	-6.825100	1
63.805000	168.390000	3.120700	-6.825100	1
63.789000	168.490000	2.777200	-6.825300	1
63.773000	168.580000	2.780900	-6.825200	1
63.757000	168.670000	4.151000	-6.825100	1
63.741000	168.770000	4.841300	-6.825400	1
63.725000	168.860000	4.505000	-6.825200	1
63.709000	168.950000	2.777700	-6.825400	1
63.693000	169.040000	3.465300	-6.825300	1
63.677000	169.130000	2.781800	-6.825100	1
65.468000	149.770000	-2.997700	-6.070400	1
65.466000	149.870000	-2.997500	-6.070500	1
65.464000	149.980000	-2.993600	-6.070700	1
65.461000	150.080000	-2.997200	-6.070500	1
65.458000	150.190000	-1.616700	-6.070800	1
65.456000	150.290000	-1.272800	-6.070800	1
65.453000	150.400000	-1.952700	-6.070700	1
65.450000	150.500000	-0.922340	-6.070900	1
65.447000	150.610000	-0.925910	-6.070800	1
65.444000	150.720000	0.798010	-6.070800	1
65.441000	150.820000	-1.611800	-6.071000	1
65.438000	150.930000	-1.271800	-6.070700	1
65.434000	151.030000	-1.951500	-6.071000	1
65.431000	151.140000	-2.991700	-6.070500	1
65.428000	151.240000	-2.991400	-6.070800	1
65.424000	151.350000	0.108970	-6.070900	1
65.421000	151.450000	-2.301200	-6.070600	1
65.417000	151.560000	-2.301100	-6.070700	1
65.413000	151.660000	-3.670900	-6.070900	1
65.409000	151.770000	-2.308300	-6.070500	1
65.405000	151.870000	1.478400	-6.070700	1
65.402000	151.980000	-3.678200	-6.070500	1
65.398000	152.080000	-1.278000	-6.070500	1
65.393000	152.190000	1.822200	-6.070600	1
65.389000	152.290000	0.792180	-6.070600	1
65.385000	152.400000	1.818500	-6.070500	1
65.381000	152.500000	-0.230440	-6.070700	1
65.376000	152.610000	-2.644400	-6.070600	1
63.914000	167.110000	-2.002900	-5.315000	1
63.899000	167.210000	1.433400	-5.315200	1
63.884000	167.300000	2.463100	-5.315100	1
63.869000	167.390000	3.846500	-5.315100	1
63.854000	167.490000	5.912600	-5.315000	1
63.839000	167.580000	7.282500	-5.315100	1
63.824000	167.670000	4.872400	-5.315200	1
63.808000	167.770000	3.842100	-5.315000	1
63.793000	167.860000	4.875600	-5.315000	1
63.778000	167.950000	5.221900	-5.315000	1
63.762000	168.050000	5.911800	-5.315000	1
63.747000	168.140000	5.225500	-5.315200	1
63.731000	168.230000	3.505500	-5.315100	1
63.716000	168.330000	6.255500	-5.315100	1
63.700000	168.420000	6.942200	-5.315400	1
63.685000	168.510000	4.192100	-5.315300	1
63.669000	168.600000	5.562200	-5.315200	1
63.653000	168.700000	5.912500	-5.315400	1
63.637000	168.790000	6.252600	-5.315300	1
63.621000	168.880000	5.559200	-5.315400	1
63.605000	168.970000	4.865700	-5.315300	1
63.589000	169.060000	4.872200	-5.315200	1
65.384000	149.340000	-0.111150	-4.560500	1
65.382000	149.440000	-2.174100	-4.560400	1
65.380000	149.550000	-2.170400	-4.560400	1
65.377000	149.650000	-3.200200	-4.560600	1
65.375000	149.760000	-2.506700	-4.560200	1
65.373000	149.860000	-0.436360	-4.560300	1
65.370000	149.970000	-0.096119	-4.560400	1
65.367000	150.070000	-0.786020	-4.560400	1
65.365000	150.180000	-1.125700	-4.560600	1
65.362000	150.280000	-1.472000	-4.560600	1
65.359000	150.390000	-0.781860	-4.560500	1
65.356000	150.500000	-1.121500	-4.560700	1
65.354000	150.600000	-0.781400	-4.560600	1
65.350000	150.710000	-1.124800	-4.560600	1
65.347000	150.810000	-1.121000	-4.560800	1
65.344000	150.910000	-1.121000	-4.560500	1
65.341000	151.020000	0.249410	-4.560800	1
65.338000	151.120000	1.289300	-4.560300	1
65.334000	151.230000	-0.430420	-4.560600	1
65.331000	151.330000	-0.430240	-4.560600	1
65.327000	151.440000	-1.120300	-4.560400	1
65.324000	151.540000	1.290000	-4.560500	1
65.320000	151.650000	-2.170500	-4.560700	1
65.316000	151.750000	-2.843700	-4.560300	1
65.312000	151.860000	-1.480400	-4.560500	1
65.308000	151.960000	2.313200	-4.560200	1
63.764000	167.730000	4.714500	-4.560000	1
63.749000	167.830000	5.744300	-4.560000	1
63.734000	167.920000	7.124300	-4.560000	1
63.718000	168.010000	7.464100	-4.560000	1
63.703000	168.110000	6.087800	-4.560200	1
63.687000	168.200000	1.950700	-4.560100	1
63.672000	168.290000	4.710700	-4.560100	1
63.656000	168.380000	6.434500	-4.560400	1
63.640000	168.480000	7.461000	-4.560300	1
63.625000	168.570000	6.774600	-4.560200	1
63.609000	168.660000	6.084900	-4.560400	1
63.593000	168.750000	4.711400	-4.560300	1
63.577000	168.850000	6.081700	-4.560400	1
63.561000	168.940000	2.634700	-4.560300	1
63.545000	169.030000	5.048400	-4.560200	1
63.735000	167.610000	5.139600	-3.804300	1
63.720000	167.700000	6.172700	-3.804100	1
63.705000	167.790000	6.859100	-3.804100	1
63.689000	167.890000	8.239100	-3.804100	1
63.674000	167.980000	8.928900	-3.804100	1
63.659000	168.070000	6.859100	-3.804300	1
63.643000	168.170000	6.859000	-3.804200	1
63.628000	168.260000	7.195600	-3.804200	1
63.612000	168.350000	8.239300	-3.804500	1
63.596000	168.440000	7.889300	-3.804400	1
63.581000	168.530000	7.199400	-3.804300	1
63.565000	168.630000	6.166300	-3.804500	1
63.549000	168.720000	4.102800	-3.804400	1
63.533000	168.810000	7.543200	-3.804500	1
63.517000	168.900000	3.416700	-3.804500	1
63.501000	168.990000	-2.440300	-3.804300	1
65.279000	149.860000	-0.018056	-3.048200	1
65.277000	149.960000	0.322200	-3.048300	1
65.274000	150.070000	-0.017665	-3.048300	1
65.272000	150.170000	-1.384100	-3.048400	1
65.269000	150.280000	-0.707220	-3.048400	1
65.266000	150.380000	0.676220	-3.048300	1
65.263000	150.490000	1.013300	-3.048600	1
65.260000	150.590000	2.746700	-3.048500	1
65.257000	150.690000	3.776800	-3.048400	1
65.254000	150.800000	3.087100	-3.048600	1
65.251000	150.900000	3.087100	-3.048400	1
65.248000	151.010000	2.747500	-3.048600	1
65.244000	151.110000	1.717200	-3.048200	1
65.241000	151.220000	1.367600	-3.048500	1
65.238000	151.320000	3.087900	-3.048500	1
65.234000	151.430000	0.677860	-3.048300	1
65.230000	151.530000	3.778100	-3.048300	1
65.227000	151.640000	5.848400	-3.048500	1
65.223000	151.740000	3.088200	-3.048100	1
65.219000	151.840000	5.848600	-3.048400	1
63.706000	167.480000	7.883400	-3.048000	1
63.691000	167.580000	7.196700	-3.048100	1
63.676000	167.670000	6.503100	-3.047900	1
63.660000	167.760000	5.472900	-3.047900	1
63.645000	167.850000	7.882900	-3.047900	1
63.630000	167.950000	8.236000	-3.047900	1
63.614000	168.040000	7.882800	-3.048100	1
63.599000	168.130000	7.192800	-3.048000	1
63.583000	168.220000	7.196100	-3.048000	1
63.568000	168.320000	8.913100	-3.048200	1
63.552000	168.410000	6.503100	-3.048200	1
63.536000	168.500000	8.233100	-3.048100	1
63.521000	168.590000	9.263500	-3.048300	1
63.505000	168.680000	5.820200	-3.048200	1
63.489000	168.780000	6.163900	-3.048300	1
63.473000	168.870000	2.720800	-3.048300	1
63.457000	168.960000	0.657610	-3.048100	1
65.230000	149.960000	-0.219820	-2.296700	1
65.228000	150.060000	0.470330	-2.296600	1
65.225000	150.170000	2.193800	-2.296800	1
65.223000	150.270000	1.503900	-2.296800	1
65.220000	150.380000	1.850800	-2.296700	1
65.217000	150.480000	3.221200	-2.296900	1
65.214000	150.590000	5.631300	-2.296900	1
65.211000	150.690000	2.881300	-2.296800	1
65.208000	150.790000	6.321700	-2.297000	1
65.205000	150.900000	3.221600	-2.296800	1
65.201000	151.000000	2.531900	-2.297000	1
65.198000	151.110000	2.881800	-2.296600	1
65.195000	151.210000	3.572200	-2.296800	1
65.191000	151.320000	4.602400	-2.296800	1
65.188000	151.420000	3.572400	-2.296700	1
65.184000	151.520000	4.602600	-2.296700	1
65.180000	151.630000	4.252900	-2.296900	1
65.177000	151.730000	5.292800	-2.296500	1
65.173000	151.840000	4.253100	-2.296800	1
65.169000	151.940000	0.122970	-2.296400	1
63.692000	167.260000	3.212000	-2.296400	1
63.677000	167.360000	8.031800	-2.296300	1
63.662000	167.450000	8.724800	-2.296300	1
63.647000	167.540000	9.061600	-2.296500	1
63.632000	167.640000	8.371300	-2.296200	1
63.616000	167.730000	9.751100	-2.296200	1
63.601000	167.820000	8.724200	-2.296300	1
63.586000	167.910000	7.344000	-2.296300	1
63.571000	168.010000	8.374100	-2.296500	1
63.555000	168.100000	6.311000	-2.296400	1
63.540000	168.190000	7.691000	-2.296300	1
63.524000	168.280000	8.031300	-2.296600	1
63.508000	168.370000	7.004400	-2.296500	1
63.493000	168.470000	7.341300	-2.296400	1
63.477000	168.560000	5.281700	-2.296700	1
63.461000	168.650000	1.838700	-2.296600	1
63.445000	168.740000	3.559100	-2.296700	1
63.429000	168.830000	5.959500	-2.296700	1
63.413000	168.920000	5.279600	-2.296500	1
65.184000	149.950000	0.653880	-1.541500	1
65.181000	150.060000	0.996930	-1.541500	1
65.179000	150.160000	2.717200	-1.541600	1
65.176000	150.270000	4.097300	-1.541600	1
65.173000	150.370000	2.377400	-1.541500	1
65.170000	150.480000	2.377700	-1.541800	1
65.168000	150.580000	5.127800	-1.541700	1
65.165000	150.680000	7.537900	-1.541600	1
65.161000	150.790000	5.128200	-1.541800	1
65.158000	150.890000	6.508200	-1.541700	1
65.155000	151.000000	5.818500	-1.541800	1
65.152000	151.100000	3.748400	-1.541400	1
65.148000	151.210000	4.098700	-1.541600	1
65.145000	151.310000	6.158900	-1.541700	1
65.141000	151.410000	5.469000	-1.541500	1
65.138000	151.520000	4.439200	-1.541500	1
65.134000	151.620000	6.159500	-1.541700	1
65.130000	151.730000	6.849400	-1.541400	1
65.126000	151.830000	8.919800	-1.541600	1
65.122000	151.930000	-1.750400	-1.541300	1
63.633000	167.320000	8.218900	-1.541100	1
63.618000	167.420000	10.282000	-1.541200	1
63.603000	167.510000	10.632000	-1.541300	1
63.588000	167.600000	10.281000	-1.541100	1
63.572000	167.700000	10.281000	-1.541100	1
63.557000	167.790000	9.941100	-1.541200	1
63.542000	167.880000	8.911000	-1.541100	1
63.526000	167.970000	8.561000	-1.541300	1
63.511000	168.060000	7.188000	-1.541300	1
63.496000	168.160000	6.498100	-1.541200	1
63.480000	168.250000	9.251400	-1.541500	1
63.464000	168.340000	5.118500	-1.541400	1
63.449000	168.430000	6.498700	-1.541300	1
63.433000	168.520000	7.189000	-1.541500	1
63.417000	168.620000	7.189200	-1.541400	1
63.401000	168.710000	5.459600	-1.541500	1
63.385000	168.800000	6.839900	-1.541500	1
63.370000	168.890000	4.087200	-1.541300	1
65.153000	149.220000	0.235960	-0.792650	1
65.151000	149.320000	9.866200	-0.792820	1
65.149000	149.430000	6.088900	-0.792680	1
65.147000	149.530000	5.739000	-0.792710	1
65.145000	149.640000	1.609200	-0.792890	1
65.143000	149.740000	3.679300	-0.792570	1
65.140000	149.850000	5.399500	-0.792560	1
65.138000	149.950000	4.032500	-0.792730	1
65.135000	150.050000	4.032600	-0.792690	1
65.133000	150.160000	5.062800	-0.792820	1
65.130000	150.260000	3.002900	-0.792830	1
65.127000	150.370000	3.693000	-0.792750	1
65.124000	150.470000	5.413200	-0.792980	1
65.121000	150.580000	6.443400	-0.792940	1
65.118000	150.680000	5.753500	-0.792830	1
65.115000	150.780000	7.133700	-0.793030	1
65.112000	150.890000	8.513800	-0.792880	1
65.109000	150.990000	8.164000	-0.793050	1
65.105000	151.100000	5.064000	-0.792650	1
65.102000	151.200000	6.104300	-0.792830	1
65.099000	151.300000	6.444500	-0.792890	1
65.095000	151.410000	5.754600	-0.792710	1
65.091000	151.510000	7.824800	-0.792700	1
65.088000	151.610000	7.475100	-0.792890	1
65.084000	151.720000	9.195100	-0.792580	1
65.080000	151.820000	6.105400	-0.792820	1
65.076000	151.930000	8.165400	-0.792500	1
63.618000	167.110000	3.322100	-0.792370	1
63.604000	167.200000	9.522000	-0.792410	1
63.589000	167.290000	9.174500	-0.792350	1
63.574000	167.380000	9.864300	-0.792330	1
63.559000	167.480000	9.864300	-0.792510	1
63.544000	167.570000	12.964000	-0.792310	1
63.528000	167.660000	12.964000	-0.792290	1
63.513000	167.750000	12.274000	-0.792390	1
63.498000	167.850000	9.526900	-0.792330	1
63.483000	167.940000	10.557000	-0.792530	1
63.467000	168.030000	12.967000	-0.792490	1
63.452000	168.120000	11.587000	-0.792390	1
63.436000	168.210000	10.217000	-0.792690	1
63.421000	168.310000	11.938000	-0.792630	1
63.405000	168.400000	10.908000	-0.792520	1
63.389000	168.490000	7.808000	-0.792710	1
63.374000	168.580000	8.148200	-0.792640	1
63.358000	168.670000	6.085900	-0.792720	1
65.075000	150.570000	7.262200	0.118420	1
65.072000	150.670000	14.492000	0.118120	1
65.069000	150.780000	10.023000	0.118560	1
65.066000	150.880000	10.363000	0.118220	1
65.063000	150.990000	6.232800	0.118270	1
65.059000	151.090000	12.433000	0.118400	1
65.056000	151.190000	10.363000	0.118030	1
65.053000	151.300000	9.673400	0.118340	1
65.049000	151.400000	11.054000	0.118240	1
65.045000	151.500000	8.643800	0.117960	1
65.042000	151.610000	10.714000	0.118380	1
65.038000	151.710000	11.744000	0.118000	1
65.034000	151.810000	11.054000	0.117960	1
65.030000	151.920000	16.285000	0.118210	1
65.026000	152.020000	7.614700	0.117820	1
65.022000	152.130000	-2.710600	0.118180	1
65.018000	152.230000	-3.743200	0.118240	1
63.574000	167.070000	5.204600	0.117910	1
63.560000	167.170000	6.584400	0.117580	1
63.545000	167.260000	10.364000	0.117970	1
63.530000	167.350000	8.984200	0.117710	1
63.515000	167.440000	8.986700	0.117700	1
63.500000	167.540000	9.336600	0.117940	1
63.485000	167.630000	12.436000	0.117540	1
63.470000	167.720000	13.806000	0.117850	1
63.454000	167.810000	11.396000	0.117970	1
63.439000	167.910000	12.776000	0.117770	1
63.424000	168.000000	10.716000	0.118150	1
63.408000	168.090000	14.846000	0.117940	1
63.393000	168.180000	17.087000	0.118040	1
63.377000	168.270000	15.527000	0.118380	1
63.361000	168.360000	15.887000	0.117980	1
63.346000	168.460000	8.647200	0.118230	1
63.330000	168.550000	6.234900	0.118340	1
63.314000	168.640000	8.645200	0.117980	1
63.298000	168.730000	2.105600	0.118350	1
63.282000	168.820000	0.733260	0.118090	1
65.043000	150.050000	4.925400	0.733030	1
65.040000	150.150000	4.578200	0.732930	1
65.037000	150.250000	6.298400	0.733050	1
65.034000	150.360000	5.608400	0.732930	1
65.032000	150.460000	5.608500	0.732850	1
65.029000	150.560000	6.988600	0.732850	1
65.026000	150.670000	9.398800	0.732880	1
65.023000	150.770000	5.958900	0.732830	1
65.019000	150.880000	7.679000	0.732840	1
65.016000	150.980000	4.579100	0.732690	1
65.013000	151.080000	8.369500	0.733140	1
65.010000	151.190000	10.090000	0.732870	1
65.006000	151.290000	4.919800	0.732910	1
65.003000	151.390000	7.330100	0.733050	1
64.999000	151.500000	8.020300	0.732960	1
64.995000	151.600000	9.050400	0.732950	1
64.992000	151.700000	8.020700	0.733090	1
64.988000	151.810000	8.710800	0.732840	1
64.984000	151.910000	8.371200	0.733260	1
64.980000	152.010000	7.681300	0.733030	1
64.976000	152.120000	8.021300	0.733050	1
64.972000	152.220000	5.271400	0.733110	1
64.967000	152.320000	0.451400	0.733150	1
63.545000	166.950000	3.548000	0.733200	1
63.530000	167.040000	2.857700	0.733300	1
63.515000	167.130000	0.107500	0.733130	1
63.501000	167.230000	5.957500	0.733320	1
63.486000	167.320000	4.237400	0.733300	1
63.471000	167.410000	9.050000	0.733050	1
63.456000	167.500000	11.810000	0.733360	1
63.441000	167.600000	9.743100	0.733220	1
63.425000	167.690000	11.463000	0.733220	1
63.410000	167.780000	9.743000	0.733330	1
63.395000	167.870000	10.433000	0.733050	1
63.380000	167.960000	9.402900	0.733210	1
63.364000	168.060000	10.433000	0.733280	1
63.349000	168.150000	11.813000	0.732980	1
63.333000	168.240000	10.433000	0.733150	1
63.318000	168.330000	10.094000	0.733130	1
63.302000	168.420000	7.683900	0.733040	1
63.286000	168.510000	8.021500	0.733130	1
63.270000	168.600000	5.271700	0.732930	1
65.003000	149.730000	4.284800	1.488300	1
65.001000	149.830000	6.695000	1.488300	1
64.998000	149.940000	4.635100	1.488200	1
64.996000	150.040000	4.288200	1.488200	1
64.993000	150.150000	6.008200	1.488100	1
64.991000	150.250000	6.358400	1.488200	1
64.988000	150.350000	4.978500	1.488100	1
64.985000	150.460000	2.228500	1.488000	1
64.982000	150.560000	5.321500	1.488000	1
64.979000	150.660000	4.641700	1.488100	1
64.976000	150.770000	3.261700	1.488000	1
64.973000	150.870000	4.291900	1.488000	1
64.970000	150.970000	2.921900	1.487900	1
64.966000	151.080000	6.012400	1.488300	1
64.963000	151.180000	7.732500	1.488100	1
64.960000	151.280000	4.642700	1.488100	1
64.956000	151.390000	7.053000	1.488200	1
64.952000	151.490000	6.363100	1.488200	1
64.949000	151.590000	5.323300	1.488100	1
64.945000	151.700000	4.643600	1.488300	1
64.941000	151.800000	8.423700	1.488000	1
64.937000	151.900000	7.734100	1.488400	1
64.933000	152.010000	6.364200	1.488200	1
64.929000	152.110000	6.014200	1.488200	1
64.925000	152.210000	7.054300	1.488300	1
64.921000	152.320000	7.054400	1.488400	1
64.917000	152.420000	-0.175680	1.488200	1
64.912000	152.520000	-0.874230	1.488400	1
63.559000	166.540000	2.920100	1.488500	1
63.544000	166.640000	4.979500	1.488200	1
63.530000	166.730000	5.311900	1.488400	1
63.515000	166.820000	7.041500	1.488400	1
63.501000	166.920000	7.383900	1.488400	1
63.486000	167.010000	5.667800	1.488500	1
63.471000	167.100000	1.530500	1.488400	1
63.456000	167.190000	-0.879510	1.488500	1
63.441000	167.290000	1.873400	1.488500	1
63.426000	167.380000	6.353100	1.488200	1
63.411000	167.470000	9.106200	1.488500	1
63.396000	167.560000	9.446000	1.488400	1
63.381000	167.650000	8.765900	1.488400	1
63.366000	167.750000	8.415900	1.488500	1
63.351000	167.840000	8.415700	1.488300	1
63.335000	167.930000	7.725800	1.488400	1
63.320000	168.020000	6.005900	1.488500	1
63.305000	168.110000	7.385900	1.488200	1
63.289000	168.200000	8.076300	1.488300	1
63.273000	168.300000	6.003600	1.488300	1
63.258000	168.390000	7.383900	1.488200	1
63.242000	168.480000	4.284200	1.488300	1
64.960000	149.620000	4.497000	2.237300	1
64.957000	149.730000	5.187300	2.237500	1
64.955000	149.830000	5.200700	2.237600	1
64.952000	149.930000	4.850800	2.237500	1
64.950000	150.040000	4.511000	2.237400	1
64.947000	150.140000	3.484100	2.237300	1
64.944000	150.240000	5.884300	2.237500	1
64.942000	150.350000	5.884300	2.237300	1
64.939000	150.450000	4.514400	2.237300	1
64.936000	150.550000	3.484400	2.237200	1
64.933000	150.660000	0.724560	2.237300	1
64.930000	150.760000	-0.645400	2.237200	1
64.927000	150.860000	0.384740	2.237200	1
64.924000	150.970000	1.077900	2.237100	1
64.920000	151.070000	3.138400	2.237500	1
64.917000	151.170000	3.825300	2.237300	1
64.913000	151.280000	1.768600	2.237300	1
64.910000	151.380000	3.139000	2.237500	1
64.906000	151.480000	6.239200	2.237400	1
64.903000	151.590000	3.139300	2.237400	1
64.899000	151.690000	3.139600	2.237500	1
64.895000	151.790000	3.489700	2.237300	1
64.891000	151.900000	4.167100	2.237700	1
64.887000	152.000000	4.860300	2.237500	1
64.883000	152.100000	5.890300	2.237500	1
64.879000	152.200000	5.550400	2.237500	1
64.875000	152.310000	4.170500	2.237600	1
64.871000	152.410000	5.550500	2.237500	1
64.866000	152.510000	-0.299420	2.237700	1
64.862000	152.610000	-1.686100	2.237300	1
63.529000	166.420000	2.092600	2.237700	1
63.515000	166.510000	0.708930	2.237700	1
63.500000	166.610000	4.148300	2.237500	1
63.486000	166.700000	2.431000	2.237600	1
63.471000	166.790000	10.344000	2.237600	1
63.457000	166.880000	6.553400	2.237600	1
63.442000	166.980000	0.369890	2.237700	1
63.427000	167.070000	-2.040400	2.237600	1
63.412000	167.160000	-2.737300	2.237700	1
63.398000	167.250000	3.475900	2.237800	1
63.383000	167.350000	8.285600	2.237500	1
63.368000	167.440000	7.258900	2.237800	1
63.353000	167.530000	6.565600	2.237600	1
63.337000	167.620000	8.285500	2.237600	1
63.322000	167.710000	6.565500	2.237700	1
63.307000	167.810000	6.225300	2.237500	1
63.292000	167.900000	7.945400	2.237600	1
63.276000	167.990000	6.568600	2.237700	1
63.261000	168.080000	5.195500	2.237400	1
63.245000	168.170000	5.535800	2.237500	1
63.230000	168.260000	6.226100	2.237500	1
63.214000	168.350000	4.846300	2.237400	1
63.199000	168.440000	3.476700	2.237500	1
64.911000	149.720000	1.718700	2.993900	1
64.908000	149.830000	3.082300	2.993900	1
64.906000	149.930000	2.755800	2.993800	1
64.903000	150.030000	4.135900	2.993800	1
64.901000	150.140000	3.786000	2.993700	1
64.898000	150.240000	3.449500	2.993800	1
64.895000	150.340000	4.479500	2.993700	1
64.892000	150.450000	3.099500	2.993700	1
64.889000	150.550000	0.009494	2.993600	1
64.886000	150.650000	1.729700	2.993700	1
64.883000	150.750000	-0.340310	2.993600	1
64.880000	150.860000	0.353090	2.993600	1
64.877000	150.960000	1.043100	2.993500	1
64.874000	151.060000	3.100300	2.993900	1
64.870000	151.170000	1.730400	2.993700	1
64.867000	151.270000	0.010504	2.993700	1
64.863000	151.370000	1.040800	2.993900	1
64.860000	151.480000	4.821000	2.993800	1
64.856000	151.580000	2.071200	2.993800	1
64.852000	151.680000	-2.058600	2.993900	1
64.849000	151.780000	1.038200	2.993700	1
64.845000	151.890000	2.072100	2.994000	1
64.841000	151.990000	2.762100	2.993900	1
64.837000	152.090000	4.485500	2.993800	1
64.833000	152.200000	3.102300	2.993900	1
64.828000	152.300000	4.825700	2.994000	1
64.824000	152.400000	2.765700	2.993900	1
64.820000	152.500000	5.515900	2.994000	1
64.815000	152.610000	4.145400	2.993700	1
64.811000	152.710000	3.795600	2.994000	1
64.806000	152.810000	4.825300	2.993800	1
64.802000	152.910000	2.425100	2.993800	1
64.862000	149.820000	6.019500	3.749100	1
64.859000	149.920000	2.573100	3.749000	1
64.857000	150.030000	0.163150	3.748900	1
64.854000	150.130000	1.543200	3.748900	1
64.851000	150.230000	1.883400	3.749000	1
64.849000	150.340000	2.246800	3.748800	1
64.846000	150.440000	0.866880	3.748800	1
64.843000	150.540000	2.587000	3.748800	1
64.840000	150.650000	0.867040	3.748800	1
64.837000	150.750000	0.177070	3.748800	1
64.834000	150.850000	1.207200	3.748800	1
64.831000	150.950000	0.867120	3.748600	1
64.827000	151.060000	0.527520	3.749000	1
64.824000	151.160000	-1.542500	3.748900	1
64.820000	151.260000	-0.512240	3.748900	1
64.817000	151.370000	0.528110	3.749000	1
64.813000	151.470000	0.868240	3.748900	1
64.810000	151.570000	0.178480	3.749000	1
64.806000	151.670000	0.868730	3.749000	1
64.802000	151.780000	-2.567800	3.748900	1
64.798000	151.880000	4.992500	3.749200	1
64.794000	151.980000	0.172490	3.749000	1
64.790000	152.080000	3.606100	3.749000	1
64.786000	152.190000	3.266200	3.749100	1
64.782000	152.290000	0.529630	3.749100	1
64.778000	152.390000	2.249700	3.749000	1
64.773000	152.490000	1.209800	3.749200	1
64.769000	152.600000	1.559400	3.748800	1
64.764000	152.700000	0.529520	3.749100	1
64.760000	152.800000	5.675900	3.748900	1
64.755000	152.900000	1.899100	3.748900	1
63.383000	166.730000	0.151950	3.749100	1
63.368000	166.820000	-0.531510	3.749100	1
63.353000	166.910000	1.195100	3.749200	1
63.339000	167.000000	4.294700	3.749100	1
63.324000	167.100000	1.544700	3.749200	1
63.309000	167.190000	3.598100	3.749300	1
63.294000	167.280000	0.861190	3.749000	1
63.279000	167.370000	3.947900	3.749300	1
63.264000	167.460000	4.977700	3.749200	1
63.249000	167.560000	3.947600	3.749100	1
63.234000	167.650000	5.317700	3.749200	1
63.219000	167.740000	4.637500	3.749000	1
63.204000	167.830000	3.947600	3.749100	1
63.188000	167.920000	3.947700	3.749200	1
63.173000	168.010000	5.317600	3.748900	1
63.158000	168.100000	3.948000	3.749000	1
63.142000	168.190000	3.258300	3.749000	1
63.126000	168.280000	2.918500	3.748900	1
63.111000	168.380000	1.545400	3.749000	1
64.813000	149.920000	2.546000	4.502700	1
64.810000	150.020000	0.829680	4.502700	1
64.808000	150.130000	-0.890370	4.502600	1
64.805000	150.230000	0.139870	4.502800	1
64.802000	150.330000	-0.536650	4.502600	1
64.799000	150.430000	-0.196560	4.502600	1
64.796000	150.540000	-1.226600	4.502500	1
64.793000	150.640000	-0.886470	4.502600	1
64.790000	150.740000	-1.226500	4.502600	1
64.787000	150.850000	-0.536360	4.502500	1
64.784000	150.950000	-0.536400	4.502400	1
64.781000	151.050000	-1.226100	4.502700	1
64.777000	151.150000	-1.226000	4.502700	1
64.774000	151.260000	-0.195750	4.502600	1
64.770000	151.360000	0.494560	4.502800	1
64.767000	151.460000	-0.885360	4.502700	1
64.763000	151.560000	-0.535070	4.502800	1
64.759000	151.670000	-0.534870	4.502800	1
64.756000	151.770000	-0.194710	4.502600	1
64.752000	151.870000	-1.224300	4.502900	1
64.748000	151.970000	-2.260700	4.502800	1
64.744000	152.080000	-3.995000	4.502700	1
64.740000	152.180000	2.212600	4.502800	1
63.338000	166.700000	4.262300	4.502800	1
63.324000	166.790000	4.258400	4.502900	1
63.309000	166.880000	2.888100	4.503000	1
63.295000	166.970000	3.234700	4.502900	1
63.280000	167.060000	2.204700	4.503000	1
63.265000	167.160000	3.921100	4.503100	1
63.250000	167.250000	5.644300	4.502800	1
63.235000	167.340000	5.304400	4.503000	1
63.220000	167.430000	4.264200	4.502900	1
63.205000	167.520000	4.954100	4.502900	1
63.190000	167.610000	4.954100	4.503000	1
63.175000	167.710000	4.614000	4.502700	1
63.160000	167.800000	4.954100	4.502800	1
63.144000	167.890000	4.954200	4.502900	1
63.129000	167.980000	3.584000	4.502700	1
63.114000	168.070000	4.264400	4.502800	1
63.098000	168.160000	1.854700	4.502700	1
63.083000	168.250000	3.231500	4.502700	1
64.773000	149.610000	-2.790700	5.257700	1
64.771000	149.710000	0.649760	5.257800	1
64.769000	149.810000	-0.719990	5.257900	1
64.766000	149.920000	-0.379820	5.257700	1
64.764000	150.020000	1.340400	5.257700	1
64.761000	150.120000	3.060500	5.257600	1
64.758000	150.220000	2.370600	5.257800	1
64.756000	150.330000	-0.029487	5.257600	1
64.753000	150.430000	-0.705820	5.257600	1
64.750000	150.530000	-2.439500	5.257600	1
64.747000	150.630000	-1.759400	5.257600	1
64.744000	150.740000	-2.775800	5.257600	1
64.741000	150.840000	-1.745700	5.257500	1
64.737000	150.940000	-0.365690	5.257400	1
64.734000	151.040000	-1.759100	5.257700	1
64.731000	151.150000	-2.425400	5.257700	1
64.727000	151.250000	-1.745200	5.257700	1
64.724000	151.350000	-1.394900	5.257800	1
64.720000	151.450000	-2.084800	5.257700	1
64.717000	151.560000	-2.774600	5.257800	1
63.265000	166.850000	2.722400	5.258000	1
63.250000	166.940000	4.441900	5.257900	1
63.235000	167.030000	4.101800	5.258000	1
63.221000	167.120000	0.645280	5.258100	1
63.206000	167.210000	-1.408800	5.257800	1
63.191000	167.310000	2.365100	5.258000	1
63.176000	167.400000	2.714800	5.257900	1
63.161000	167.490000	3.404700	5.257900	1
63.146000	167.580000	3.054800	5.258000	1
63.131000	167.670000	3.404600	5.257700	1
63.115000	167.760000	3.404700	5.257800	1
63.100000	167.850000	3.404900	5.257900	1
63.085000	167.940000	3.064400	5.257700	1
63.069000	168.030000	2.718200	5.257700	1
63.054000	168.130000	2.375000	5.257700	1
64.717000	150.010000	-4.143700	6.011800	1
64.714000	150.120000	2.740400	6.011800	1
64.712000	150.220000	-0.695910	6.011900	1
64.709000	150.320000	0.680420	6.011700	1
64.706000	150.420000	-4.122500	6.011800	1
64.703000	150.530000	-3.092400	6.011700	1
64.700000	150.630000	-3.432400	6.011700	1
64.697000	150.730000	-2.742300	6.011700	1
64.694000	150.830000	-1.372200	6.011600	1
64.691000	150.940000	-1.372200	6.011500	1
64.688000	151.040000	-1.372000	6.011800	1
64.684000	151.140000	-1.021800	6.011800	1
64.681000	151.240000	-1.711700	6.011800	1
64.677000	151.340000	-1.035100	6.011900	1
64.662000	150.320000	-1.491000	6.763800	1
64.659000	150.420000	-1.837200	6.763900	1
64.656000	150.520000	-2.523600	6.763800	1
64.653000	150.620000	-3.207300	6.763800	1
64.650000	150.720000	-2.523600	6.763800	1
64.647000	150.830000	-1.487200	6.763800	1
64.644000	150.930000	-0.457180	6.763700	1
64.641000	151.030000	-1.147000	6.763900	1
64.637000	151.130000	-1.833200	6.764000	1
64.634000	151.230000	-2.523200	6.763900	1
64.631000	151.340000	-2.862900	6.764100	1
64.627000	151.440000	-2.530200	6.764000	1
64.623000	151.540000	-0.802350	6.764200	1
64.612000	150.410000	-1.877800	7.523700	1
64.609000	150.510000	-2.564200	7.523600	1
64.606000	150.620000	-2.560400	7.523600	1
64.603000	150.720000	-3.254200	7.523600	1
64.600000	150.820000	-1.184100	7.523500	1
64.597000	150.920000	0.189660	7.523400	1
64.594000	151.020000	-0.840290	7.523700	1
64.590000	151.130000	-1.180100	7.523700	1
64.587000	151.230000	0.540120	7.523700	1
64.583000	151.330000	-1.529800	7.523800	1
64.580000	151.430000	-0.839640	7.523700	1
64.576000	151.530000	-2.223200	7.523900	1
64.572000	151.640000	-2.219300	7.523700	1
64.569000	151.740000	-1.869000	7.523800	1
64.565000	151.840000	-1.872400	7.523900	1
64.561000	151.940000	-3.942400	7.523800	1
64.557000	152.040000	-1.533200	7.523700	1
64.553000	152.140000	-2.559500	7.523900	1
64.549000	152.240000	-5.663600	7.523800	1
64.544000	152.350000	0.190840	7.523900	1
64.540000	152.450000	-2.905600	7.523900	1
64.536000	152.550000	-1.869400	7.523600	1
64.531000	152.650000	2.600800	7.524000	1
64.527000	152.750000	-0.149610	7.523700	1
64.522000	152.850000	1.907900	7.523800	1
64.517000	152.960000	-3.252600	7.523800	1
64.513000	153.060000	-3.254000	7.523600	1
64.508000	153.160000	-3.256700	7.524000	1
64.503000	153.260000	-1.530500	7.523900	1
63.116000	166.840000	1.901200	7.523800	1
63.102000	166.930000	3.288400	7.523900	1
63.087000	167.020000	0.534450	7.524100	1
63.072000	167.120000	0.870430	7.523700	1
63.057000	167.210000	1.220400	7.524000	1
63.043000	167.300000	0.530180	7.523900	1
63.028000	167.390000	1.220000	7.523800	1
63.013000	167.480000	1.223700	7.523900	1
62.998000	167.570000	1.899900	7.523700	1
62.982000	167.660000	0.529990	7.523800	1
62.967000	167.750000	1.559800	7.523900	1
62.952000	167.840000	2.943600	7.523600	1
62.937000	167.930000	0.870060	7.523700	1
64.562000	150.510000	-3.090900	8.277100	1
64.559000	150.610000	-2.057100	8.277100	1
64.556000	150.710000	-0.340670	8.277200	1
64.553000	150.810000	-0.680750	8.277100	1
64.550000	150.920000	-1.370900	8.277000	1
64.547000	151.020000	-0.676980	8.277200	1
64.543000	151.120000	-2.056900	8.277300	1
64.540000	151.220000	-2.753200	8.277200	1
64.536000	151.320000	-1.734100	8.277400	1
64.533000	151.420000	0.349920	8.277300	1
64.529000	151.530000	-0.679820	8.277500	1
64.525000	151.630000	-1.029700	8.277300	1
64.522000	151.730000	-2.055800	8.277300	1
64.518000	151.830000	-4.805900	8.277400	1
64.514000	151.930000	0.001131	8.277300	1
63.086000	166.720000	-1.035200	8.277500	1
63.072000	166.810000	1.017000	8.277300	1
63.057000	166.900000	2.408100	8.277500	1
63.042000	166.990000	1.724200	8.277600	1
63.028000	167.080000	1.033800	8.277300	1
63.013000	167.170000	0.343740	8.277500	1
62.998000	167.260000	1.377300	8.277400	1
62.983000	167.360000	2.067200	8.277300	1
62.968000	167.450000	1.373400	8.277500	1
62.953000	167.540000	0.687050	8.277200	1
62.938000	167.630000	1.723500	8.277300	1
62.923000	167.720000	1.033800	8.277400	1
62.907000	167.810000	1.033800	8.277200	1
62.892000	167.900000	-0.359790	8.277200	1
64.470000	150.390000	-4.056800	9.790800	1
64.467000	150.500000	-1.306400	9.790600	1
64.464000	150.600000	2.487600	9.790600	1
64.461000	150.700000	0.409970	9.790700	1
64.458000	150.800000	-1.302700	9.790600	1
64.455000	150.900000	-3.380500	9.790500	1
64.452000	151.000000	-3.023000	9.790700	1
64.448000	151.100000	-3.019000	9.790800	1
64.445000	151.210000	-1.642500	9.790800	1
64.441000	151.310000	-1.302300	9.790900	1
64.438000	151.410000	-3.716300	9.790800	1
64.434000	151.510000	-1.645700	9.791000	1
64.431000	151.610000	-1.301800	9.790800	1
64.427000	151.710000	-3.715600	9.790900	1
64.423000	151.810000	-4.749300	9.791000	1
64.419000	151.910000	-0.274760	9.790900	1
64.415000	152.020000	-0.964640	9.790800	1
64.411000	152.120000	-1.312200	9.791000	1
64.407000	152.220000	-2.016100	9.790800	1
64.403000	152.320000	0.751790	9.791000	1
64.398000	152.420000	0.071734	9.791000	1
64.394000	152.520000	-0.618440	9.790700	1
64.390000	152.620000	-5.110400	9.791000	1
64.385000	152.720000	-3.722900	9.790800	1
64.381000	152.820000	-4.051800	9.790900	1
64.376000	152.920000	-3.375600	9.790900	1
63.010000	166.560000	-0.616760	9.790800	1
62.996000	166.650000	0.061820	9.791000	1
62.981000	166.740000	1.789100	9.790800	1
62.967000	166.830000	3.155200	9.790900	1
62.952000	166.930000	-0.621390	9.791100	1
62.938000	167.020000	0.072088	9.790800	1
62.923000	167.110000	0.408380	9.791000	1
62.908000	167.200000	1.098200	9.790900	1
62.893000	167.290000	0.408100	9.790800	1
62.878000	167.380000	0.748150	9.791000	1
62.863000	167.470000	0.411730	9.790700	1
62.848000	167.560000	0.064365	9.790800	1
62.833000	167.650000	0.740900	9.790900	1
64.374000	150.380000	-3.046100	11.301000	1
64.372000	150.480000	-3.390100	11.301000	1
64.369000	150.580000	-5.125500	11.301000	1
64.366000	150.680000	-3.049900	11.301000	1
64.363000	150.790000	-0.299570	11.301000	1
64.359000	150.890000	-1.329800	11.301000	1
64.356000	150.990000	-4.770300	11.301000	1
64.353000	151.090000	-3.382400	11.301000	1
64.349000	151.190000	-4.078600	11.301000	1
64.346000	151.290000	-4.443600	11.302000	1
64.342000	151.390000	-3.739600	11.301000	1
64.339000	151.490000	-2.372800	11.302000	1
64.335000	151.590000	-4.428100	11.301000	1
64.331000	151.690000	-2.707500	11.302000	1
64.328000	151.800000	-2.343600	11.302000	1
64.324000	151.900000	-4.761400	11.302000	1
64.320000	152.000000	-5.797900	11.301000	1
64.316000	152.100000	-6.831900	11.302000	1
64.312000	152.200000	-5.451500	11.301000	1
64.307000	152.300000	-2.014500	11.302000	1
64.303000	152.400000	-2.014600	11.302000	1
64.299000	152.500000	-1.342200	11.301000	1
62.861000	166.860000	-1.663700	11.302000	1
62.847000	166.950000	-2.711700	11.301000	1
62.832000	167.040000	-0.981540	11.302000	1
62.817000	167.130000	0.055949	11.302000	1
62.802000	167.220000	-0.637960	11.301000	1
62.788000	167.310000	-0.974150	11.302000	1
62.773000	167.400000	-0.294210	11.301000	1
62.758000	167.490000	-0.637990	11.301000	1
62.742000	167.580000	0.392390	11.301000	1
62.697000	167.550000	-1.438900	12.057000	1
62.682000	167.640000	-2.797500	12.056000	1
62.667000	167.730000	-1.780800	12.056000	1
62.651000	167.810000	-3.144500	12.056000	1
62.636000	167.900000	-3.144200	12.056000	1
62.621000	167.990000	-3.834000	12.057000	1
62.605000	168.080000	-2.809600	12.056000	1
62.590000	168.170000	-4.515800	12.056000	1
62.574000	168.260000	-4.175400	12.056000	1
62.681000	167.330000	-0.727420	12.817000	1
62.666000	167.420000	-0.377340	12.817000	1
62.651000	167.510000	-1.764900	12.817000	1
62.636000	167.600000	-2.787300	12.817000	1
62.621000	167.690000	-2.787000	12.817000	1
62.605000	167.780000	-3.136800	12.817000	1
62.590000	167.870000	-3.826600	12.817000	1
62.575000	167.960000	-5.200300	12.817000	1
62.559000	168.050000	-5.200000	12.817000	1
62.544000	168.140000	-5.549800	12.817000	1
62.528000	168.220000	-4.509000	12.817000	1
64.249000	149.560000	-4.260800	13.576000	1
64.247000	149.660000	-1.156200	13.576000	1
64.244000	149.760000	-2.890000	13.576000	1
64.242000	149.860000	-1.857100	13.576000	1
64.239000	149.960000	-3.577200	13.576000	1
64.237000	150.060000	-3.580900	13.576000	1
64.234000	150.160000	-4.253400	13.576000	1
64.232000	150.260000	-1.506800	13.576000	1
64.229000	150.360000	-1.852900	13.576000	1
64.226000	150.460000	-3.577000	13.576000	1
64.223000	150.560000	-5.983900	13.576000	1
64.220000	150.660000	-4.958600	13.576000	1
64.217000	150.760000	-2.894300	13.576000	1
64.214000	150.860000	-3.905800	13.576000	1
64.211000	150.960000	-4.943500	13.576000	1
64.207000	151.070000	-5.286000	13.576000	1
64.204000	151.170000	-5.278400	13.576000	1
64.200000	151.270000	-6.308700	13.576000	1
64.197000	151.370000	-4.943000	13.576000	1
64.193000	151.470000	-4.252700	13.577000	1
64.190000	151.570000	-5.618000	13.576000	1
64.186000	151.670000	-2.888500	13.576000	1
64.182000	151.770000	-5.617800	13.576000	1
64.178000	151.870000	-4.241200	13.576000	1
64.174000	151.970000	-4.594900	13.576000	1
64.170000	152.070000	-5.625200	13.576000	1
64.166000	152.170000	-5.975500	13.576000	1
64.162000	152.270000	-4.591200	13.577000	1
64.158000	152.370000	-4.602600	13.576000	1
64.153000	152.470000	-3.905100	13.576000	1
62.635000	167.300000	-1.157000	13.576000	1
62.620000	167.390000	-2.888500	13.576000	1
62.605000	167.480000	-2.877100	13.576000	1
62.590000	167.560000	-3.574500	13.576000	1
62.575000	167.650000	-3.216600	13.576000	1
62.559000	167.740000	-3.562600	13.576000	1
62.544000	167.830000	-4.246100	13.576000	1
62.529000	167.920000	-4.259600	13.576000	1
62.513000	168.010000	-5.983500	13.576000	1
62.498000	168.100000	-5.989500	13.576000	1
62.482000	168.190000	-5.632700	13.576000	1
64.177000	150.460000	-5.249600	14.328000	1
64.174000	150.560000	-4.563100	14.328000	1
64.171000	150.660000	-5.245900	14.329000	1
64.168000	150.760000	-4.204200	14.328000	1
64.165000	150.860000	-4.898100	14.328000	1
64.162000	150.960000	-5.917200	14.328000	1
64.159000	151.060000	-5.923400	14.329000	1
64.155000	151.160000	-4.890300	14.329000	1
64.152000	151.260000	-6.611200	14.329000	1
64.148000	151.360000	-6.953500	14.329000	1
64.145000	151.460000	-5.226300	14.329000	1
64.141000	151.560000	-5.920400	14.329000	1
64.137000	151.660000	-5.576400	14.329000	1
64.133000	151.760000	-5.558700	14.329000	1
64.130000	151.860000	-6.260400	14.329000	1
64.126000	151.960000	-5.558700	14.329000	1
64.122000	152.060000	-4.886000	14.329000	1
64.118000	152.160000	-4.893600	14.329000	1
62.589000	167.260000	-3.186800	14.328000	1
62.574000	167.350000	-3.508000	14.328000	1
62.559000	167.440000	-4.201900	14.328000	1
62.544000	167.530000	-3.171400	14.328000	1
62.529000	167.620000	-3.173600	14.328000	1
62.513000	167.710000	-3.850900	14.328000	1
62.498000	167.800000	-3.514100	14.328000	1
62.483000	167.890000	-3.852600	14.328000	1
62.467000	167.980000	-3.173400	14.328000	1
62.452000	168.060000	-3.165600	14.328000	1
62.436000	168.150000	-5.233300	14.328000	1
62.571000	167.050000	-0.169400	15.090000	1
62.557000	167.140000	-2.929700	15.090000	1
62.542000	167.230000	-1.213200	15.090000	1
62.527000	167.320000	-3.609800	15.090000	1
62.512000	167.400000	-2.925700	15.090000	1
62.497000	167.490000	-2.575600	15.090000	1
62.482000	167.580000	-4.303200	15.090000	1
62.467000	167.670000	-3.608900	15.090000	1
62.451000	167.760000	-4.992700	15.090000	1
62.436000	167.850000	-5.690000	15.090000	1
62.421000	167.940000	-4.648100	15.090000	1
62.405000	168.030000	-3.274900	15.090000	1
62.390000	168.120000	-3.274700	15.090000	1
64.089000	150.040000	-6.815500	15.847000	1
64.086000	150.140000	-4.387000	15.847000	1
64.084000	150.240000	-5.080900	15.847000	1
64.081000	150.340000	-5.753700	15.847000	1
64.078000	150.440000	-6.794300	15.847000	1
64.075000	150.540000	-6.099000	15.847000	1
64.072000	150.640000	-5.753600	15.847000	1
64.069000	150.740000	-3.721500	15.847000	1
64.066000	150.840000	-5.073200	15.847000	1
64.063000	150.940000	-5.742400	15.847000	1
64.059000	151.040000	-5.413200	15.847000	1
64.056000	151.140000	-5.740900	15.847000	1
64.053000	151.240000	-6.092100	15.847000	1
64.049000	151.340000	-6.098400	15.847000	1
64.046000	151.440000	-6.091900	15.847000	1
64.042000	151.540000	-6.432100	15.847000	1
64.038000	151.640000	-5.741600	15.847000	1
64.034000	151.740000	-4.382300	15.847000	1
64.031000	151.840000	-5.078900	15.847000	1
64.027000	151.940000	-5.741700	15.847000	1
64.023000	152.040000	-5.741800	15.847000	1
64.019000	152.140000	-6.782200	15.847000	1
64.014000	152.240000	-6.449700	15.847000	1
64.010000	152.340000	-6.435100	15.847000	1
64.006000	152.440000	-6.098800	15.847000	1
64.001000	152.540000	-4.718300	15.847000	1
63.997000	152.640000	-5.086300	15.847000	1
62.510000	167.100000	-3.339200	15.847000	1
62.495000	167.190000	-3.344100	15.847000	1
62.480000	167.280000	-2.670000	15.847000	1
62.465000	167.370000	-3.706400	15.847000	1
62.450000	167.460000	-4.372700	15.847000	1
62.435000	167.550000	-4.712500	15.847000	1
62.420000	167.640000	-4.723500	15.847000	1
62.405000	167.720000	-4.021700	15.847000	1
62.389000	167.810000	-4.735200	15.847000	1
62.374000	167.900000	-4.728700	15.847000	1
62.359000	167.990000	-3.330500	15.847000	1
62.343000	168.080000	-3.680300	15.847000	1
64.028000	150.430000	-5.108200	16.601000	1
64.025000	150.530000	-5.115600	16.601000	1
64.022000	150.630000	-5.830700	16.601000	1
64.019000	150.730000	-7.900700	16.601000	1
64.016000	150.830000	-4.458800	16.601000	1
64.013000	150.930000	-5.819500	16.601000	1
64.010000	151.030000	-5.455300	16.601000	1
64.006000	151.130000	-4.102300	16.601000	1
64.003000	151.230000	-4.105900	16.601000	1
63.999000	151.330000	-4.431100	16.601000	1
62.462000	167.070000	-2.011600	16.601000	1
62.448000	167.160000	-3.739500	16.601000	1
62.433000	167.240000	-3.055400	16.601000	1
62.418000	167.330000	-3.412700	16.601000	1
62.403000	167.420000	-3.405200	16.601000	1
62.388000	167.510000	-3.412400	16.601000	1
62.373000	167.600000	-3.738500	16.601000	1
62.358000	167.690000	-4.080800	16.601000	1
62.342000	167.780000	-3.065000	16.601000	1
62.327000	167.870000	-3.060900	16.601000	1
62.312000	167.950000	-3.389600	16.601000	1
62.296000	168.040000	-1.701300	16.601000	1
64.005000	149.330000	-5.280100	17.366000	1
64.002000	149.430000	-4.588600	17.366000	1
64.000000	149.530000	-5.272200	17.366000	1
63.998000	149.630000	-5.962400	17.366000	1
63.996000	149.730000	-4.606400	17.366000	1
63.993000	149.830000	-4.598600	17.366000	1
63.991000	149.930000	-5.633900	17.366000	1
63.988000	150.030000	-5.275000	17.366000	1
63.986000	150.130000	-3.561600	17.366000	1
63.983000	150.230000	-3.206700	17.366000	1
63.980000	150.330000	-2.183700	17.366000	1
63.977000	150.430000	-3.543100	17.366000	1
63.975000	150.530000	-4.590800	17.366000	1
63.972000	150.630000	-5.950200	17.366000	1
63.968000	150.730000	-6.648000	17.366000	1
63.965000	150.820000	-6.670300	17.366000	1
63.962000	150.920000	-3.893000	17.366000	1
62.502000	166.490000	-1.826400	17.366000	1
62.487000	166.580000	-1.136300	17.366000	1
62.473000	166.670000	-0.788870	17.366000	1
62.458000	166.760000	-0.113700	17.366000	1
62.444000	166.850000	-1.490300	17.366000	1
62.429000	166.940000	-0.460640	17.366000	1
62.414000	167.030000	-3.207400	17.366000	1
62.400000	167.120000	-3.207300	17.366000	1
62.385000	167.210000	-2.845900	17.366000	1
62.370000	167.300000	-3.536000	17.366000	1
62.355000	167.390000	-3.195700	17.366000	1
62.340000	167.470000	-2.860300	17.366000	1
62.325000	167.560000	-2.512600	17.366000	1
62.310000	167.650000	-3.538700	17.366000	1
62.294000	167.740000	-3.213100	17.366000	1
62.279000	167.830000	-0.806040	17.366000	1
62.264000	167.920000	-1.499600	17.366000	1
62.248000	168.000000	-0.786890	17.366000	1
62.453000	166.460000	-1.569100	18.127000	1
62.439000	166.550000	-1.572800	18.127000	1
62.425000	166.640000	1.181300	18.127000	1
62.410000	166.730000	-1.923000	18.127000	1
62.395000	166.820000	-3.287000	18.127000	1
62.381000	166.900000	-2.950800	18.127000	1
62.366000	166.990000	-2.949700	18.127000	1
62.351000	167.080000	-2.599400	18.126000	1
62.337000	167.170000	-2.599300	18.127000	1
62.322000	167.260000	-3.290500	18.126000	1
62.307000	167.350000	-3.285600	18.126000	1
62.292000	167.440000	-0.874920	18.126000	1
62.277000	167.530000	-1.240600	18.126000	1
62.262000	167.610000	-1.922000	18.126000	1
62.246000	167.700000	-1.231500	18.126000	1
62.231000	167.790000	0.151620	18.126000	1
62.216000	167.880000	-2.269600	18.126000	1
62.200000	167.970000	-2.984400	18.126000	1