77480
77481
77482
77482
77483
77484
77484
77485
77486
77487
77487
77488
77489
77489
77490
77491
77491
77492
77493
77494
77494
77495
77496
77496
77497
77498
77498
77499
77500
77501
77501
77502
77503
77503
77504
77505
77505
77506
77507
77508
77508
77509
77510
77510
77511
77512
77512
77513
77514
77515
77515
77516
77517
77517
77518
77519
77519
77520
77521
77522
77522
77523
77524
77524
77525
77526
77526
77527
77528
77529
77529
77530
77531
77531
77532
77533
77533
77534
77535
77536
77536
77537
77538
77538
77539
77540
77540
77541
77542
77543
77543
77544
77545
77545
77546
77547
77547
77548
77549
77550
77550
77551
77552
77552
77553
77554
77554
77555
77556
77557
77557
77558
77559
77559
77560
77561
77561
77562
77563
77564
77564
77565
77566
77566
77567
77568
77568
77569
77570
77571
77571
77572
77573
77573
77574
77575
77575
77576
77577
77578
77578
77579
77580
77580
77581
77582
77582
77583
77584
77585
77585
77586
77587
77587
77588
77589
77589
77590
77591
77592
77592
77593
77594
77594
77595
77596
77596
77597
77598
77599
77599
77600
77601
77601
77602
77603
77603
77604
77605
77606
77606
77607
77608
77608
77609
77610
77610
77611
77612
77613
77613
77614
77615
77615
77616
77617
77617
77618
77619
77620
77620
77621
77622
77622
77623
77624
77624
77625
77626
77627
77627
77628
77629
77629
77630
77631
77631
77632
77633
77634
77634
77635
77636
77636
77637
77638
77638
77639
77640
77641
77641
77642
77643
77643
77644
77645
77645
77646
77647
77648
77648
77649
77650
77650
77651
77652
77652
77653
77654
77655
77655
77656
77657
77657
77658
77659
77659
77660
77661
77662
77662
77663
