La	Lo	Sig	Theta	Ice
66.172000	149.920000	-6.835200	-18.182000	1
66.176000	150.030000	-6.144500	-18.182000	1
66.180000	150.140000	-6.498500	-18.182000	1
66.184000	150.250000	-5.110000	-18.182000	1
66.188000	150.350000	-5.796600	-18.182000	1
66.191000	150.460000	-5.803700	-18.182000	1
66.195000	150.570000	-6.841500	-18.182000	1
66.199000	150.680000	-6.139900	-18.181000	1
66.202000	150.790000	-5.803300	-18.181000	1
66.206000	150.900000	-6.139600	-18.182000	1
66.209000	151.000000	-5.795600	-18.182000	1
66.213000	151.110000	-4.418500	-18.182000	1
66.216000	151.220000	-5.108600	-18.182000	1
66.219000	151.330000	-5.115900	-18.182000	1
66.222000	151.440000	-5.806100	-18.182000	1
66.225000	151.550000	-5.802200	-18.182000	1
66.228000	151.660000	-5.794500	-18.182000	1
66.231000	151.770000	-5.115200	-18.182000	1
66.234000	151.870000	-6.145700	-18.182000	1
66.237000	151.980000	-6.491900	-18.182000	1
66.239000	152.090000	-6.824500	-18.182000	1
66.242000	152.200000	-6.141400	-18.182000	1
66.244000	152.310000	-7.194200	-18.182000	1
66.247000	152.420000	-4.770500	-18.182000	1
66.249000	152.530000	-4.416500	-18.182000	1
66.125000	150.040000	-5.743000	-17.424000	1
66.129000	150.150000	-5.048900	-17.424000	1
66.133000	150.260000	-4.351000	-17.424000	1
66.137000	150.370000	-5.392400	-17.424000	1
66.141000	150.480000	-6.422600	-17.424000	1
66.145000	150.590000	-5.734800	-17.424000	1
66.148000	150.690000	-6.078600	-17.424000	1
66.152000	150.800000	-5.044600	-17.424000	1
66.156000	150.910000	-5.395800	-17.424000	1
66.159000	151.020000	-5.388300	-17.424000	1
66.162000	151.130000	-5.384500	-17.424000	1
66.166000	151.240000	-5.391700	-17.424000	1
66.169000	151.340000	-4.690200	-17.424000	1
66.172000	151.450000	-5.051500	-17.424000	1
66.175000	151.560000	-5.395300	-17.424000	1
66.178000	151.670000	-5.382500	-17.425000	1
66.181000	151.780000	-5.736300	-17.424000	1
66.183000	151.890000	-6.770500	-17.424000	1
66.186000	151.990000	-6.770200	-17.424000	1
66.189000	152.100000	-6.784900	-17.425000	1
66.191000	152.210000	-6.087200	-17.424000	1
66.194000	152.320000	-5.742900	-17.424000	1
66.196000	152.430000	-6.423100	-17.424000	1
66.198000	152.540000	-6.423000	-17.425000	1
66.201000	152.650000	-5.048700	-17.424000	1
66.203000	152.760000	-6.071600	-17.424000	1
66.075000	150.060000	-7.760600	-16.661000	1
66.079000	150.170000	-6.060900	-16.661000	1
66.083000	150.280000	-5.710300	-16.662000	1
66.087000	150.380000	-4.347200	-16.661000	1
66.091000	150.490000	-5.373700	-16.661000	1
66.094000	150.600000	-4.672100	-16.661000	1
66.098000	150.710000	-5.709900	-16.661000	1
66.102000	150.820000	-4.675600	-16.661000	1
66.105000	150.920000	-5.698300	-16.661000	1
66.108000	151.030000	-4.338800	-16.661000	1
66.112000	151.140000	-4.671500	-16.661000	1
66.115000	151.250000	-6.399200	-16.662000	1
66.118000	151.360000	-6.391600	-16.662000	1
66.121000	151.470000	-6.395300	-16.662000	1
66.124000	151.570000	-5.697700	-16.661000	1
66.127000	151.680000	-5.715800	-16.662000	1
66.033000	150.290000	-5.581900	-15.904000	1
66.037000	150.400000	-5.578100	-15.903000	1
66.041000	150.510000	-5.227800	-15.903000	1
66.045000	150.610000	-6.612000	-15.903000	1
66.048000	150.720000	-4.880000	-15.903000	1
66.052000	150.830000	-5.227500	-15.903000	1
66.055000	150.940000	-4.883300	-15.903000	1
66.059000	151.050000	-4.546900	-15.903000	1
66.062000	151.150000	-5.909800	-15.903000	1
66.065000	151.260000	-5.569300	-15.904000	1
66.068000	151.370000	-6.270600	-15.904000	1
66.072000	151.480000	-6.263000	-15.904000	1
66.074000	151.590000	-5.222600	-15.903000	1
66.077000	151.690000	-4.542200	-15.904000	1
66.080000	151.800000	-5.912600	-15.903000	1
66.083000	151.910000	-5.572200	-15.903000	1
66.086000	152.020000	-5.229500	-15.903000	1
66.088000	152.130000	-6.606000	-15.904000	1
66.091000	152.230000	-7.636800	-15.903000	1
66.093000	152.340000	-7.647700	-15.904000	1
65.984000	150.310000	-6.190600	-15.148000	1
65.988000	150.410000	-5.152700	-15.147000	1
65.992000	150.520000	-5.842800	-15.147000	1
65.995000	150.630000	-5.496100	-15.147000	1
65.999000	150.740000	-4.808500	-15.147000	1
66.003000	150.840000	-4.819500	-15.147000	1
66.006000	150.950000	-4.819300	-15.147000	1
66.009000	151.060000	-5.499400	-15.147000	1
66.013000	151.170000	-5.155400	-15.147000	1
66.016000	151.270000	-5.151400	-15.147000	1
66.019000	151.380000	-4.818700	-15.147000	1
66.022000	151.490000	-5.495100	-15.148000	1
66.025000	151.600000	-5.502500	-15.147000	1
66.028000	151.710000	-5.852200	-15.148000	1
66.031000	151.810000	-5.863500	-15.147000	1
66.034000	151.920000	-6.557500	-15.147000	1
66.036000	152.030000	-3.452600	-15.147000	1
66.039000	152.140000	-4.149900	-15.148000	1
66.041000	152.240000	-7.916400	-15.147000	1
66.044000	152.350000	-5.508900	-15.148000	1
65.931000	150.210000	-6.149300	-14.393000	1
65.935000	150.320000	-5.462500	-14.394000	1
65.939000	150.430000	-6.149100	-14.393000	1
65.943000	150.530000	-4.768400	-14.393000	1
65.947000	150.640000	-4.768200	-14.393000	1
65.950000	150.750000	-5.450800	-14.393000	1
65.954000	150.860000	-5.458300	-14.393000	1
65.957000	150.960000	-5.114100	-14.393000	1
65.961000	151.070000	-3.393700	-14.393000	1
65.964000	151.180000	-5.450300	-14.393000	1
65.967000	151.290000	-5.797800	-14.393000	1
65.970000	151.390000	-6.147700	-14.393000	1
65.973000	151.500000	-5.449800	-14.394000	1
65.976000	151.610000	-5.461100	-14.393000	1
65.979000	151.720000	-6.841400	-14.394000	1
65.982000	151.820000	-5.120600	-14.393000	1
65.985000	151.930000	-7.184900	-14.393000	1
65.987000	152.040000	-6.822200	-14.393000	1
65.990000	152.150000	-6.143000	-14.394000	1
65.992000	152.260000	-4.441500	-14.393000	1
65.887000	150.330000	-6.099300	-13.636000	1
65.890000	150.440000	-6.099400	-13.636000	1
65.894000	150.550000	-3.008400	-13.636000	1
65.898000	150.660000	-3.008300	-13.636000	1
65.901000	150.760000	-4.384700	-13.635000	1
65.905000	150.870000	-5.411200	-13.635000	1
65.908000	150.980000	-4.034300	-13.636000	1
65.912000	151.080000	-4.724400	-13.635000	1
65.915000	151.190000	-4.391700	-13.635000	1
65.918000	151.300000	-5.414300	-13.636000	1
65.921000	151.410000	-6.098100	-13.636000	1
65.924000	151.510000	-5.417700	-13.636000	1
65.927000	151.620000	-4.727700	-13.635000	1
65.930000	151.730000	-5.409900	-13.636000	1
65.933000	151.840000	-6.791600	-13.636000	1
65.936000	151.940000	-6.436300	-13.636000	1
65.938000	152.050000	-4.044300	-13.636000	1
65.838000	150.350000	-5.962000	-12.877000	1
65.842000	150.450000	-4.935500	-12.876000	1
65.846000	150.560000	-3.893800	-12.876000	1
65.849000	150.670000	-4.591300	-12.876000	1
65.853000	150.780000	-2.870900	-12.876000	1
65.856000	150.880000	-5.267600	-12.876000	1
65.860000	150.990000	-3.560900	-12.876000	1
65.863000	151.100000	-4.591200	-12.876000	1
65.866000	151.200000	-4.583500	-12.876000	1
65.870000	151.310000	-4.927300	-12.876000	1
65.873000	151.420000	-4.930900	-12.876000	1
65.876000	151.530000	-4.930700	-12.877000	1
65.879000	151.630000	-4.927100	-12.876000	1
65.882000	151.740000	-5.957200	-12.877000	1
65.884000	151.850000	-5.274500	-12.876000	1
65.887000	151.950000	-7.001300	-12.876000	1
65.786000	150.250000	-4.598000	-12.116000	1
65.790000	150.360000	-5.287900	-12.117000	1
65.793000	150.470000	-5.284100	-12.116000	1
65.797000	150.570000	-5.291400	-12.116000	1
65.801000	150.680000	-5.287500	-12.116000	1
65.804000	150.790000	-3.909500	-12.116000	1
65.808000	150.900000	-3.917000	-12.116000	1
65.811000	151.000000	-3.909300	-12.116000	1
65.815000	151.110000	-4.947100	-12.116000	1
65.818000	151.220000	-1.502600	-12.116000	1
65.821000	151.320000	-4.256600	-12.116000	1
65.824000	151.430000	-5.279100	-12.116000	1
65.827000	151.540000	-4.950100	-12.117000	1
65.830000	151.640000	-4.950300	-12.116000	1
65.833000	151.750000	-4.263500	-12.117000	1
63.506000	130.450000	-7.328100	-11.361000	1
65.738000	150.270000	-4.202600	-11.362000	1
65.742000	150.370000	-4.886100	-11.363000	1
65.746000	150.480000	-3.515900	-11.363000	1
65.749000	150.590000	-4.209500	-11.363000	1
65.753000	150.690000	-4.205700	-11.363000	1
65.757000	150.800000	-3.851700	-11.363000	1
65.760000	150.910000	-3.165400	-11.362000	1
65.764000	151.010000	-4.885500	-11.363000	1
65.767000	151.120000	-3.851500	-11.362000	1
65.770000	151.230000	-2.481200	-11.362000	1
65.773000	151.330000	-3.851200	-11.363000	1
65.776000	151.440000	-4.544800	-11.363000	1
65.780000	151.550000	-4.537200	-11.363000	1
65.782000	151.650000	-4.877300	-11.362000	1
65.785000	151.760000	-3.160500	-11.363000	1
65.788000	151.870000	-2.149200	-11.363000	1
65.791000	151.980000	-4.892000	-11.363000	1
65.793000	152.080000	-2.835400	-11.363000	1
65.796000	152.190000	-6.948200	-11.363000	1
65.799000	152.300000	-6.268100	-11.363000	1
65.801000	152.400000	-3.174700	-11.363000	1
63.462000	130.500000	-5.988100	-10.601000	1
65.690000	150.280000	-4.237600	-10.602000	1
65.694000	150.390000	-4.579600	-10.602000	1
65.698000	150.490000	-3.889500	-10.602000	1
65.702000	150.600000	-2.866700	-10.602000	1
65.705000	150.710000	-3.546700	-10.602000	1
65.709000	150.810000	-3.889400	-10.602000	1
65.712000	150.920000	-2.165500	-10.602000	1
65.716000	151.030000	-2.172900	-10.602000	1
65.719000	151.130000	-4.579500	-10.602000	1
65.722000	151.240000	-3.543000	-10.602000	1
65.725000	151.350000	-3.542900	-10.602000	1
65.728000	151.450000	-3.892900	-10.602000	1
65.732000	151.560000	-4.926700	-10.602000	1
65.734000	151.670000	-4.585500	-10.602000	1
65.737000	151.770000	-4.929000	-10.602000	1
65.740000	151.880000	-1.842300	-10.602000	1
65.743000	151.990000	-1.842200	-10.602000	1
65.745000	152.090000	-2.529800	-10.602000	1
65.748000	152.200000	-2.871800	-10.603000	1
65.750000	152.310000	-4.588300	-10.602000	1
65.753000	152.410000	-8.015300	-10.602000	1
65.622000	149.770000	-5.595900	-9.845500	1
65.626000	149.870000	-4.221900	-9.845200	1
65.631000	149.980000	-4.911700	-9.845500	1
65.635000	150.080000	-4.217700	-9.845500	1
65.639000	150.190000	-4.221200	-9.845700	1
65.643000	150.300000	-3.183500	-9.845600	1
65.647000	150.400000	-3.534400	-9.846200	1
65.650000	150.510000	-3.863100	-9.845900	1
65.654000	150.610000	-3.866700	-9.846000	1
65.658000	150.720000	-3.526500	-9.846000	1
65.661000	150.830000	-5.239200	-9.845900	1
65.665000	150.930000	-3.522700	-9.845500	1
65.668000	151.040000	-3.186100	-9.845800	1
65.671000	151.140000	-3.862500	-9.845600	1
65.675000	151.250000	-2.496000	-9.845500	1
65.678000	151.360000	-4.219900	-9.845800	1
65.681000	151.460000	-5.246100	-9.845900	1
65.684000	151.570000	-4.909500	-9.846200	1
65.687000	151.680000	-5.249800	-9.845600	1
65.690000	151.780000	-4.555500	-9.846300	1
65.693000	151.890000	-2.842800	-9.846100	1
65.695000	152.000000	-1.808800	-9.846100	1
65.698000	152.100000	-1.472500	-9.845700	1
65.700000	152.210000	-3.192300	-9.846500	1
65.703000	152.320000	-1.133600	-9.845900	1
65.705000	152.420000	-1.133400	-9.846300	1
65.708000	152.530000	-4.233900	-9.845800	1
65.710000	152.640000	-4.912400	-9.846700	1
65.712000	152.740000	-6.623100	-9.846100	1
65.566000	149.570000	-4.597000	-9.091400	1
65.571000	149.670000	-5.271800	-9.091500	1
65.575000	149.780000	-5.275700	-9.091200	1
65.579000	149.890000	-3.891700	-9.090900	1
65.584000	149.990000	-2.521200	-9.091100	1
65.588000	150.100000	-3.197400	-9.091100	1
65.592000	150.200000	-3.197200	-9.091300	1
65.596000	150.310000	-2.167000	-9.091200	1
65.599000	150.410000	-3.192900	-9.091800	1
65.603000	150.520000	-4.226800	-9.091500	1
65.607000	150.630000	-3.890300	-9.091600	1
65.611000	150.730000	-3.546300	-9.091600	1
65.614000	150.840000	-2.512400	-9.091600	1
65.618000	150.940000	-3.546300	-9.091200	1
65.621000	151.050000	-2.856000	-9.091500	1
65.624000	151.160000	-1.475900	-9.091200	1
65.628000	151.260000	-3.546000	-9.091200	1
65.631000	151.370000	-3.195800	-9.091400	1
65.634000	151.470000	-3.889500	-9.091500	1
65.637000	151.580000	-4.225600	-9.091800	1
63.333000	130.630000	1.136300	-8.334100	1
63.351000	130.720000	-4.711500	-8.334300	1
65.501000	149.160000	-4.705900	-8.334700	1
65.506000	149.270000	0.116230	-8.335100	1
65.510000	149.370000	-1.943600	-8.335300	1
65.515000	149.480000	-4.353800	-8.335200	1
65.520000	149.580000	-3.316000	-8.335100	1
65.524000	149.690000	-4.682200	-8.335200	1
65.528000	149.790000	-5.032200	-8.335000	1
65.532000	149.900000	-4.002100	-8.334600	1
65.537000	150.000000	-4.678200	-8.334800	1
65.541000	150.110000	-2.281600	-8.334800	1
65.545000	150.220000	-3.651600	-8.334900	1
65.549000	150.320000	-2.281300	-8.334800	1
65.552000	150.430000	-1.250800	-8.335500	1
65.556000	150.530000	-3.310900	-8.335200	1
65.560000	150.640000	-4.000800	-8.335300	1
65.563000	150.740000	-3.646800	-8.335400	1
65.567000	150.850000	-0.896490	-8.335300	1
65.570000	150.960000	-2.276700	-8.334900	1
65.574000	151.060000	-2.966500	-8.335200	1
65.577000	151.170000	-0.896360	-8.334900	1
65.580000	151.270000	-2.276400	-8.334900	1
65.584000	151.380000	-3.310100	-8.335100	1
65.587000	151.490000	-3.996300	-8.335200	1
65.590000	151.590000	-1.249500	-8.335500	1
65.592000	151.700000	-2.623600	-8.334900	1
65.595000	151.800000	-6.400000	-8.335600	1
65.598000	151.910000	-1.933200	-8.335400	1
65.601000	152.020000	-1.936800	-8.335400	1
65.603000	152.120000	-1.260500	-8.335000	1
65.606000	152.230000	-1.592500	-8.335800	1
65.608000	152.330000	-2.290200	-8.335300	1
65.611000	152.440000	-6.418000	-8.335600	1
65.613000	152.550000	-4.335200	-8.335100	1
63.290000	130.670000	-2.010800	-7.577500	1
63.308000	130.760000	-1.320600	-7.577700	1
65.454000	149.180000	-3.726100	-7.578000	1
65.459000	149.280000	-3.718500	-7.578400	1
65.464000	149.390000	-1.657000	-7.578700	1
65.468000	149.490000	-4.407100	-7.578500	1
65.473000	149.600000	-4.739600	-7.578500	1
65.477000	149.700000	-4.739300	-7.578600	1
65.481000	149.810000	-5.429400	-7.578400	1
65.486000	149.910000	-3.705500	-7.578000	1
65.490000	150.020000	-4.395400	-7.578100	1
65.494000	150.120000	-3.705200	-7.578200	1
65.498000	150.230000	-2.678700	-7.578300	1
65.502000	150.330000	-1.287300	-7.578200	1
65.506000	150.440000	-2.320600	-7.578800	1
65.509000	150.550000	-2.324300	-7.578600	1
65.513000	150.650000	-2.670400	-7.578700	1
65.517000	150.760000	-1.643900	-7.578700	1
65.520000	150.860000	-4.044000	-7.578700	1
65.523000	150.970000	-3.360300	-7.578300	1
65.527000	151.070000	-2.319900	-7.578600	1
65.530000	151.180000	-1.979900	-7.578300	1
65.533000	151.280000	-1.293600	-7.578300	1
65.537000	151.390000	-1.976000	-7.578400	1
65.540000	151.500000	-3.703500	-7.578600	1
65.543000	151.600000	-4.039600	-7.578800	1
65.545000	151.710000	-4.737400	-7.578300	1
63.248000	130.720000	-3.755300	-6.823300	1
63.265000	130.810000	-1.352400	-6.823500	1
63.283000	130.900000	1.737700	-6.823400	1
63.301000	130.990000	-1.352300	-6.823400	1
63.318000	131.080000	-6.852900	-6.823400	1
63.336000	131.170000	-2.042200	-6.823500	1
63.353000	131.260000	-0.314670	-6.823300	1
63.370000	131.350000	-0.654530	-6.823400	1
63.388000	131.440000	-1.351500	-6.823400	1
65.435000	149.820000	-5.443900	-6.824100	1
65.439000	149.930000	-5.103900	-6.823700	1
65.443000	150.030000	-5.103700	-6.823800	1
65.447000	150.140000	-3.043400	-6.823900	1
65.451000	150.240000	-3.043200	-6.823900	1
65.455000	150.350000	-1.663100	-6.823800	1
65.459000	150.450000	-0.982520	-6.824500	1
65.463000	150.560000	-0.292460	-6.824300	1
65.466000	150.660000	-3.038700	-6.824300	1
65.470000	150.770000	-2.692200	-6.824400	1
65.473000	150.870000	-3.382200	-6.824400	1
65.477000	150.980000	-3.042300	-6.824000	1
65.480000	151.080000	-0.978180	-6.824200	1
65.483000	151.190000	-3.382100	-6.824000	1
65.487000	151.300000	-0.978250	-6.823900	1
65.490000	151.400000	-2.348200	-6.824100	1
65.493000	151.510000	-3.378100	-6.824200	1
65.496000	151.610000	-4.765400	-6.824500	1
65.499000	151.720000	-3.041800	-6.824000	1
65.388000	149.830000	-4.873200	-6.069400	1
65.392000	149.940000	-3.503200	-6.069100	1
65.397000	150.040000	-2.809400	-6.069100	1
65.401000	150.150000	-1.442900	-6.069200	1
65.405000	150.250000	-0.751500	-6.069200	1
65.408000	150.360000	0.278600	-6.069100	1
65.412000	150.460000	-0.410880	-6.069700	1
65.416000	150.570000	-0.754540	-6.069600	1
65.420000	150.670000	0.283050	-6.069600	1
65.423000	150.780000	-2.120600	-6.069700	1
65.427000	150.890000	-1.086600	-6.069800	1
65.430000	150.990000	-2.116900	-6.069300	1
65.434000	151.100000	-2.470400	-6.069500	1
65.437000	151.200000	-2.120400	-6.069300	1
65.440000	151.310000	-0.406630	-6.069200	1
65.443000	151.410000	-1.090200	-6.069400	1
65.446000	151.520000	-2.806500	-6.069500	1
65.449000	151.620000	-3.150000	-6.069800	1
65.452000	151.730000	-3.847700	-6.069300	1
65.455000	151.830000	-1.787100	-6.069800	1
65.458000	151.940000	-4.877300	-6.069800	1
65.346000	149.950000	-1.601700	-5.314000	1
65.350000	150.060000	-0.571560	-5.314000	1
65.354000	150.160000	-0.231460	-5.314100	1
65.358000	150.270000	-2.293900	-5.314100	1
65.362000	150.370000	-0.573780	-5.313900	1
65.366000	150.480000	-1.603200	-5.314600	1
65.370000	150.580000	-1.953200	-5.314500	1
65.373000	150.690000	-1.953000	-5.314600	1
65.377000	150.790000	-1.262800	-5.314600	1
65.380000	150.900000	-2.632600	-5.314800	1
65.384000	151.000000	-1.952800	-5.314300	1
65.387000	151.110000	-2.289000	-5.314500	1
65.390000	151.210000	-0.572620	-5.314200	1
65.394000	151.320000	-1.262700	-5.314200	1
65.397000	151.420000	0.117520	-5.314300	1
65.400000	151.530000	-1.262400	-5.314400	1
65.403000	151.630000	-1.602100	-5.314700	1
65.406000	151.740000	-0.239650	-5.314200	1
65.408000	151.840000	-1.609300	-5.314700	1
65.411000	151.950000	-4.359400	-5.314700	1
65.414000	152.050000	-7.456100	-5.314700	1
65.416000	152.160000	-5.385900	-5.314200	1
65.419000	152.260000	1.145100	-5.315000	1
65.300000	149.960000	-2.090900	-4.559100	1
65.304000	150.070000	-3.126800	-4.559100	1
65.308000	150.170000	-1.756600	-4.559200	1
65.312000	150.280000	-2.093000	-4.559200	1
65.316000	150.380000	-2.092900	-4.559000	1
65.320000	150.490000	-2.782300	-4.559700	1
65.323000	150.590000	-1.412200	-4.559600	1
65.327000	150.700000	-1.062000	-4.559600	1
65.330000	150.800000	-0.031786	-4.559700	1
65.334000	150.910000	0.308480	-4.559900	1
65.337000	151.010000	-1.061800	-4.559400	1
65.341000	151.120000	1.338500	-4.559600	1
65.344000	151.220000	-0.721670	-4.559400	1
65.347000	151.330000	-0.371670	-4.559300	1
65.350000	151.430000	1.342000	-4.559300	1
65.353000	151.540000	-1.061400	-4.559500	1
65.356000	151.640000	-1.061200	-4.559800	1
65.359000	151.750000	-0.378580	-4.559300	1
65.362000	151.850000	-5.527800	-4.559800	1
65.365000	151.960000	-3.471100	-4.559800	1
65.367000	152.060000	1.335700	-4.559800	1
65.370000	152.170000	-2.094700	-4.559200	1
65.372000	152.270000	-3.124100	-4.560100	1
65.375000	152.380000	-1.417700	-4.559600	1
65.377000	152.480000	-1.413800	-4.559900	1
65.258000	150.080000	-4.434000	-3.803300	1
65.262000	150.190000	-2.713700	-3.803400	1
65.266000	150.290000	-1.340100	-3.803300	1
65.269000	150.400000	-0.310060	-3.803200	1
65.273000	150.500000	-0.309430	-3.803800	1
65.277000	150.600000	1.760700	-3.803700	1
65.281000	150.710000	2.790900	-3.803800	1
65.284000	150.810000	2.791100	-3.803900	1
65.288000	150.920000	0.721350	-3.804100	1
65.291000	151.020000	1.761100	-3.803600	1
65.294000	151.130000	1.411300	-3.803800	1
65.298000	151.230000	0.381190	-3.803600	1
65.301000	151.340000	1.071200	-3.803500	1
65.304000	151.440000	-0.988760	-3.803500	1
65.307000	151.550000	1.411400	-3.803700	1
65.310000	151.650000	0.034754	-3.803900	1
65.313000	151.760000	-4.095700	-3.803500	1
65.316000	151.860000	-2.035200	-3.804000	1
65.207000	149.990000	-2.962700	-3.047300	1
65.211000	150.090000	-1.239300	-3.047200	1
65.215000	150.200000	-1.239100	-3.047300	1
65.219000	150.300000	-0.209010	-3.047200	1
65.223000	150.410000	1.511000	-3.047000	1
65.227000	150.510000	2.541700	-3.047700	1
65.231000	150.620000	3.571800	-3.047600	1
65.234000	150.720000	5.982000	-3.047700	1
65.238000	150.820000	4.262100	-3.047700	1
65.241000	150.930000	2.545800	-3.048000	1
65.245000	151.030000	0.825490	-3.047500	1
65.248000	151.140000	1.512400	-3.047700	1
65.251000	151.240000	0.822280	-3.047500	1
65.254000	151.350000	2.202300	-3.047400	1
65.258000	151.450000	0.485660	-3.047400	1
65.261000	151.560000	0.822490	-3.047500	1
65.263000	151.660000	-0.547270	-3.047800	1
65.266000	151.770000	-3.301000	-3.047400	1
65.269000	151.870000	1.849600	-3.047800	1
65.177000	150.420000	-0.074464	-2.295500	1
65.181000	150.520000	-0.423850	-2.296100	1
65.185000	150.630000	1.986300	-2.296100	1
65.188000	150.730000	3.706500	-2.296100	1
65.192000	150.840000	3.709800	-2.296200	1
65.195000	150.940000	1.647100	-2.296500	1
65.199000	151.040000	2.676800	-2.296000	1
65.202000	151.150000	3.360200	-2.296200	1
65.205000	151.250000	2.326900	-2.296000	1
65.208000	151.360000	2.676900	-2.295900	1
65.212000	151.460000	2.676900	-2.295900	1
65.215000	151.570000	3.020200	-2.296000	1
65.217000	151.670000	4.047300	-2.296300	1
65.220000	151.780000	1.987100	-2.295900	1
65.223000	151.880000	2.327400	-2.296300	1
65.123000	150.220000	0.988280	-1.540800	1
65.127000	150.330000	-0.731710	-1.540600	1
65.131000	150.430000	0.638310	-1.540400	1
65.135000	150.530000	3.048900	-1.541000	1
65.138000	150.640000	4.419000	-1.541000	1
65.142000	150.740000	1.672100	-1.541000	1
65.146000	150.850000	3.049300	-1.541100	1
65.149000	150.950000	5.449700	-1.541500	1
65.152000	151.050000	4.079500	-1.541000	1
65.156000	151.160000	3.742600	-1.541200	1
65.159000	151.260000	3.742600	-1.541000	1
65.162000	151.370000	6.142600	-1.540900	1
65.165000	151.470000	3.052600	-1.540900	1
65.168000	151.580000	6.142700	-1.541000	1
65.171000	151.680000	4.422900	-1.541200	1
65.174000	151.780000	5.802800	-1.540900	1
65.177000	151.890000	1.333000	-1.541200	1
65.077000	150.230000	0.970340	-0.792130	1
65.081000	150.340000	-1.089600	-0.791970	1
65.085000	150.440000	-0.399580	-0.791740	1
65.089000	150.550000	2.343500	-0.792300	1
65.093000	150.650000	6.471000	-0.792280	1
65.096000	150.750000	6.811200	-0.792360	1
65.100000	150.860000	7.164000	-0.792360	1
65.103000	150.960000	6.814300	-0.792810	1
65.107000	151.070000	5.784200	-0.792360	1
65.110000	151.170000	7.844400	-0.792520	1
65.113000	151.270000	4.754300	-0.792330	1
65.116000	151.380000	5.784400	-0.792290	1
65.119000	151.480000	8.194400	-0.792210	1
65.122000	151.590000	9.914500	-0.792350	1
65.125000	151.690000	8.194700	-0.792570	1
65.128000	151.790000	8.194600	-0.792240	1
65.131000	151.900000	3.384800	-0.792570	1
65.134000	152.000000	-3.148000	-0.792640	1
65.024000	150.040000	3.895000	0.118260	1
65.028000	150.140000	-0.564980	0.118120	1
65.032000	150.250000	2.867800	0.118590	1
65.035000	150.350000	3.217900	0.118120	1
65.039000	150.450000	1.148000	0.118130	1
65.043000	150.560000	8.708300	0.118460	1
65.047000	150.660000	12.498000	0.118130	1
65.050000	150.760000	7.678500	0.118450	1
65.054000	150.870000	5.618600	0.118090	1
65.057000	150.970000	3.218700	0.118350	1
65.061000	151.080000	10.429000	0.118450	1
65.064000	151.180000	9.398900	0.118410	1
65.067000	151.280000	7.339000	0.118310	1
65.070000	151.390000	9.059100	0.118620	1
65.073000	151.490000	7.681700	0.118570	1
65.076000	151.590000	9.401800	0.119050	1
65.079000	151.700000	12.502000	0.118890	1
65.082000	151.800000	8.711900	0.118710	1
65.085000	151.910000	13.182000	0.119140	1
65.088000	152.010000	1.152000	0.118960	1
65.090000	152.110000	-3.660600	0.119070	1
64.981000	150.150000	-2.164100	0.733510	1
64.985000	150.260000	2.646100	0.733530	1
64.989000	150.360000	5.396300	0.733600	1
64.993000	150.460000	0.926500	0.733890	1
64.997000	150.570000	4.366500	0.733430	1
65.001000	150.670000	7.456600	0.733300	1
65.004000	150.770000	3.336700	0.733330	1
65.008000	150.880000	2.296800	0.733230	1
65.011000	150.980000	3.339400	0.732720	1
65.014000	151.090000	6.769700	0.733230	1
65.018000	151.190000	7.459700	0.733060	1
65.021000	151.290000	6.769900	0.733210	1
65.024000	151.400000	8.150000	0.733350	1
65.027000	151.500000	6.770100	0.733480	1
65.030000	151.600000	7.800100	0.733510	1
65.033000	151.710000	7.120100	0.733230	1
65.036000	151.810000	8.490200	0.733470	1
65.039000	151.910000	7.800200	0.733330	1
65.041000	152.020000	1.960200	0.733160	1
65.044000	152.120000	-5.945400	0.733030	1
64.927000	149.960000	0.276320	1.488100	1
64.931000	150.060000	0.619500	1.488300	1
64.935000	150.170000	0.969780	1.488600	1
64.939000	150.270000	-0.057209	1.488500	1
64.943000	150.370000	1.653000	1.488700	1
64.947000	150.480000	3.373400	1.489000	1
64.951000	150.580000	5.433300	1.488500	1
64.954000	150.680000	1.313300	1.488400	1
64.958000	150.790000	-0.056597	1.488400	1
64.961000	150.890000	2.683500	1.488400	1
64.965000	150.990000	3.373300	1.487800	1
64.968000	151.100000	6.473700	1.488300	1
64.971000	151.200000	7.153700	1.488100	1
64.975000	151.300000	3.723800	1.488300	1
64.978000	151.410000	4.404000	1.488300	1
64.981000	151.510000	3.724100	1.488500	1
64.984000	151.610000	4.064200	1.488500	1
64.987000	151.720000	2.684100	1.488300	1
64.989000	151.820000	3.034300	1.488500	1
64.992000	151.920000	2.684200	1.488400	1
64.995000	152.030000	3.377100	1.488200	1
64.881000	149.970000	-0.527390	2.237200	1
64.885000	150.070000	-1.557200	2.237400	1
64.889000	150.180000	-0.173670	2.237700	1
64.893000	150.280000	-0.863570	2.237600	1
64.897000	150.380000	-0.173290	2.237800	1
64.901000	150.490000	0.857120	2.238100	1
64.905000	150.590000	-0.859970	2.237700	1
64.908000	150.690000	-0.859930	2.237500	1
64.912000	150.800000	1.200200	2.237500	1
64.915000	150.900000	2.920400	2.237500	1
64.919000	151.000000	3.610100	2.236900	1
64.922000	151.100000	3.260500	2.237400	1
64.925000	151.210000	4.640400	2.237200	1
64.929000	151.310000	2.580600	2.237400	1
64.932000	151.410000	3.260700	2.237400	1
64.935000	151.520000	3.260900	2.237600	1
64.938000	151.620000	1.890900	2.237600	1
64.941000	151.720000	1.890800	2.237400	1
64.943000	151.830000	1.891000	2.237600	1
64.946000	151.930000	1.891000	2.237500	1
64.949000	152.030000	2.581000	2.237300	1
64.952000	152.140000	4.641000	2.237100	1
64.954000	152.240000	3.614700	2.237800	1
64.956000	152.350000	-6.009200	2.237100	1
62.697000	131.260000	-4.378100	2.993300	1
62.715000	131.340000	-1.977800	2.993400	1
62.732000	131.430000	-0.257680	2.993500	1
64.839000	150.090000	-3.676200	2.993700	1
64.843000	150.190000	-2.642600	2.993900	1
64.847000	150.290000	-1.262500	2.993900	1
64.851000	150.390000	-0.922330	2.994000	1
64.855000	150.500000	-0.571240	2.994300	1
64.858000	150.600000	-0.231390	2.994000	1
64.862000	150.700000	-0.571380	2.993800	1
64.866000	150.810000	2.178800	2.993800	1
64.869000	150.910000	1.829000	2.993900	1
64.873000	151.010000	0.455230	2.993200	1
64.876000	151.110000	0.458950	2.993700	1
64.879000	151.220000	1.148900	2.993500	1
64.882000	151.320000	-0.230960	2.993600	1
64.885000	151.420000	1.489200	2.993600	1
64.888000	151.530000	1.149400	2.993800	1
64.891000	151.630000	-0.570620	2.993800	1
64.894000	151.730000	0.459330	2.993700	1
64.897000	151.840000	1.149500	2.993800	1
64.900000	151.940000	0.109580	2.993800	1
64.903000	152.040000	-0.570490	2.993600	1
64.905000	152.150000	0.459470	2.993400	1
64.908000	152.250000	2.180100	2.994000	1
64.910000	152.350000	-0.570380	2.993400	1
62.655000	131.300000	-5.799300	3.748300	1
62.672000	131.380000	-4.082500	3.748400	1
64.780000	149.790000	-2.333000	3.748900	1
64.785000	149.890000	-3.366500	3.748700	1
64.789000	149.990000	-0.612900	3.748600	1
64.793000	150.100000	-1.302700	3.748700	1
64.797000	150.200000	-0.615790	3.748900	1
64.801000	150.300000	-1.305700	3.748900	1
64.805000	150.400000	-1.995400	3.749000	1
64.808000	150.510000	-3.021600	3.749400	1
64.812000	150.610000	-3.021900	3.749000	1
64.816000	150.710000	-2.332000	3.748900	1
64.819000	150.820000	-1.992000	3.748900	1
64.823000	150.920000	-1.298600	3.749000	1
64.826000	151.020000	-0.955020	3.748300	1
64.830000	151.120000	0.075377	3.748700	1
64.833000	151.230000	0.418780	3.748500	1
64.836000	151.330000	-1.641100	3.748600	1
64.839000	151.430000	-0.614510	3.748600	1
64.842000	151.540000	0.415750	3.748900	1
64.845000	151.640000	0.079274	3.748900	1
64.848000	151.740000	0.412320	3.748700	1
64.851000	151.840000	-0.614080	3.748800	1
64.854000	151.950000	-0.610510	3.748800	1
64.856000	152.050000	1.109500	3.748600	1
64.859000	152.150000	-0.950630	3.748400	1
64.861000	152.260000	-1.640100	3.749000	1
64.864000	152.360000	1.799600	3.748500	1
64.866000	152.460000	0.079839	3.748700	1
64.868000	152.570000	-4.057400	3.748400	1
62.612000	131.340000	-5.625100	4.501900	1
64.747000	150.110000	0.592010	4.502300	1
64.751000	150.210000	-1.477700	4.502600	1
64.755000	150.310000	-2.157600	4.502500	1
64.758000	150.420000	-1.813700	4.502700	1
64.762000	150.520000	-2.843400	4.503000	1
64.766000	150.620000	-2.843500	4.502700	1
64.770000	150.720000	-0.783350	4.502600	1
64.773000	150.830000	-1.473200	4.502600	1
64.777000	150.930000	-2.503200	4.502700	1
64.780000	151.030000	-2.503700	4.502000	1
64.783000	151.130000	-1.123400	4.502300	1
64.787000	151.240000	-0.093529	4.502200	1
64.790000	151.340000	-1.470000	4.502300	1
64.793000	151.440000	0.596540	4.502300	1
64.796000	151.540000	-0.429750	4.502500	1
64.799000	151.650000	-1.473300	4.502500	1
64.802000	151.750000	-2.502500	4.502400	1
64.804000	151.850000	2.310700	4.502400	1
64.807000	151.960000	1.270800	4.502500	1
64.810000	152.060000	1.624300	4.502300	1
64.812000	152.160000	-0.785800	4.502100	1
64.815000	152.260000	-0.781740	4.502700	1
64.817000	152.370000	-1.472100	4.502200	1
64.820000	152.470000	-0.785370	4.502400	1
64.822000	152.570000	0.598060	4.502100	1
64.824000	152.680000	0.598590	4.502800	1
64.826000	152.780000	-3.178500	4.502000	1
62.569000	131.380000	-6.843900	5.256700	1
64.700000	150.120000	-1.319800	5.257200	1
64.704000	150.220000	1.434200	5.257400	1
64.708000	150.320000	0.404340	5.257400	1
64.712000	150.430000	-4.405600	5.257600	1
64.716000	150.530000	-3.371500	5.257900	1
64.720000	150.630000	-3.371600	5.257700	1
64.723000	150.730000	-2.001500	5.257500	1
64.727000	150.840000	-1.311300	5.257500	1
64.730000	150.940000	-2.001100	5.257600	1
64.734000	151.040000	-1.651500	5.256900	1
64.737000	151.140000	-1.651200	5.257200	1
64.740000	151.250000	-1.997600	5.257100	1
64.743000	151.350000	-0.281080	5.257200	1
64.746000	151.450000	-0.621140	5.257100	1
64.749000	151.550000	-1.651000	5.257400	1
64.752000	151.660000	-0.967260	5.257400	1
64.755000	151.760000	-2.000900	5.257300	1
64.758000	151.860000	-5.091100	5.257300	1
64.761000	151.960000	-5.791900	5.257400	1
64.763000	152.070000	-3.381900	5.257200	1
64.766000	152.170000	-0.627440	5.257000	1
64.768000	152.270000	-3.029800	5.257600	1
64.771000	152.370000	-2.003600	5.257100	1
64.773000	152.480000	-3.369900	5.257300	1
64.776000	152.580000	-4.060100	5.257000	1
64.778000	152.680000	-4.059600	5.257700	1
64.780000	152.790000	-0.619880	5.257000	1
64.782000	152.890000	-0.969830	5.257100	1
64.784000	152.990000	-2.000000	5.257000	1
64.786000	153.090000	-4.067000	5.257500	1
64.662000	150.330000	-2.515200	6.011300	1
64.666000	150.440000	-3.191200	6.011600	1
64.669000	150.540000	-3.190800	6.011900	1
64.673000	150.640000	-2.157100	6.011700	1
64.677000	150.740000	-1.127000	6.011500	1
64.680000	150.850000	-0.096856	6.011500	1
64.684000	150.950000	-0.096651	6.011700	1
64.687000	151.050000	-1.123400	6.010900	1
64.690000	151.150000	-2.156900	6.011200	1
64.694000	151.250000	-1.126800	6.011100	1
64.697000	151.360000	-2.156800	6.011200	1
64.700000	151.460000	-1.476800	6.011100	1
64.703000	151.560000	-2.156600	6.011400	1
64.706000	151.660000	-2.506500	6.011400	1
64.709000	151.770000	-1.126300	6.011300	1
64.712000	151.870000	-0.786180	6.011300	1
64.714000	151.970000	-1.476000	6.011500	1
64.717000	152.070000	-1.126100	6.011200	1
64.719000	152.180000	-1.483700	6.011000	1
64.722000	152.280000	-3.192800	6.011600	1
64.724000	152.380000	-4.233100	6.011100	1
64.727000	152.480000	-3.539100	6.011300	1
64.729000	152.590000	-1.132800	6.011000	1
64.615000	150.340000	0.634260	6.763400	1
64.619000	150.450000	-1.421800	6.763600	1
64.623000	150.550000	-2.107800	6.763900	1
64.627000	150.650000	-1.757700	6.763800	1
64.630000	150.750000	-1.761400	6.763600	1
64.634000	150.850000	-0.047476	6.763600	1
64.637000	150.960000	-0.050978	6.763800	1
64.641000	151.060000	-1.081400	6.763000	1
64.644000	151.160000	-2.107500	6.763300	1
64.647000	151.260000	-2.451300	6.763100	1
64.650000	151.370000	-2.791200	6.763200	1
64.653000	151.470000	-0.727400	6.763100	1
64.656000	151.570000	-2.783600	6.763400	1
64.659000	151.670000	-0.390720	6.763400	1
64.662000	151.770000	-2.103300	6.763400	1
64.665000	151.880000	-5.894700	6.763300	1
64.668000	151.980000	-3.147900	6.763500	1
62.440000	131.500000	-7.477600	7.522100	1
64.572000	150.460000	-0.231920	7.523200	1
64.576000	150.560000	-1.608000	7.523500	1
64.580000	150.660000	-0.574100	7.523400	1
64.583000	150.760000	0.119690	7.523200	1
64.587000	150.860000	0.806110	7.523300	1
64.590000	150.970000	1.146300	7.523500	1
64.594000	151.070000	0.119700	7.522700	1
64.597000	151.170000	-1.607700	7.522900	1
64.600000	151.270000	-0.913930	7.522800	1
64.603000	151.370000	-3.327800	7.522800	1
64.606000	151.480000	-1.257700	7.522700	1
64.609000	151.580000	-0.913660	7.523000	1
64.612000	151.680000	-0.573530	7.523000	1
64.615000	151.780000	-5.387600	7.523000	1
64.618000	151.880000	-4.353700	7.522900	1
64.525000	150.470000	-3.312300	8.276600	1
64.529000	150.570000	1.162100	8.276900	1
64.533000	150.670000	0.135840	8.276900	1
64.536000	150.770000	0.139630	8.276700	1
64.540000	150.870000	-0.214020	8.276700	1
64.543000	150.980000	-1.236400	8.276900	1
64.547000	151.080000	-0.886630	8.276200	1
64.550000	151.180000	-2.614200	8.276400	1
64.553000	151.280000	-1.244200	8.276200	1
64.556000	151.380000	0.135930	8.276300	1
64.559000	151.480000	-1.920600	8.276100	1
64.562000	151.590000	-3.640400	8.276400	1
64.565000	151.690000	-2.610200	8.276400	1
64.568000	151.790000	-4.670400	8.276500	1
64.571000	151.890000	-4.670400	8.276300	1
64.470000	150.270000	-5.275900	9.035400	1
64.474000	150.380000	-3.547900	9.035300	1
64.478000	150.480000	-2.868800	9.035500	1
64.482000	150.580000	1.259200	9.035800	1
64.485000	150.680000	0.229190	9.035800	1
64.489000	150.780000	-0.451010	9.035600	1
64.493000	150.880000	-1.827400	9.035700	1
64.496000	150.990000	-2.860100	9.035900	1
64.499000	151.090000	-2.860300	9.035100	1
64.503000	151.190000	-1.833900	9.035300	1
64.506000	151.290000	-1.143800	9.035200	1
64.509000	151.390000	-2.177600	9.035200	1
64.512000	151.490000	-2.531500	9.035100	1
64.515000	151.590000	-2.867500	9.035400	1
64.518000	151.700000	-3.199800	9.035400	1
64.423000	150.290000	-8.372600	9.789800	1
64.427000	150.390000	-5.614200	9.789600	1
64.431000	150.490000	-2.190900	9.789900	1
64.435000	150.590000	2.629600	9.790100	1
64.438000	150.690000	0.913450	9.790200	1
64.442000	150.790000	-1.146600	9.790000	1
64.445000	150.890000	-2.515300	9.790000	1
64.449000	150.990000	-1.832500	9.790300	1
64.452000	151.100000	-3.205400	9.789500	1
64.455000	151.200000	-1.488900	9.789700	1
64.459000	151.300000	-1.828900	9.789600	1
64.462000	151.400000	-4.929300	9.789600	1
64.465000	151.500000	-2.855200	9.789400	1
64.468000	151.600000	-5.269100	9.789700	1
64.471000	151.700000	-2.529900	9.789700	1
64.474000	151.810000	-3.544700	9.789800	1
64.476000	151.910000	-3.215900	9.789600	1
64.479000	152.010000	-2.525500	9.789900	1
64.383000	150.500000	-3.851900	10.548000	1
64.387000	150.600000	-5.579500	10.548000	1
64.391000	150.700000	-2.467500	10.548000	1
64.394000	150.800000	-0.063535	10.548000	1
64.398000	150.900000	-0.747210	10.548000	1
64.401000	151.000000	-1.093200	10.548000	1
64.405000	151.100000	-3.153700	10.547000	1
64.408000	151.210000	-2.119700	10.547000	1
64.411000	151.310000	-0.739520	10.547000	1
64.414000	151.410000	-4.179900	10.547000	1
64.417000	151.510000	-5.225200	10.547000	1
64.420000	151.610000	-1.436900	10.547000	1
64.423000	151.710000	-6.601400	10.547000	1
64.426000	151.810000	-5.220900	10.548000	1
64.429000	151.910000	-3.489200	10.547000	1
64.328000	150.310000	-5.304400	11.300000	1
64.332000	150.410000	-3.237700	11.300000	1
64.336000	150.510000	-4.285000	11.300000	1
64.340000	150.610000	-4.625000	11.300000	1
64.343000	150.710000	-3.919500	11.301000	1
64.347000	150.810000	-1.169100	11.300000	1
64.350000	150.910000	-1.519000	11.300000	1
64.354000	151.010000	-3.221400	11.301000	1
64.357000	151.110000	-3.571600	11.300000	1
64.360000	151.210000	-2.545200	11.300000	1
64.363000	151.320000	-3.915400	11.300000	1
64.367000	151.420000	-2.892700	11.300000	1
64.370000	151.520000	-2.191300	11.300000	1
64.373000	151.620000	-5.291600	11.300000	1
64.375000	151.720000	-4.945300	11.300000	1
64.378000	151.820000	-5.975300	11.300000	1
64.381000	151.920000	-6.321600	11.300000	1
64.292000	150.620000	-5.400300	12.055000	1
64.295000	150.720000	-5.713700	12.056000	1
64.299000	150.820000	-3.313100	12.055000	1
64.302000	150.920000	-4.679400	12.056000	1
64.306000	151.020000	-5.365600	12.056000	1
64.309000	151.120000	-4.335500	12.055000	1
64.312000	151.220000	0.131370	12.055000	1
64.315000	151.320000	-3.309000	12.055000	1
64.319000	151.420000	-6.754900	12.055000	1
64.322000	151.530000	-5.025500	12.055000	1
64.325000	151.630000	-2.954900	12.055000	1
64.327000	151.730000	-2.270900	12.055000	1
64.330000	151.830000	-6.731700	12.055000	1
64.224000	150.120000	-6.376800	12.816000	1
64.228000	150.230000	-2.938400	12.816000	1
64.232000	150.330000	-2.248000	12.816000	1
64.236000	150.430000	-2.937900	12.816000	1
64.239000	150.530000	-6.368700	12.816000	1
64.243000	150.630000	-7.070300	12.816000	1
64.247000	150.730000	-6.031400	12.816000	1
64.250000	150.830000	-3.276800	12.816000	1
64.254000	150.930000	-2.582800	12.816000	1
64.257000	151.030000	-4.989200	12.817000	1
64.261000	151.130000	-4.291600	12.816000	1
64.264000	151.230000	-5.321700	12.816000	1
64.267000	151.330000	-6.011900	12.816000	1
64.270000	151.430000	-4.985300	12.816000	1
64.273000	151.530000	-6.011900	12.816000	1
64.276000	151.630000	-4.287500	12.816000	1
64.279000	151.730000	-6.015400	12.816000	1
64.282000	151.840000	-5.678800	12.816000	1
64.202000	150.840000	-4.376900	13.575000	1
64.205000	150.940000	-5.403000	13.575000	1
64.208000	151.040000	-4.712700	13.575000	1
64.212000	151.140000	-5.395500	13.575000	1
64.215000	151.240000	-4.015000	13.575000	1
64.218000	151.340000	-5.743000	13.575000	1
64.221000	151.440000	-5.387700	13.575000	1
64.224000	151.540000	-5.743000	13.574000	1
64.227000	151.640000	-5.402600	13.575000	1
64.230000	151.740000	-6.075300	13.575000	1
64.233000	151.840000	-6.421400	13.575000	1
64.236000	151.940000	-6.425300	13.574000	1
64.135000	150.350000	-5.510100	14.327000	1
64.139000	150.450000	-7.913500	14.327000	1
64.142000	150.550000	-8.590000	14.327000	1
64.146000	150.650000	-9.985900	14.327000	1
64.150000	150.750000	-7.559000	14.327000	1
64.153000	150.850000	-8.260300	14.327000	1
64.157000	150.950000	-7.551000	14.327000	1
64.160000	151.050000	-7.210700	14.328000	1
64.163000	151.150000	-6.524400	14.327000	1
64.167000	151.250000	-7.554700	14.327000	1
64.170000	151.350000	-7.893500	14.327000	1
64.173000	151.450000	-7.206800	14.327000	1
64.176000	151.550000	-5.149900	14.327000	1
64.179000	151.650000	-7.221700	14.327000	1
64.182000	151.750000	-5.818600	14.327000	1
64.184000	151.850000	-5.482100	14.327000	1
64.187000	151.950000	-6.519900	14.327000	1
64.190000	152.050000	-6.527300	14.327000	1
64.192000	152.150000	-8.248000	14.327000	1
64.195000	152.250000	-6.179400	14.327000	1
64.197000	152.350000	-6.869700	14.327000	1
64.200000	152.450000	-8.923200	14.327000	1
64.048000	149.460000	-8.624400	15.089000	1
64.052000	149.560000	-6.892200	15.088000	1
64.056000	149.660000	-6.204600	15.089000	1
64.061000	149.760000	-8.615700	15.089000	1
64.065000	149.860000	-7.588900	15.089000	1
64.069000	149.960000	-7.245900	15.089000	1
64.073000	150.060000	-7.596000	15.089000	1
64.077000	150.160000	-7.603300	15.089000	1
64.081000	150.260000	-6.909200	15.088000	1
64.085000	150.360000	-8.966400	15.088000	1
64.089000	150.460000	-8.625700	15.088000	1
64.093000	150.560000	-9.316300	15.088000	1
64.097000	150.660000	-8.958400	15.088000	1
64.100000	150.760000	-7.602200	15.089000	1
64.104000	150.860000	-7.583500	15.089000	1
64.107000	150.960000	-7.583100	15.089000	1
64.110000	151.060000	-7.229200	15.089000	1
64.114000	151.160000	-6.206000	15.089000	1
64.117000	151.260000	-6.888700	15.088000	1
64.120000	151.360000	-7.228900	15.088000	1
64.123000	151.460000	-7.236400	15.088000	1
64.126000	151.560000	-6.548500	15.088000	1
64.129000	151.660000	-6.559700	15.088000	1
64.132000	151.760000	-6.198200	15.088000	1
64.135000	151.860000	-6.194200	15.089000	1
64.138000	151.960000	-7.232400	15.088000	1
64.140000	152.060000	-6.888200	15.089000	1
64.143000	152.160000	-5.857800	15.088000	1
64.145000	152.260000	-7.224500	15.088000	1
64.148000	152.360000	-6.540300	15.088000	1
64.150000	152.460000	-7.231600	15.088000	1
64.152000	152.560000	-7.231700	15.088000	1
64.003000	149.570000	-8.340900	15.844000	1
64.007000	149.670000	-5.932900	15.845000	1
64.011000	149.770000	-7.664600	15.846000	1
64.016000	149.870000	-6.279000	15.845000	1
64.020000	149.970000	-7.324500	15.845000	1
64.024000	150.070000	-7.320400	15.845000	1
64.028000	150.170000	-7.993200	15.845000	1
64.032000	150.270000	-7.993200	15.845000	1
64.036000	150.370000	-6.285800	15.845000	1
64.040000	150.460000	-7.992700	15.845000	1
64.043000	150.560000	-8.327800	15.845000	1
64.047000	150.660000	-9.029300	15.845000	1
64.051000	150.760000	-8.003300	15.845000	1
64.054000	150.860000	-4.549300	15.845000	1
64.058000	150.960000	-7.988400	15.845000	1
64.061000	151.060000	-5.568000	15.846000	1
64.064000	151.160000	-6.949900	15.845000	1
64.068000	151.260000	-6.265700	15.845000	1
64.071000	151.360000	-7.636300	15.845000	1
64.074000	151.460000	-6.601800	15.845000	1
64.077000	151.560000	-6.269300	15.845000	1
64.080000	151.660000	-4.548600	15.845000	1
64.083000	151.760000	-4.544900	15.845000	1
64.085000	151.860000	-6.605600	15.845000	1
64.088000	151.960000	-7.965200	15.845000	1
64.091000	152.060000	-7.287900	15.845000	1
64.093000	152.160000	-7.284400	15.845000	1
64.096000	152.260000	-6.264900	15.845000	1
63.958000	149.680000	-5.021200	16.599000	1
63.962000	149.780000	-6.752800	16.600000	1
63.966000	149.880000	-8.122400	16.599000	1
63.970000	149.980000	-8.827700	16.600000	1
63.974000	150.080000	-9.512100	16.600000	1
63.978000	150.180000	-8.462100	16.600000	1
63.982000	150.280000	-3.657600	16.599000	1
63.986000	150.370000	-6.755100	16.599000	1
63.990000	150.470000	-6.740300	16.599000	1
63.994000	150.570000	-7.101300	16.599000	1
63.998000	150.670000	-8.457200	16.599000	1
64.001000	150.770000	-8.460600	16.600000	1
64.005000	150.870000	-6.750800	16.599000	1
64.008000	150.970000	-7.429800	16.600000	1
64.011000	151.070000	-7.777000	16.600000	1
64.015000	151.170000	-6.058700	16.599000	1
64.018000	151.270000	-3.987800	16.599000	1
64.021000	151.370000	-6.406100	16.599000	1
64.024000	151.470000	-6.735100	16.599000	1
64.027000	151.570000	-7.092800	16.599000	1
64.030000	151.670000	-6.406000	16.599000	1
64.033000	151.770000	-7.103900	16.599000	1
64.036000	151.870000	-5.371600	16.599000	1
64.038000	151.970000	-7.088900	16.599000	1
64.041000	152.070000	-7.776400	16.599000	1
64.044000	152.170000	-5.704000	16.599000	1
64.046000	152.270000	-6.749300	16.599000	1
64.049000	152.370000	-6.061600	16.599000	1
64.051000	152.470000	-7.768400	16.599000	1
64.053000	152.570000	-7.772200	16.599000	1
63.916000	149.890000	-5.760500	17.364000	1
63.920000	149.990000	-7.123500	17.364000	1
63.924000	150.090000	-7.112300	17.364000	1
63.928000	150.190000	-8.146600	17.364000	1
63.932000	150.280000	-9.180900	17.364000	1
63.936000	150.380000	-9.165900	17.364000	1
63.939000	150.480000	-3.670300	17.364000	1
63.943000	150.580000	-7.115400	17.364000	1
63.947000	150.680000	-7.801800	17.364000	1
63.950000	150.780000	-8.825000	17.364000	1
63.954000	150.880000	-5.050100	17.364000	1
63.957000	150.980000	-5.747600	17.364000	1
63.961000	151.080000	-4.695600	17.365000	1
63.964000	151.180000	-6.431300	17.364000	1
63.967000	151.280000	-7.461700	17.364000	1
63.970000	151.380000	-3.000000	17.364000	1
63.973000	151.480000	-6.431000	17.364000	1
63.976000	151.580000	-6.090800	17.364000	1
63.979000	151.680000	-5.056700	17.364000	1
63.982000	151.780000	-7.800500	17.364000	1
63.985000	151.880000	-7.457900	17.364000	1
63.988000	151.980000	-8.141200	17.364000	1
63.990000	152.080000	-6.777300	17.364000	1
63.861000	149.800000	-5.870700	18.125000	1
63.865000	149.900000	-6.905000	18.125000	1
63.869000	150.000000	-8.267000	18.125000	1
63.873000	150.100000	-7.233400	18.125000	1
63.877000	150.200000	-7.244500	18.125000	1
63.881000	150.290000	-7.576300	18.124000	1
63.885000	150.390000	-7.938500	18.124000	1
63.889000	150.490000	-6.881900	18.124000	1
63.892000	150.590000	-5.529500	18.124000	1
63.896000	150.690000	-8.266200	18.124000	1
63.900000	150.790000	-7.225100	18.125000	1
63.903000	150.890000	-7.232400	18.125000	1
63.907000	150.990000	-4.484600	18.125000	1
63.910000	151.090000	-4.129500	18.125000	1
63.913000	151.190000	-5.521000	18.125000	1
63.916000	151.290000	-3.804100	18.125000	1
63.920000	151.390000	-6.555100	18.125000	1
63.923000	151.490000	-5.520700	18.125000	1
63.926000	151.590000	-7.231700	18.124000	1
63.929000	151.690000	-7.242800	18.124000	1
63.931000	151.780000	-7.918300	18.124000	1