La	Lo	Sig	Theta	Ice
64.891000	169.340000	-4.065100	-18.182000	1
64.876000	169.430000	-1.679200	-18.182000	1
66.230000	149.770000	-6.415600	-17.424000	1
66.229000	149.880000	-4.694400	-17.424000	1
66.229000	149.990000	-4.354000	-17.424000	1
66.228000	150.100000	-6.070800	-17.424000	1
66.228000	150.210000	-5.737900	-17.424000	1
66.227000	150.320000	-5.734200	-17.424000	1
66.227000	150.430000	-5.733900	-17.424000	1
66.226000	150.540000	-6.074000	-17.424000	1
66.225000	150.640000	-6.070200	-17.424000	1
66.224000	150.750000	-5.043300	-17.424000	1
66.223000	150.860000	-5.386900	-17.424000	1
66.222000	150.970000	-5.733500	-17.423000	1
66.221000	151.080000	-5.042900	-17.424000	1
66.220000	151.190000	-3.658800	-17.423000	1
66.218000	151.300000	-5.379200	-17.424000	1
66.217000	151.410000	-6.417200	-17.423000	1
66.216000	151.520000	-6.073200	-17.424000	1
66.214000	151.620000	-6.065800	-17.423000	1
66.212000	151.730000	-5.733000	-17.424000	1
66.179000	149.890000	-6.385600	-16.661000	1
66.178000	149.990000	-6.041600	-16.661000	1
66.178000	150.100000	-6.389000	-16.661000	1
66.177000	150.210000	-5.694700	-16.661000	1
66.177000	150.320000	-5.358300	-16.661000	1
66.176000	150.430000	-5.365700	-16.661000	1
66.175000	150.540000	-5.365500	-16.661000	1
66.174000	150.650000	-6.388400	-16.661000	1
66.173000	150.760000	-5.705400	-16.661000	1
66.172000	150.860000	-6.047900	-16.661000	1
66.171000	150.970000	-5.709100	-16.661000	1
66.170000	151.080000	-4.671000	-16.661000	1
66.169000	151.190000	-5.007300	-16.661000	1
66.168000	151.300000	-4.659600	-16.661000	1
66.166000	151.410000	-6.055100	-16.661000	1
66.165000	151.520000	-5.697400	-16.661000	1
66.163000	151.620000	-7.081900	-16.661000	1
66.162000	151.730000	-5.701100	-16.661000	1
66.160000	151.840000	-7.078500	-16.661000	1
66.028000	150.330000	-4.076900	-14.393000	1
66.027000	150.440000	-5.791000	-14.393000	1
66.026000	150.540000	-5.446800	-14.393000	1
66.026000	150.650000	-5.454200	-14.393000	1
66.025000	150.760000	-3.737500	-14.393000	1
66.024000	150.870000	-4.076200	-14.393000	1
66.023000	150.980000	-5.102700	-14.393000	1
66.021000	151.080000	-5.106300	-14.393000	1
66.020000	151.190000	-5.106400	-14.393000	1
66.019000	151.300000	-6.136500	-14.393000	1
66.017000	151.410000	-6.136500	-14.393000	1
66.016000	151.520000	-5.102300	-14.393000	1
66.014000	151.620000	-5.779000	-14.393000	1
66.013000	151.730000	-5.453800	-14.393000	1
66.011000	151.840000	-4.763700	-14.393000	1
66.009000	151.950000	-6.140300	-14.393000	1
66.007000	152.060000	-2.009500	-14.393000	1
66.005000	152.160000	-3.722200	-14.393000	1
66.003000	152.270000	-4.423800	-14.393000	1
66.001000	152.380000	-5.793800	-14.393000	1
65.999000	152.490000	-5.453900	-14.393000	1
65.997000	152.590000	-4.434700	-14.393000	1
65.995000	152.700000	-7.514600	-14.393000	1
65.992000	152.810000	-6.841600	-14.393000	1
64.776000	168.290000	-2.702300	-14.393000	1
64.762000	168.390000	-4.078500	-14.394000	1
64.748000	168.490000	-4.089700	-14.393000	1
64.735000	168.580000	-4.081900	-14.394000	1
64.721000	168.680000	-3.376600	-14.393000	1
64.707000	168.780000	-0.973460	-14.394000	1
64.693000	168.880000	-6.136800	-14.393000	1
64.679000	168.980000	-7.510800	-14.393000	1
64.665000	169.070000	-6.822600	-14.394000	1
64.651000	169.170000	-6.468400	-14.394000	1
64.636000	169.270000	-4.755100	-14.393000	1
65.981000	148.930000	-7.146000	-13.635000	1
65.981000	149.030000	-6.451700	-13.635000	1
65.981000	149.140000	-5.421100	-13.635000	1
65.981000	149.250000	-6.101200	-13.635000	1
65.981000	149.360000	-7.141500	-13.635000	1
65.981000	149.470000	-4.394100	-13.635000	1
65.981000	149.570000	-7.817800	-13.635000	1
65.981000	149.680000	-7.133300	-13.635000	1
65.981000	149.790000	-6.100100	-13.635000	1
65.981000	149.900000	-6.782600	-13.635000	1
65.980000	150.010000	-7.468800	-13.635000	1
65.980000	150.110000	-7.461200	-13.635000	1
65.979000	150.220000	-6.091800	-13.635000	1
65.979000	150.330000	-6.434500	-13.635000	1
65.978000	150.440000	-6.080200	-13.635000	1
65.977000	150.550000	-5.751500	-13.635000	1
65.977000	150.650000	-4.717200	-13.635000	1
65.976000	150.760000	-4.027000	-13.635000	1
65.975000	150.870000	-5.747200	-13.635000	1
65.974000	150.980000	-6.091100	-13.635000	1
65.972000	151.080000	-4.026600	-13.635000	1
65.971000	151.190000	-4.373000	-13.635000	1
65.970000	151.300000	-5.743200	-13.636000	1
65.968000	151.410000	-5.053100	-13.635000	1
65.967000	151.520000	-5.750700	-13.636000	1
65.965000	151.620000	-5.743400	-13.635000	1
65.964000	151.730000	-5.739400	-13.635000	1
65.962000	151.840000	-5.060700	-13.635000	1
65.960000	151.950000	-0.603600	-13.636000	1
65.958000	152.050000	-4.030500	-13.635000	1
65.956000	152.160000	-7.808100	-13.636000	1
65.954000	152.270000	-6.433700	-13.635000	1
65.952000	152.380000	-5.060500	-13.635000	1
65.950000	152.480000	-3.011400	-13.635000	1
65.948000	152.590000	-6.102000	-13.635000	1
65.945000	152.700000	-6.781000	-13.635000	1
65.943000	152.810000	-4.037600	-13.635000	1
65.931000	150.120000	-5.958300	-12.876000	1
65.931000	150.220000	-6.298100	-12.876000	1
65.930000	150.330000	-5.264100	-12.876000	1
65.929000	150.440000	-4.920000	-12.876000	1
65.928000	150.550000	-3.889700	-12.876000	1
65.928000	150.650000	-6.305400	-12.876000	1
65.927000	150.760000	-3.893400	-12.876000	1
65.926000	150.870000	-4.575800	-12.876000	1
65.925000	150.980000	-3.889400	-12.876000	1
65.923000	151.090000	-3.545400	-12.876000	1
65.922000	151.190000	-4.927100	-12.876000	1
65.921000	151.300000	-5.259500	-12.876000	1
65.919000	151.410000	-5.259500	-12.876000	1
65.918000	151.520000	-4.586700	-12.876000	1
65.916000	151.620000	-4.919400	-12.876000	1
65.915000	151.730000	-5.259500	-12.876000	1
65.913000	151.840000	-5.267100	-12.876000	1
65.911000	151.950000	-5.953500	-12.876000	1
65.832000	150.550000	-4.882300	-11.362000	1
65.831000	150.660000	-5.904900	-11.362000	1
65.830000	150.760000	-2.814200	-11.362000	1
65.829000	150.870000	-4.198100	-11.362000	1
65.828000	150.980000	-3.154100	-11.362000	1
65.827000	151.090000	-2.813900	-11.363000	1
65.826000	151.190000	-1.787700	-11.362000	1
65.824000	151.300000	-3.500100	-11.363000	1
65.823000	151.410000	-4.534200	-11.362000	1
65.821000	151.510000	-4.197800	-11.363000	1
65.820000	151.620000	-4.194200	-11.362000	1
65.818000	151.730000	-4.194100	-11.363000	1
65.816000	151.840000	-4.545600	-11.362000	1
65.815000	151.940000	-4.205400	-11.363000	1
65.813000	152.050000	-2.489100	-11.362000	1
65.811000	152.160000	-5.912100	-11.363000	1
65.809000	152.260000	-8.326700	-11.362000	1
64.561000	168.360000	-5.229300	-11.363000	1
64.547000	168.460000	-2.128300	-11.363000	1
64.534000	168.560000	-3.848300	-11.363000	1
64.520000	168.650000	-2.817700	-11.363000	1
64.506000	168.750000	-5.224100	-11.363000	1
64.492000	168.850000	-4.193600	-11.363000	1
64.478000	168.940000	-6.246100	-11.363000	1
64.464000	169.040000	-6.929800	-11.363000	1
64.450000	169.140000	-2.808700	-11.363000	1
65.786000	148.730000	-7.334600	-10.602000	1
65.786000	148.840000	-1.485800	-10.602000	1
65.787000	148.950000	-6.296400	-10.602000	1
65.787000	149.050000	-4.589600	-10.602000	1
65.787000	149.160000	-2.869100	-10.602000	1
65.788000	149.270000	-3.891500	-10.602000	1
65.788000	149.370000	-7.676100	-10.602000	1
65.788000	149.480000	-7.672000	-10.602000	1
65.788000	149.590000	-6.283700	-10.602000	1
65.788000	149.690000	-4.580700	-10.602000	1
65.787000	149.800000	-4.230400	-10.602000	1
65.787000	149.910000	-6.283200	-10.602000	1
65.787000	150.020000	-4.923900	-10.602000	1
65.786000	150.120000	-5.606300	-10.602000	1
65.786000	150.230000	-4.916000	-10.602000	1
65.785000	150.340000	-4.912200	-10.602000	1
65.784000	150.440000	-4.919500	-10.602000	1
65.784000	150.550000	-5.255800	-10.602000	1
65.783000	150.660000	-5.251900	-10.602000	1
65.782000	150.770000	-4.911900	-10.602000	1
65.781000	150.870000	-3.885300	-10.602000	1
65.780000	150.980000	-4.915500	-10.602000	1
65.779000	151.090000	-4.571400	-10.602000	1
65.777000	151.190000	-2.851300	-10.601000	1
65.776000	151.300000	-4.221300	-10.602000	1
65.775000	151.410000	-3.889000	-10.601000	1
65.773000	151.510000	-5.255300	-10.602000	1
65.772000	151.620000	-4.575300	-10.601000	1
65.770000	151.730000	-4.911400	-10.602000	1
65.768000	151.840000	-4.930500	-10.601000	1
65.766000	151.940000	-0.112240	-10.602000	1
65.764000	152.050000	-7.331100	-10.602000	1
65.763000	152.160000	-3.550100	-10.602000	1
65.761000	152.260000	-2.176300	-10.602000	1
65.738000	150.230000	-5.579900	-9.845600	1
65.737000	150.340000	-4.549600	-9.845500	1
65.737000	150.450000	-4.209400	-9.845700	1
65.736000	150.550000	-1.799100	-9.845500	1
65.735000	150.660000	-4.549300	-9.845600	1
65.734000	150.770000	-3.859200	-9.845400	1
65.733000	150.870000	-2.488900	-9.845600	1
65.732000	150.980000	-1.802600	-9.845400	1
65.731000	151.090000	-3.515100	-9.845600	1
65.730000	151.190000	-4.549100	-9.845300	1
65.728000	151.300000	-3.514900	-9.845800	1
65.727000	151.410000	-2.828800	-9.845300	1
65.725000	151.510000	-4.899000	-9.845700	1
65.724000	151.620000	-5.579300	-9.845300	1
65.722000	151.730000	-5.925400	-9.845600	1
65.720000	151.830000	-4.902900	-9.845300	1
65.719000	151.940000	-0.439780	-9.845700	1
65.717000	152.050000	-3.190100	-9.845400	1
65.715000	152.150000	-3.193800	-9.845700	1
65.713000	152.260000	-4.910400	-9.845400	1
65.711000	152.370000	-2.159800	-9.845600	1
65.709000	152.470000	0.238990	-9.845400	1
65.706000	152.580000	-6.966900	-9.845400	1
65.704000	152.690000	-5.242700	-9.845500	1
65.702000	152.790000	-3.193600	-9.845500	1
65.699000	152.900000	-5.947900	-9.845500	1
65.696000	153.010000	-5.246300	-9.845600	1
65.694000	153.110000	-6.613100	-9.845300	1
64.482000	168.210000	-6.267800	-9.846500	1
64.469000	168.300000	-6.267900	-9.845900	1
64.455000	168.400000	-2.842000	-9.846300	1
64.441000	168.500000	-3.520700	-9.845900	1
64.428000	168.590000	-2.490100	-9.846500	1
64.414000	168.690000	-4.212500	-9.846000	1
64.400000	168.790000	-5.574900	-9.846000	1
64.386000	168.880000	-6.604800	-9.846000	1
64.372000	168.980000	-8.674900	-9.846400	1
64.358000	169.070000	-7.290700	-9.846000	1
65.692000	148.950000	-2.530700	-9.091300	1
65.692000	149.060000	-4.236900	-9.091200	1
65.692000	149.170000	-2.176500	-9.091200	1
65.693000	149.270000	-5.949200	-9.091200	1
65.693000	149.380000	-5.609000	-9.091200	1
65.693000	149.490000	-5.948800	-9.091200	1
65.693000	149.590000	-6.294800	-9.091300	1
65.692000	149.700000	-6.982300	-9.091200	1
65.692000	149.810000	-5.600500	-9.091200	1
65.692000	149.910000	-2.509800	-9.091300	1
65.691000	150.020000	-3.879800	-9.091200	1
65.691000	150.130000	-4.573600	-9.091200	1
65.690000	150.230000	-4.223400	-9.091200	1
65.690000	150.340000	-2.513100	-9.091100	1
65.689000	150.450000	-3.185400	-9.091300	1
65.688000	150.550000	-2.849200	-9.091100	1
65.688000	150.660000	-2.845300	-9.091200	1
65.687000	150.770000	-2.852800	-9.091100	1
65.686000	150.870000	-3.535200	-9.091200	1
65.685000	150.980000	-3.189000	-9.091000	1
65.683000	151.090000	-3.192600	-9.091300	1
65.682000	151.190000	-4.222800	-9.090900	1
65.681000	151.300000	-4.226300	-9.091400	1
65.679000	151.410000	-4.912900	-9.090900	1
65.678000	151.510000	-5.259000	-9.091300	1
65.676000	151.620000	-4.219000	-9.090900	1
64.450000	168.080000	-6.644800	-9.091700	1
64.437000	168.180000	-5.942800	-9.092100	1
64.423000	168.270000	-7.666900	-9.091500	1
64.409000	168.370000	-4.904500	-9.092000	1
64.396000	168.470000	-3.545400	-9.091500	1
64.382000	168.560000	-3.881100	-9.092200	1
64.368000	168.660000	-5.261200	-9.091600	1
64.354000	168.750000	-5.257100	-9.091700	1
64.340000	168.850000	-7.313500	-9.091600	1
64.326000	168.950000	-7.653100	-9.092100	1
64.312000	169.040000	-7.993100	-9.091600	1
65.645000	149.700000	-6.749000	-8.334900	1
65.645000	149.810000	-5.368500	-8.334900	1
65.645000	149.920000	-3.644300	-8.335000	1
65.644000	150.020000	-3.640400	-8.334900	1
65.644000	150.130000	-2.273900	-8.334900	1
65.643000	150.240000	-3.643900	-8.334900	1
65.643000	150.340000	-3.303800	-8.334800	1
65.642000	150.450000	-2.967300	-8.335000	1
65.641000	150.550000	-5.020100	-8.334800	1
65.640000	150.660000	-3.299700	-8.334900	1
65.639000	150.770000	-3.982300	-8.334800	1
65.638000	150.870000	-3.989600	-8.334900	1
65.637000	150.980000	-2.955800	-8.334700	1
65.636000	151.090000	-1.235500	-8.335000	1
65.635000	151.190000	-2.273200	-8.334600	1
65.633000	151.300000	-2.959300	-8.335100	1
65.632000	151.410000	-3.639600	-8.334600	1
65.631000	151.510000	-4.329500	-8.335000	1
65.629000	151.620000	-2.276900	-8.334600	1
65.627000	151.730000	-4.333200	-8.335000	1
65.626000	151.830000	-5.717400	-8.334700	1
65.624000	151.940000	-4.688300	-8.335000	1
65.622000	152.040000	-3.310700	-8.334800	1
65.620000	152.150000	-3.314300	-8.335000	1
65.618000	152.260000	-2.974400	-8.334700	1
65.598000	149.710000	-5.422200	-7.578300	1
65.598000	149.810000	-5.758300	-7.578200	1
65.597000	149.920000	-3.697800	-7.578300	1
65.597000	150.020000	-3.697700	-7.578200	1
65.596000	150.130000	-1.977400	-7.578300	1
65.596000	150.240000	-1.637300	-7.578200	1
65.595000	150.340000	-1.633500	-7.578200	1
65.595000	150.450000	-2.313300	-7.578300	1
65.594000	150.560000	-3.003400	-7.578200	1
65.593000	150.660000	-2.663300	-7.578200	1
65.592000	150.770000	-3.357000	-7.578200	1
65.591000	150.870000	-3.360700	-7.578300	1
65.590000	150.980000	-0.602990	-7.578100	1
65.589000	151.090000	-2.663000	-7.578300	1
65.588000	151.190000	-0.946750	-7.578000	1
65.586000	151.300000	-2.662800	-7.578400	1
65.585000	151.410000	-3.693200	-7.578000	1
65.583000	151.510000	-3.693000	-7.578400	1
65.582000	151.620000	-0.946670	-7.578000	1
65.580000	151.720000	-2.666600	-7.578300	1
65.578000	151.830000	-5.424600	-7.578100	1
65.577000	151.940000	-4.386800	-7.578300	1
65.575000	152.040000	-3.014200	-7.578100	1
65.573000	152.150000	-3.360400	-7.578300	1
65.551000	149.500000	-2.358200	-6.824000	1
65.551000	149.600000	-2.694200	-6.824000	1
65.551000	149.710000	-4.760500	-6.823900	1
65.551000	149.810000	-5.092900	-6.823900	1
65.550000	149.920000	-4.760000	-6.824000	1
65.550000	150.030000	-3.036000	-6.823900	1
65.550000	150.130000	-2.005800	-6.824000	1
65.549000	150.240000	-1.652000	-6.823900	1
65.548000	150.340000	0.054435	-6.823900	1
65.548000	150.450000	-0.281720	-6.824000	1
65.547000	150.560000	-2.005500	-6.823900	1
65.546000	150.660000	-3.035500	-6.823900	1
65.545000	150.770000	-2.345400	-6.823900	1
65.544000	150.870000	-4.065500	-6.823900	1
65.543000	150.980000	-2.681600	-6.823800	1
65.542000	151.090000	-2.345200	-6.824000	1
65.541000	151.190000	-0.975230	-6.823600	1
65.539000	151.300000	-1.315000	-6.824100	1
65.538000	151.400000	-1.311500	-6.823600	1
65.536000	151.510000	-3.375200	-6.824000	1
65.535000	151.620000	-4.755400	-6.823700	1
65.504000	149.390000	0.623340	-6.069200	1
65.504000	149.500000	-1.782800	-6.069300	1
65.504000	149.600000	-3.145300	-6.069300	1
65.504000	149.710000	-3.838900	-6.069300	1
65.504000	149.820000	-2.804900	-6.069200	1
65.504000	149.920000	-2.118300	-6.069300	1
65.503000	150.030000	-2.804500	-6.069100	1
65.503000	150.130000	-2.464300	-6.069300	1
65.502000	150.240000	-0.747880	-6.069200	1
65.502000	150.350000	-1.084200	-6.069200	1
65.501000	150.450000	-1.434000	-6.069300	1
65.500000	150.560000	-1.087700	-6.069200	1
65.499000	150.660000	-1.774000	-6.069200	1
65.498000	150.770000	-1.770200	-6.069200	1
65.497000	150.870000	-2.113900	-6.069200	1
65.496000	150.980000	-1.770100	-6.069100	1
65.495000	151.090000	-2.110000	-6.069300	1
65.494000	151.190000	-3.493900	-6.069000	1
65.493000	151.300000	-1.079800	-6.069400	1
65.491000	151.400000	-0.740060	-6.069000	1
65.490000	151.510000	-3.140000	-6.069300	1
65.488000	151.620000	-4.523900	-6.069000	1
64.295000	167.770000	-4.536000	-6.069700	1
64.282000	167.860000	0.274640	-6.069900	1
64.269000	167.960000	0.968450	-6.069700	1
64.255000	168.060000	-3.508600	-6.070200	1
64.242000	168.150000	-4.527600	-6.069600	1
64.228000	168.250000	-3.496900	-6.070100	1
64.215000	168.340000	-2.106200	-6.069500	1
64.201000	168.440000	-2.101500	-6.070300	1
64.187000	168.540000	-4.855200	-6.069800	1
64.174000	168.630000	-2.794600	-6.069900	1
64.160000	168.730000	-0.386750	-6.069500	1
64.146000	168.820000	-3.823800	-6.070200	1
64.132000	168.920000	-5.207600	-6.069700	1
65.458000	149.400000	-0.238980	-5.314100	1
65.458000	149.500000	-2.295200	-5.314200	1
65.458000	149.610000	-3.661400	-5.314200	1
65.457000	149.710000	-1.951100	-5.314200	1
65.457000	149.820000	-2.627400	-5.314100	1
65.457000	149.920000	-2.627000	-5.314200	1
65.456000	150.030000	-2.626900	-5.314100	1
65.456000	150.140000	-0.916690	-5.314200	1
65.455000	150.240000	-0.916690	-5.314100	1
65.455000	150.350000	0.123440	-5.314100	1
65.454000	150.450000	0.463600	-5.314200	1
65.453000	150.560000	0.463620	-5.314100	1
65.453000	150.660000	-0.916370	-5.314100	1
65.452000	150.770000	-0.226280	-5.314100	1
65.451000	150.870000	-1.596300	-5.314100	1
65.449000	150.980000	-1.942600	-5.314000	1
65.448000	151.090000	-1.942500	-5.314200	1
65.447000	151.190000	-1.596300	-5.313900	1
65.446000	151.300000	-1.256000	-5.314300	1
65.444000	151.400000	-1.256200	-5.313900	1
65.443000	151.510000	-3.316100	-5.314200	1
65.441000	151.610000	-2.979900	-5.313900	1
65.440000	151.720000	-1.599600	-5.314200	1
65.438000	151.830000	-0.229700	-5.314000	1
65.436000	151.930000	-1.949700	-5.314100	1
65.434000	152.040000	-2.626100	-5.314100	1
65.432000	152.140000	-1.259600	-5.314100	1
65.430000	152.250000	0.116800	-5.314000	1
65.428000	152.350000	-3.326900	-5.314100	1
65.426000	152.460000	-5.737100	-5.314100	1
65.424000	152.560000	-0.919510	-5.314000	1
65.377000	146.340000	-5.556500	-4.559300	1
65.380000	146.450000	-7.609400	-4.559200	1
65.382000	146.550000	-4.855000	-4.559400	1
65.384000	146.660000	-1.424500	-4.559200	1
65.386000	146.760000	-1.424100	-4.559300	1
65.388000	146.870000	-3.824000	-4.559200	1
65.390000	146.970000	-4.163600	-4.559300	1
65.392000	147.080000	-3.137000	-4.559200	1
65.393000	147.180000	-4.527500	-4.559400	1
65.395000	147.290000	-5.901100	-4.559200	1
65.396000	147.390000	-10.379000	-4.559400	1
65.410000	149.930000	-2.779700	-4.559300	1
65.410000	150.030000	-2.089700	-4.559100	1
65.409000	150.140000	-0.365840	-4.559300	1
65.409000	150.240000	-0.715880	-4.559200	1
65.408000	150.350000	0.664270	-4.559200	1
65.408000	150.450000	-0.715650	-4.559300	1
65.407000	150.560000	1.694500	-4.559200	1
65.406000	150.660000	-0.025541	-4.559200	1
65.405000	150.770000	-1.745500	-4.559200	1
65.404000	150.870000	-1.745500	-4.559200	1
65.403000	150.980000	-2.085400	-4.559100	1
65.402000	151.090000	-1.051700	-4.559300	1
65.400000	151.190000	-1.055400	-4.559000	1
65.399000	151.300000	-0.365120	-4.559400	1
65.398000	151.400000	-0.365370	-4.559000	1
65.396000	151.510000	-1.055200	-4.559300	1
65.395000	151.610000	-2.085400	-4.559000	1
65.393000	151.720000	0.311280	-4.559200	1
65.391000	151.820000	2.031200	-4.559100	1
65.390000	151.930000	-1.058700	-4.559200	1
65.388000	152.030000	-4.499000	-4.559200	1
65.386000	152.140000	-1.062300	-4.559200	1
65.384000	152.240000	-1.058700	-4.559100	1
65.382000	152.350000	0.997830	-4.559100	1
65.380000	152.460000	-1.412100	-4.559200	1
65.377000	152.560000	-2.088700	-4.559000	1
65.375000	152.670000	-3.115100	-4.559200	1
65.333000	146.450000	-3.755600	-3.803400	1
65.335000	146.560000	-0.661580	-3.803600	1
65.337000	146.660000	-1.001300	-3.803400	1
65.339000	146.770000	-0.660900	-3.803500	1
65.341000	146.870000	1.059300	-3.803400	1
65.343000	146.980000	0.709720	-3.803500	1
65.345000	147.090000	-1.007100	-3.803400	1
65.347000	147.190000	-2.386900	-3.803500	1
65.348000	147.300000	-7.204100	-3.803400	1
65.350000	147.400000	-6.177200	-3.803600	1
65.351000	147.510000	-7.907700	-3.803500	1
65.353000	147.610000	-7.900500	-3.803500	1
65.364000	149.820000	-3.737300	-3.803400	1
65.364000	149.930000	-1.333400	-3.803500	1
65.363000	150.030000	-0.643370	-3.803300	1
65.363000	150.140000	0.386880	-3.803500	1
65.362000	150.240000	0.386830	-3.803400	1
65.362000	150.350000	0.726960	-3.803400	1
65.361000	150.450000	1.077100	-3.803500	1
65.360000	150.560000	-0.982940	-3.803400	1
65.359000	150.660000	0.047133	-3.803400	1
65.358000	150.770000	0.727240	-3.803400	1
65.357000	150.870000	0.387270	-3.803300	1
65.356000	150.980000	-1.332700	-3.803300	1
65.355000	151.090000	0.727470	-3.803500	1
65.354000	151.190000	-0.642750	-3.803200	1
65.353000	151.300000	-0.302420	-3.803500	1
65.351000	151.400000	0.390800	-3.803200	1
65.350000	151.510000	-0.642480	-3.803500	1
65.348000	151.610000	-0.982630	-3.803300	1
65.287000	146.460000	-6.754100	-3.047300	1
65.289000	146.570000	1.160000	-3.047500	1
65.291000	146.670000	0.470230	-3.047300	1
65.293000	146.780000	0.470650	-3.047400	1
65.295000	146.880000	1.500900	-3.047300	1
65.297000	146.990000	-1.248800	-3.047400	1
65.299000	147.090000	0.467990	-3.047300	1
65.300000	147.200000	0.808270	-3.047400	1
65.302000	147.300000	-4.695200	-3.047300	1
65.303000	147.410000	-10.886000	-3.047500	1
65.305000	147.510000	-9.518700	-3.047300	1
65.306000	147.620000	-8.488200	-3.047400	1
65.317000	149.930000	-1.572500	-3.047400	1
65.317000	150.030000	0.137590	-3.047200	1
65.316000	150.140000	0.137840	-3.047400	1
65.316000	150.240000	-0.542240	-3.047200	1
65.315000	150.350000	1.517900	-3.047300	1
65.314000	150.450000	0.488000	-3.047300	1
65.314000	150.560000	1.178100	-3.047300	1
65.313000	150.660000	1.518100	-3.047200	1
65.312000	150.770000	1.178200	-3.047300	1
65.311000	150.870000	0.828200	-3.047200	1
65.310000	150.980000	0.488290	-3.047200	1
65.309000	151.080000	1.861800	-3.047300	1
65.307000	151.190000	1.181600	-3.047100	1
65.306000	151.290000	3.238600	-3.047400	1
65.305000	151.400000	1.178300	-3.047100	1
65.303000	151.500000	1.178500	-3.047300	1
65.302000	151.610000	-1.575000	-3.047200	1
65.300000	151.710000	-1.234900	-3.047300	1
65.298000	151.820000	-3.298400	-3.047200	1
63.967000	168.700000	-3.273900	-3.048300	1
63.953000	168.800000	-0.868480	-3.047800	1
65.238000	146.370000	-10.063000	-2.295900	1
65.241000	146.470000	-4.215300	-2.295800	1
65.243000	146.570000	4.035300	-2.295900	1
65.245000	146.680000	4.035500	-2.295800	1
65.247000	146.780000	1.632600	-2.295900	1
65.249000	146.890000	2.662800	-2.295800	1
65.251000	146.990000	0.603080	-2.295900	1
65.252000	147.100000	0.600030	-2.295800	1
65.254000	147.200000	-4.559900	-2.295900	1
65.256000	147.310000	-9.036500	-2.295800	1
65.257000	147.410000	-8.686200	-2.295900	1
65.271000	150.040000	0.962050	-2.295700	1
65.270000	150.140000	-2.477800	-2.295900	1
65.270000	150.250000	-0.067785	-2.295700	1
65.269000	150.350000	1.992400	-2.295800	1
65.268000	150.450000	1.302500	-2.295800	1
65.267000	150.560000	2.682600	-2.295800	1
65.267000	150.660000	6.802600	-2.295700	1
65.266000	150.770000	6.802700	-2.295800	1
65.265000	150.870000	6.802700	-2.295700	1
65.264000	150.980000	3.362800	-2.295700	1
65.262000	151.080000	3.716000	-2.295800	1
65.261000	151.190000	2.332700	-2.295500	1
65.260000	151.290000	1.653000	-2.295900	1
65.258000	151.400000	1.652800	-2.295500	1
65.257000	151.500000	3.026100	-2.295800	1
65.255000	151.610000	1.302900	-2.295600	1
65.254000	151.710000	-3.507200	-2.295700	1
64.032000	167.910000	-4.870600	-2.296800	1
64.018000	168.010000	-3.157600	-2.296300	1
64.005000	168.100000	-6.247000	-2.296800	1
63.991000	168.200000	-3.157100	-2.296000	1
63.978000	168.290000	-0.406030	-2.296900	1
63.964000	168.390000	1.314000	-2.296400	1
63.951000	168.480000	4.757600	-2.296600	1
63.937000	168.580000	-3.835800	-2.296000	1
63.923000	168.670000	-1.427200	-2.296800	1
63.909000	168.770000	-4.865100	-2.296300	1
65.192000	146.370000	-9.694500	-1.540900	1
65.194000	146.480000	-6.585100	-1.540800	1
65.197000	146.580000	-0.744500	-1.540900	1
65.199000	146.690000	3.375800	-1.540800	1
65.201000	146.790000	5.436200	-1.540900	1
65.203000	146.900000	2.686300	-1.540700	1
65.204000	147.000000	3.376600	-1.540900	1
65.206000	147.100000	2.006700	-1.540800	1
65.208000	147.210000	2.684000	-1.540900	1
65.209000	147.310000	-8.309200	-1.540800	1
65.211000	147.420000	-13.132000	-1.540900	1
65.212000	147.520000	-10.388000	-1.540800	1
65.224000	150.040000	-0.385310	-1.540600	1
65.224000	150.140000	2.365000	-1.540900	1
65.223000	150.250000	3.054900	-1.540600	1
65.223000	150.350000	2.705000	-1.540700	1
65.222000	150.460000	0.995090	-1.540700	1
65.221000	150.560000	4.775200	-1.540700	1
65.220000	150.660000	4.088100	-1.540700	1
65.219000	150.770000	6.838300	-1.540800	1
65.218000	150.870000	6.148200	-1.540600	1
65.217000	150.980000	2.708400	-1.540700	1
65.216000	151.080000	2.705500	-1.540700	1
65.215000	151.190000	3.058300	-1.540500	1
65.213000	151.290000	4.085600	-1.540800	1
65.212000	151.400000	4.088400	-1.540500	1
65.211000	151.500000	3.398500	-1.540700	1
65.209000	151.610000	6.148500	-1.540600	1
65.207000	151.710000	6.498500	-1.540700	1
65.206000	151.820000	3.748500	-1.540600	1
65.204000	151.920000	1.338500	-1.540600	1
63.987000	167.880000	-7.598900	-1.541700	1
63.974000	167.980000	-2.775800	-1.541300	1
63.960000	168.070000	-3.465100	-1.541800	1
63.947000	168.170000	1.684700	-1.541000	1
63.933000	168.260000	5.818600	-1.541800	1
63.920000	168.360000	6.505700	-1.541400	1
63.906000	168.450000	4.096200	-1.541600	1
63.892000	168.550000	0.656010	-1.541000	1
63.878000	168.640000	-0.713180	-1.541800	1
63.865000	168.740000	-2.433300	-1.541300	1
65.148000	146.490000	-6.945000	-0.792200	1
65.151000	146.590000	-3.511800	-0.792280	1
65.153000	146.690000	-1.101500	-0.792150	1
65.155000	146.800000	3.018900	-0.792270	1
65.156000	146.900000	5.079100	-0.792100	1
65.158000	147.010000	7.489400	-0.792220	1
65.160000	147.110000	8.179500	-0.792140	1
65.162000	147.220000	7.489700	-0.792190	1
65.163000	147.320000	-9.016100	-0.792180	1
65.165000	147.420000	-11.424000	-0.792240	1
65.166000	147.530000	-7.649200	-0.792150	1
65.178000	150.040000	-0.053332	-0.791880	1
65.178000	150.140000	0.976890	-0.792190	1
65.177000	150.250000	3.036900	-0.791920	1
65.176000	150.350000	1.667000	-0.792060	1
65.176000	150.460000	2.009700	-0.792040	1
65.175000	150.560000	4.069800	-0.792040	1
65.174000	150.660000	7.169900	-0.791950	1
65.173000	150.770000	7.510000	-0.792070	1
65.172000	150.870000	5.100000	-0.791870	1
65.171000	150.980000	6.140100	-0.792030	1
65.170000	151.080000	5.450200	-0.792010	1
65.169000	151.190000	7.510100	-0.791830	1
65.167000	151.290000	8.200300	-0.792120	1
65.166000	151.400000	6.820200	-0.791810	1
65.164000	151.500000	5.790300	-0.792030	1
65.163000	151.600000	6.140200	-0.791920	1
65.161000	151.710000	8.540300	-0.791970	1
65.160000	151.810000	9.920300	-0.792000	1
65.158000	151.920000	-0.739790	-0.791940	1
63.943000	167.850000	-7.261900	-0.793030	1
63.929000	167.950000	3.738500	-0.792600	1
63.916000	168.040000	5.801600	-0.793170	1
63.902000	168.140000	9.241400	-0.792290	1
63.889000	168.230000	12.332000	-0.793140	1
63.875000	168.330000	11.992000	-0.792730	1
63.862000	168.420000	12.332000	-0.792950	1
63.848000	168.520000	13.022000	-0.792320	1
63.834000	168.610000	8.549700	-0.793080	1
63.820000	168.710000	2.709800	-0.792570	1
65.102000	146.490000	-1.953600	0.119060	1
65.105000	146.600000	16.944000	0.118780	1
65.107000	146.700000	18.324000	0.118790	1
65.109000	146.800000	7.326700	0.118930	1
65.110000	146.910000	7.666900	0.118450	1
65.112000	147.010000	16.947000	0.118750	1
65.114000	147.120000	3.887300	0.118640	1
65.116000	147.220000	0.794760	0.118340	1
65.117000	147.330000	-5.045200	0.118690	1
65.130000	150.460000	6.314300	0.118060	1
65.129000	150.560000	15.934000	0.117800	1
65.128000	150.660000	11.124000	0.117960	1
65.127000	150.770000	9.064500	0.118020	1
65.126000	150.870000	10.435000	0.117700	1
65.125000	150.980000	10.785000	0.118160	1
65.124000	151.080000	5.974700	0.117800	1
65.122000	151.190000	13.185000	0.117940	1
65.121000	151.290000	7.004800	0.118200	1
65.120000	151.390000	7.687400	0.117720	1
65.118000	151.500000	7.344900	0.118140	1
65.117000	151.600000	13.187000	0.117950	1
65.115000	151.710000	10.097000	0.117960	1
65.113000	151.810000	14.218000	0.118300	1
65.112000	151.920000	7.347500	0.118000	1
63.898000	167.820000	0.483910	0.118380	1
63.885000	167.920000	14.224000	0.118300	1
63.872000	168.010000	9.074500	0.118780	1
63.858000	168.110000	14.917000	0.118090	1
63.845000	168.200000	21.108000	0.118610	1
63.831000	168.300000	18.698000	0.118430	1
63.818000	168.390000	21.448000	0.118430	1
63.804000	168.490000	17.666000	0.118490	1
63.790000	168.580000	22.136000	0.118400	1
63.776000	168.680000	18.007000	0.118300	1
65.056000	146.500000	-3.559100	0.733630	1
65.058000	146.600000	8.471300	0.733470	1
65.060000	146.710000	12.602000	0.733610	1
65.062000	146.810000	5.721800	0.733530	1
65.064000	146.920000	7.104700	0.733550	1
65.066000	147.020000	11.915000	0.733530	1
65.068000	147.120000	6.415100	0.733560	1
65.069000	147.230000	-1.147600	0.733430	1
65.071000	147.330000	-1.837400	0.733530	1
65.073000	147.440000	-6.650200	0.733410	1
65.083000	150.460000	4.712500	0.733530	1
65.082000	150.560000	3.682600	0.733400	1
65.082000	150.660000	7.122700	0.733590	1
65.081000	150.770000	8.152700	0.733430	1
65.080000	150.870000	6.432900	0.733590	1
65.078000	150.980000	4.715600	0.733520	1
65.077000	151.080000	6.095700	0.733470	1
65.076000	151.180000	9.185800	0.733650	1
65.075000	151.290000	5.055700	0.733480	1
65.073000	151.390000	6.095800	0.733620	1
65.072000	151.500000	6.775800	0.733580	1
65.070000	151.600000	7.805800	0.733570	1
65.069000	151.710000	8.835800	0.733580	1
65.067000	151.810000	6.775800	0.733590	1
65.065000	151.910000	9.185900	0.733620	1
65.063000	152.020000	2.305800	0.733490	1
65.012000	146.610000	-0.073133	1.488500	1
65.014000	146.710000	2.664300	1.488600	1
65.016000	146.820000	0.607400	1.488500	1
65.018000	146.920000	3.017700	1.488600	1
65.019000	147.030000	7.487900	1.488600	1
65.021000	147.130000	6.110900	1.488600	1
65.023000	147.230000	2.328100	1.488500	1
65.024000	147.340000	-3.171800	1.488500	1
65.026000	147.440000	-4.894800	1.488500	1
65.027000	147.550000	-6.607600	1.488500	1
65.029000	147.650000	-5.577300	1.488500	1
65.039000	150.040000	-0.403980	1.488700	1
65.038000	150.140000	-2.121200	1.488400	1
65.038000	150.250000	-0.050976	1.488600	1
65.037000	150.350000	-0.050990	1.488500	1
65.037000	150.460000	0.629140	1.488600	1
65.036000	150.560000	2.009200	1.488500	1
65.035000	150.660000	2.689400	1.488700	1
65.034000	150.770000	2.009300	1.488500	1
65.033000	150.870000	3.729600	1.488700	1
65.032000	150.980000	2.349500	1.488600	1
65.031000	151.080000	3.729600	1.488600	1
65.030000	151.180000	5.439800	1.488700	1
65.028000	151.290000	3.039700	1.488600	1
65.027000	151.390000	5.789800	1.488700	1
65.025000	151.500000	4.409800	1.488700	1
65.024000	151.600000	3.729800	1.488600	1
65.022000	151.700000	3.039800	1.488700	1
65.020000	151.810000	4.069800	1.488600	1
65.019000	151.910000	5.099800	1.488700	1
65.017000	152.010000	1.322600	1.488500	1
63.861000	167.380000	1.666900	1.487600	1
63.848000	167.480000	4.420200	1.487800	1
63.835000	167.580000	-1.762500	1.487800	1
63.822000	167.670000	-1.082000	1.488200	1
63.809000	167.760000	4.077900	1.487600	1
63.796000	167.860000	0.638400	1.488000	1
63.782000	167.950000	2.358300	1.487500	1
63.769000	168.050000	6.489200	1.488300	1
63.756000	168.140000	5.449100	1.487600	1
63.742000	168.240000	4.769600	1.487900	1
63.728000	168.330000	0.639640	1.487600	1
63.715000	168.430000	0.640460	1.488400	1
63.701000	168.520000	2.020200	1.487600	1
63.687000	168.610000	1.670800	1.488100	1
64.994000	149.830000	0.519000	2.237800	1
64.993000	149.940000	-1.551000	2.237500	1
64.993000	150.040000	-1.887500	2.237800	1
64.992000	150.140000	-2.227700	2.237500	1
64.992000	150.250000	-1.887400	2.237800	1
64.991000	150.350000	-1.544400	2.237600	1
64.991000	150.460000	-2.224200	2.237800	1
64.990000	150.560000	-0.164210	2.237600	1
64.989000	150.660000	1.556100	2.237800	1
64.988000	150.770000	-0.164040	2.237600	1
64.987000	150.870000	1.896300	2.237900	1
64.986000	150.970000	1.896200	2.237700	1
64.985000	151.080000	4.646300	2.237700	1
64.983000	151.180000	4.646400	2.237800	1
64.982000	151.290000	2.586400	2.237700	1
64.981000	151.390000	2.926500	2.237800	1
64.979000	151.490000	1.556500	2.237800	1
64.978000	151.600000	1.556400	2.237800	1
64.976000	151.700000	0.866500	2.237800	1
64.974000	151.800000	2.586500	2.237700	1
64.973000	151.910000	1.896600	2.237900	1
64.971000	152.010000	3.616400	2.237700	1
64.969000	152.120000	4.306700	2.237900	1
64.967000	152.220000	1.559600	2.237600	1
63.791000	167.550000	2.935500	2.236900	1
63.778000	167.640000	3.626000	2.237300	1
63.765000	167.740000	2.245800	2.236700	1
63.752000	167.830000	-0.503660	2.237100	1
63.738000	167.930000	3.969400	2.236600	1
63.725000	168.020000	2.937200	2.237400	1
63.711000	168.110000	1.567000	2.236700	1
63.698000	168.210000	-4.625800	2.237000	1
63.684000	168.300000	-0.502470	2.236700	1
63.671000	168.400000	-0.151540	2.237500	1
63.657000	168.490000	-3.932000	2.236700	1
63.643000	168.580000	-0.151290	2.237200	1
64.947000	149.730000	-0.236770	2.993800	1
64.947000	149.830000	-0.232980	2.994100	1
64.947000	149.940000	1.147000	2.993800	1
64.946000	150.040000	-2.289400	2.994100	1
64.946000	150.150000	-0.229470	2.993800	1
64.945000	150.250000	-1.259200	2.994100	1
64.945000	150.350000	-1.599300	2.993900	1
64.944000	150.460000	-1.255800	2.994100	1
64.943000	150.560000	-1.599200	2.993900	1
64.942000	150.660000	-2.638900	2.994100	1
64.941000	150.770000	-1.255700	2.993900	1
64.940000	150.870000	0.464650	2.994100	1
64.939000	150.970000	2.184600	2.994000	1
64.938000	151.080000	3.894700	2.994000	1
64.937000	151.180000	2.184800	2.994100	1
64.936000	151.280000	1.154800	2.994000	1
64.934000	151.390000	1.494900	2.994100	1
64.933000	151.490000	0.114890	2.994100	1
64.931000	151.590000	0.114840	2.994000	1
64.930000	151.700000	0.114910	2.994100	1
64.928000	151.800000	1.154800	2.994000	1
64.926000	151.910000	1.495000	2.994200	1
64.924000	152.010000	-0.565220	2.993900	1
64.922000	152.110000	1.495100	2.994200	1
64.920000	152.220000	1.154900	2.993900	1
64.918000	152.320000	2.185300	2.994300	1
63.720000	167.710000	-2.274700	2.993000	1
63.707000	167.800000	-0.904160	2.993400	1
63.694000	167.900000	0.475710	2.992800	1
63.680000	167.990000	2.536700	2.993700	1
63.667000	168.080000	3.226500	2.993000	1
63.653000	168.180000	-5.713200	2.993300	1
63.640000	168.270000	-3.303100	2.992900	1
63.626000	168.370000	-1.242000	2.993800	1
63.612000	168.460000	-1.242400	2.993000	1
63.599000	168.550000	-2.621800	2.993400	1
64.901000	149.840000	-1.993500	3.749200	1
64.900000	149.940000	0.080007	3.748800	1
64.900000	150.040000	-0.609600	3.749200	1
64.899000	150.150000	-2.669800	3.748900	1
64.899000	150.250000	-0.946050	3.749100	1
64.898000	150.350000	-1.986100	3.748900	1
64.898000	150.460000	-2.666000	3.749100	1
64.897000	150.560000	-3.016000	3.748900	1
64.896000	150.660000	-3.352300	3.749200	1
64.895000	150.770000	-1.295800	3.748900	1
64.894000	150.870000	-2.329100	3.749200	1
64.893000	150.970000	-0.265670	3.749000	1
64.892000	151.080000	0.764480	3.749100	1
64.891000	151.180000	-0.268910	3.749100	1
64.889000	151.280000	-0.605490	3.749000	1
64.888000	151.390000	-0.945400	3.749100	1
64.886000	151.490000	0.764700	3.749200	1
64.885000	151.590000	-1.635400	3.749100	1
64.883000	151.700000	0.761260	3.749200	1
64.882000	151.800000	-0.605430	3.749000	1
64.880000	151.900000	-0.265250	3.749200	1
64.878000	152.010000	-1.985500	3.748900	1
64.876000	152.110000	-0.945180	3.749300	1
64.874000	152.210000	-1.635400	3.748900	1
64.872000	152.320000	0.421560	3.749300	1
64.870000	152.420000	1.804900	3.749000	1
64.868000	152.520000	-7.135400	3.749200	1
63.702000	167.490000	-3.004600	3.748200	1
63.689000	167.580000	-3.004100	3.748600	1
63.675000	167.680000	0.095949	3.748100	1
63.662000	167.770000	0.776480	3.748400	1
63.649000	167.870000	-3.683800	3.747800	1
63.636000	167.960000	-0.932730	3.748700	1
63.622000	168.050000	0.097112	3.748000	1
63.609000	168.150000	-4.372600	3.748300	1
63.595000	168.240000	-4.372600	3.747900	1
63.582000	168.340000	-3.001500	3.748800	1
63.568000	168.430000	-4.371900	3.748000	1
63.554000	168.520000	-2.654700	3.748500	1
64.854000	149.940000	-3.532200	4.502500	1
64.853000	150.040000	-4.211800	4.502800	1
64.853000	150.150000	-4.212000	4.502500	1
64.852000	150.250000	-4.208100	4.502800	1
64.852000	150.350000	-2.838100	4.502600	1
64.851000	150.460000	-2.494300	4.502800	1
64.850000	150.560000	-0.774290	4.502600	1
64.849000	150.660000	-0.424000	4.502800	1
64.849000	150.770000	-0.427660	4.502600	1
64.848000	150.870000	-0.427370	4.502900	1
64.846000	150.970000	-3.177600	4.502600	1
64.845000	151.070000	-1.467400	4.502700	1
64.844000	151.180000	-0.777270	4.502800	1
64.843000	151.280000	-1.803700	4.502700	1
64.841000	151.380000	-1.807200	4.502800	1
64.840000	151.490000	-0.427110	4.502900	1
64.838000	151.590000	-1.463700	4.502700	1
64.837000	151.690000	-4.893800	4.502900	1
64.835000	151.800000	-0.434350	4.502700	1
64.833000	151.900000	0.942990	4.502900	1
64.831000	152.000000	-0.773720	4.502600	1
64.830000	152.110000	0.256590	4.502900	1
64.828000	152.210000	-1.803700	4.502600	1
64.825000	152.310000	-2.833400	4.503000	1
64.823000	152.420000	-2.500600	4.502600	1
64.821000	152.520000	1.973400	4.502900	1
64.819000	152.620000	0.603370	4.502800	1
64.816000	152.720000	1.283400	4.502700	1
64.814000	152.830000	0.943630	4.503000	1
64.812000	152.930000	-3.176800	4.502600	1
64.809000	153.030000	-6.964000	4.503000	1
63.657000	167.460000	-2.825700	4.501800	1
63.644000	167.550000	-1.795100	4.502200	1
63.631000	167.650000	-2.135200	4.501800	1
63.618000	167.740000	-5.234900	4.502100	1
63.604000	167.840000	-0.768280	4.501500	1
63.591000	167.930000	-0.073765	4.502400	1
63.578000	168.020000	-2.827600	4.501700	1
63.564000	168.120000	-6.273900	4.502000	1
63.551000	168.210000	-6.277700	4.501500	1
63.537000	168.310000	-4.893200	4.502500	1
63.524000	168.400000	-4.893600	4.501700	1
63.510000	168.490000	-4.896700	4.502100	1
64.808000	149.840000	-5.437800	5.257700	1
64.807000	149.940000	0.066121	5.257400	1
64.807000	150.040000	-3.706400	5.257800	1
64.806000	150.150000	-2.676500	5.257400	1
64.806000	150.250000	-0.969760	5.257700	1
64.805000	150.350000	-3.370000	5.257500	1
64.805000	150.460000	-4.399800	5.257700	1
64.804000	150.560000	-4.056200	5.257500	1
64.803000	150.660000	-5.082400	5.257800	1
64.802000	150.760000	-2.675900	5.257500	1
64.801000	150.870000	-2.335600	5.257800	1
64.800000	150.970000	-4.055900	5.257500	1
64.799000	151.070000	-2.675600	5.257700	1
64.797000	151.180000	-2.331900	5.257700	1
64.796000	151.280000	-3.702000	5.257600	1
64.795000	151.380000	-3.365500	5.257700	1
64.793000	151.480000	-1.991700	5.257800	1
64.792000	151.590000	-3.025500	5.257600	1
64.790000	151.690000	-1.991700	5.257800	1
64.788000	151.790000	-3.365500	5.257600	1
64.787000	151.900000	-0.286100	5.257800	1
64.785000	152.000000	-0.972690	5.257500	1
64.783000	152.100000	-0.618780	5.257900	1
64.781000	152.210000	-1.309000	5.257500	1
64.779000	152.310000	-4.395200	5.257900	1
64.777000	152.410000	-3.025300	5.257500	1
64.775000	152.510000	-4.745200	5.257800	1
64.772000	152.620000	-3.705100	5.257700	1
64.770000	152.720000	-3.028500	5.257600	1
64.767000	152.820000	0.751930	5.257900	1
64.761000	149.630000	-3.536800	6.011600	1
64.761000	149.730000	-2.850300	6.011400	1
64.761000	149.840000	-4.226300	6.011700	1
64.761000	149.940000	-1.476100	6.011400	1
64.760000	150.040000	-1.125700	6.011800	1
64.760000	150.150000	-2.155900	6.011400	1
64.759000	150.250000	-2.845700	6.011700	1
64.759000	150.350000	-3.182100	6.011500	1
64.758000	150.450000	-2.151800	6.011700	1
64.757000	150.560000	-3.875600	6.011500	1
64.756000	150.660000	-3.531700	6.011800	1
64.755000	150.760000	-3.871800	6.011500	1
64.754000	150.870000	-3.531500	6.011800	1
64.753000	150.970000	-2.841500	6.011500	1
64.752000	151.070000	-1.121200	6.011700	1
64.751000	151.170000	-3.181300	6.011600	1
64.750000	151.280000	-2.841200	6.011700	1
64.748000	151.380000	-2.154900	6.011700	1
64.747000	151.480000	-2.841100	6.011800	1
64.745000	151.590000	-2.501200	6.011600	1
64.744000	151.690000	-3.531200	6.011800	1
64.742000	151.790000	-3.871300	6.011500	1
64.740000	151.890000	-4.561200	6.011800	1
64.738000	152.000000	-4.557800	6.011500	1
64.736000	152.100000	-5.935000	6.011900	1
64.734000	152.200000	-0.444710	6.011500	1
64.732000	152.300000	-2.844500	6.011900	1
64.730000	152.410000	-4.904900	6.011500	1
64.728000	152.510000	-4.220900	6.011800	1
64.726000	152.610000	-0.094271	6.011700	1
64.723000	152.720000	0.249420	6.011600	1
64.721000	152.820000	-2.840500	6.011900	1
64.718000	152.920000	-2.150700	6.011600	1
64.716000	153.020000	-3.526900	6.011900	1
64.713000	153.130000	-1.116800	6.011700	1
64.710000	153.230000	-2.493200	6.011600	1
64.708000	153.330000	-8.681400	6.011700	1
64.713000	150.250000	-2.106400	6.763800	1
64.712000	150.350000	-3.136600	6.763500	1
64.711000	150.450000	-5.196600	6.763800	1
64.710000	150.560000	-5.532900	6.763500	1
64.710000	150.660000	-3.822500	6.763800	1
64.709000	150.760000	-1.748700	6.763500	1
64.708000	150.860000	-1.748400	6.763800	1
64.707000	150.970000	-2.102200	6.763500	1
64.705000	151.070000	-2.438300	6.763700	1
64.704000	151.170000	-3.132100	6.763600	1
64.703000	151.280000	-3.822100	6.763700	1
64.702000	151.380000	-3.468300	6.763700	1
64.700000	151.480000	-3.131900	6.763800	1
64.699000	151.580000	-3.822100	6.763600	1
64.697000	151.690000	-3.822000	6.763800	1
64.695000	151.790000	-2.785800	6.763600	1
64.693000	151.890000	-1.415500	6.763900	1
64.692000	151.990000	-0.725610	6.763500	1
64.690000	152.100000	1.671100	6.763900	1
64.688000	152.200000	-6.568700	6.763500	1
64.686000	152.300000	-1.758900	6.764000	1
64.684000	152.400000	-5.885800	6.763600	1
64.681000	152.510000	-3.475300	6.763800	1
64.679000	152.610000	-1.418800	6.763800	1
64.677000	152.710000	-3.482700	6.763700	1
64.674000	152.810000	-2.448600	6.764000	1
64.672000	152.920000	-5.539100	6.763600	1
64.669000	153.020000	-2.441200	6.763900	1
64.667000	153.120000	-2.781300	6.763700	1
64.664000	153.220000	-3.127600	6.763700	1
64.661000	153.320000	-1.751100	6.763700	1
64.658000	153.430000	-2.437400	6.763800	1
64.655000	153.530000	-1.067400	6.763500	1
64.652000	153.630000	-5.881200	6.764100	1
64.649000	153.730000	-4.855200	6.763400	1
63.536000	167.280000	-3.463400	6.762800	1
63.523000	167.370000	-4.843400	6.762700	1
63.510000	167.470000	-4.839300	6.763200	1
63.497000	167.560000	-5.873100	6.762700	1
63.483000	167.650000	-3.458800	6.763000	1
63.470000	167.750000	-1.062500	6.762400	1
63.457000	167.840000	-1.058200	6.763300	1
63.444000	167.940000	-2.768500	6.762700	1
63.430000	168.030000	-5.182200	6.762900	1
63.417000	168.120000	-4.488700	6.762400	1
63.403000	168.220000	-2.767900	6.763300	1
63.390000	168.310000	-3.117700	6.762700	1
63.376000	168.400000	-3.460500	6.763100	1
64.665000	150.250000	-0.576670	7.523400	1
64.665000	150.350000	-3.323200	7.523200	1
64.664000	150.450000	-2.972900	7.523400	1
64.663000	150.560000	-2.969200	7.523200	1
64.662000	150.660000	-2.968900	7.523500	1
64.661000	150.760000	-2.629000	7.523100	1
64.660000	150.860000	-1.248600	7.523500	1
64.659000	150.970000	-1.245000	7.523200	1
64.658000	151.070000	-1.938500	7.523400	1
64.657000	151.170000	-2.274800	7.523300	1
64.656000	151.270000	-3.322300	7.523400	1
64.654000	151.380000	-2.628500	7.523300	1
64.653000	151.480000	-2.278300	7.523500	1
64.651000	151.580000	-2.274700	7.523300	1
64.650000	151.680000	-2.282100	7.523500	1
64.648000	151.780000	-1.248400	7.523200	1
64.646000	151.890000	-5.722400	7.523500	1
64.644000	151.990000	-4.363700	7.523200	1
64.643000	152.090000	-3.333200	7.523600	1
64.641000	152.190000	-1.602100	7.523200	1
64.638000	152.300000	-0.911750	7.523600	1
64.636000	152.400000	-4.002100	7.523200	1
64.618000	150.250000	-2.617100	8.276900	1
64.618000	150.350000	-1.239500	8.276600	1
64.617000	150.450000	-2.955600	8.276900	1
64.616000	150.550000	-3.295700	8.276600	1
64.615000	150.660000	-2.955400	8.276900	1
64.614000	150.760000	-2.955400	8.276600	1
64.613000	150.860000	-1.231300	8.276900	1
64.612000	150.960000	-0.885090	8.276600	1
64.611000	151.070000	-1.575000	8.276800	1
64.610000	151.170000	-2.601300	8.276700	1
64.609000	151.270000	-3.295000	8.276800	1
64.607000	151.370000	-2.604900	8.276700	1
64.606000	151.480000	-2.958600	8.277000	1
64.604000	151.580000	-2.604900	8.276700	1
64.603000	151.680000	-2.958600	8.277000	1
64.601000	151.780000	-6.045400	8.276600	1
64.599000	151.880000	-5.708900	8.277000	1
64.597000	151.990000	-4.336400	8.276600	1
64.570000	150.350000	-2.523700	9.035600	1
64.570000	150.450000	-2.519700	9.035800	1
64.569000	150.550000	-3.196000	9.035500	1
64.568000	150.660000	-2.515700	9.035900	1
64.567000	150.760000	-0.441870	9.035500	1
64.566000	150.860000	0.234950	9.035900	1
64.565000	150.960000	-3.885500	9.035500	1
64.564000	151.060000	-2.862700	9.035800	1
64.563000	151.170000	-2.165100	9.035600	1
64.561000	151.270000	-1.142400	9.035800	1
64.560000	151.370000	-0.444880	9.035700	1
64.558000	151.470000	-1.821000	9.035900	1
64.557000	151.570000	-4.221400	9.035600	1
64.555000	151.680000	-3.885000	9.035900	1
64.554000	151.780000	-5.609300	9.035600	1
64.522000	150.450000	-3.204600	9.790200	1
64.521000	150.550000	-2.185800	9.789900	1
64.520000	150.650000	-1.828000	9.790300	1
64.520000	150.760000	-0.104130	9.789900	1
64.519000	150.860000	-1.827800	9.790300	1
64.518000	150.960000	-1.827800	9.789900	1
64.516000	151.060000	-3.887900	9.790200	1
64.515000	151.160000	-2.510200	9.790000	1
64.514000	151.270000	-2.857600	9.790200	1
64.512000	151.370000	-1.487500	9.790000	1
64.511000	151.470000	-1.834900	9.790300	1
64.509000	151.570000	-3.895300	9.790000	1
64.508000	151.670000	-3.547600	9.790300	1
64.506000	151.780000	-3.200100	9.789900	1
64.504000	151.880000	-4.916400	9.790300	1
64.503000	151.980000	-1.141200	9.789900	1
64.474000	150.450000	-4.884500	10.548000	1
64.474000	150.550000	0.967450	10.548000	1
64.473000	150.650000	-0.062342	10.548000	1
64.472000	150.760000	-1.088700	10.548000	1
64.471000	150.860000	-2.122300	10.548000	1
64.470000	150.960000	-3.145000	10.548000	1
64.469000	151.060000	-3.144700	10.548000	1
64.467000	151.160000	-2.804800	10.548000	1
64.466000	151.260000	-2.118200	10.548000	1
64.465000	151.370000	-4.868700	10.548000	1
64.463000	151.470000	-3.492100	10.548000	1
64.462000	151.570000	-4.524800	10.548000	1
64.460000	151.670000	-5.895000	10.548000	1
64.430000	149.230000	-6.334300	11.301000	1
64.430000	149.330000	-4.281300	11.300000	1
64.430000	149.430000	-4.621300	11.300000	1
64.430000	149.530000	-4.961300	11.300000	1
64.430000	149.640000	-4.617300	11.300000	1
64.430000	149.740000	-4.942200	11.300000	1
64.430000	149.840000	-5.972000	11.301000	1
64.429000	149.940000	-4.941900	11.300000	1
64.429000	150.040000	-5.291600	11.301000	1
64.429000	150.140000	-7.367500	11.300000	1
64.428000	150.250000	-9.420700	11.301000	1
64.427000	150.350000	-8.386200	11.300000	1
64.427000	150.450000	-5.642600	11.301000	1
64.426000	150.550000	-1.525700	11.300000	1
64.425000	150.650000	0.888450	11.301000	1
64.424000	150.750000	-0.827930	11.300000	1
64.423000	150.850000	-1.850200	11.301000	1
64.422000	150.960000	-2.540300	11.300000	1
64.421000	151.060000	-3.212700	11.301000	1
64.420000	151.160000	-3.917900	11.300000	1
64.418000	151.260000	-2.868700	11.301000	1
64.417000	151.360000	-3.917800	11.300000	1
64.415000	151.460000	-4.940300	11.301000	1
64.414000	151.570000	-4.948000	11.300000	1
64.412000	151.670000	-5.622800	11.301000	1
64.379000	150.350000	-6.406800	12.055000	1
64.379000	150.450000	-6.055100	12.056000	1
64.378000	150.550000	-5.372500	12.055000	1
64.377000	150.650000	-6.410100	12.056000	1
64.376000	150.750000	-2.281800	12.055000	1
64.375000	150.850000	-2.625400	12.056000	1
64.374000	150.950000	-2.274000	12.055000	1
64.373000	151.060000	-3.997800	12.056000	1
64.372000	151.160000	-4.334200	12.055000	1
64.370000	151.260000	-3.636200	12.056000	1
64.369000	151.360000	-3.647600	12.055000	1
64.367000	151.460000	-3.997600	12.056000	1
64.366000	151.560000	-3.993900	12.055000	1
64.364000	151.660000	-4.670100	12.056000	1
64.363000	151.760000	-7.080900	12.055000	1
64.361000	151.870000	-7.080800	12.056000	1
64.331000	150.340000	-4.992800	12.816000	1
64.330000	150.450000	-5.682700	12.816000	1
64.329000	150.550000	-4.663700	12.816000	1
64.328000	150.650000	-5.697600	12.816000	1
64.327000	150.750000	-4.302100	12.816000	1
64.326000	150.850000	-3.617900	12.816000	1
64.325000	150.950000	-4.648200	12.816000	1
64.324000	151.050000	-4.980400	12.816000	1
64.323000	151.150000	-3.950200	12.816000	1
64.322000	151.260000	0.527970	12.816000	1
64.320000	151.360000	-6.346900	12.816000	1
64.319000	151.460000	-7.727600	12.816000	1
64.317000	151.560000	-5.670500	12.816000	1
64.316000	151.660000	-3.613600	12.816000	1
64.314000	151.760000	-2.569900	12.816000	1
64.312000	151.860000	-5.316500	12.816000	1
64.283000	150.140000	-5.754300	13.575000	1
64.282000	150.240000	-5.402700	13.575000	1
64.282000	150.340000	-5.754100	13.575000	1
64.281000	150.440000	-5.052300	13.575000	1
64.280000	150.550000	-8.172500	13.575000	1
64.279000	150.650000	-6.105100	13.575000	1
64.279000	150.750000	-5.409800	13.575000	1
64.277000	150.850000	-4.700300	13.575000	1
64.276000	150.950000	-4.352900	13.575000	1
64.275000	151.050000	-5.730500	13.575000	1
64.274000	151.150000	-4.700200	13.575000	1
64.273000	151.250000	-6.768200	13.575000	1
64.271000	151.350000	-6.431900	13.575000	1
64.270000	151.450000	-6.070200	13.575000	1
64.268000	151.560000	-6.070500	13.575000	1
64.267000	151.660000	-5.039900	13.575000	1
64.236000	149.640000	-2.747500	14.327000	1
64.236000	149.740000	-4.807900	14.327000	1
64.235000	149.840000	-4.815200	14.327000	1
64.235000	149.940000	-6.191800	14.327000	1
64.235000	150.040000	-5.168700	14.327000	1
64.234000	150.140000	-4.811100	14.327000	1
64.234000	150.240000	-3.440600	14.327000	1
64.233000	150.340000	-3.440600	14.327000	1
64.232000	150.440000	-4.814400	14.327000	1
64.232000	150.540000	-8.240700	14.327000	1
64.231000	150.640000	-7.911700	14.327000	1
64.230000	150.750000	-5.496800	14.327000	1
64.229000	150.850000	-4.810000	14.327000	1
64.228000	150.950000	-4.114800	14.327000	1
64.227000	151.050000	-5.817500	14.327000	1
64.225000	151.150000	-5.485000	14.327000	1
64.224000	151.250000	-4.122000	14.327000	1
64.223000	151.350000	-6.179000	14.327000	1
64.221000	151.450000	-5.817300	14.327000	1
64.220000	151.550000	-5.496100	14.327000	1
64.218000	151.650000	-6.178700	14.327000	1
64.217000	151.750000	-6.515200	14.327000	1
64.215000	151.850000	-7.888100	14.327000	1
63.053000	166.770000	-7.202600	15.088000	1
63.040000	166.860000	-5.496500	15.088000	1
63.028000	166.950000	-6.171400	15.088000	1
63.015000	167.050000	-6.175100	15.088000	1
63.002000	167.140000	-5.144300	15.088000	1
62.989000	167.230000	-5.140600	15.088000	1
62.976000	167.320000	-4.457800	15.088000	1
62.964000	167.420000	-4.457800	15.088000	1
62.950000	167.510000	-5.495100	15.088000	1
62.937000	167.600000	-4.113400	15.088000	1
62.924000	167.690000	-5.147200	15.088000	1
62.911000	167.780000	-6.177600	15.087000	1
62.898000	167.870000	-6.180900	15.088000	1
62.884000	167.970000	-7.211300	15.088000	1
62.871000	168.060000	-7.557500	15.088000	1
63.005000	166.740000	-5.560200	15.845000	1
62.993000	166.830000	-7.273200	15.845000	1
62.980000	166.920000	-7.276800	15.844000	1
62.967000	167.020000	-6.250100	15.844000	1
62.955000	167.110000	-5.884800	15.845000	1
62.942000	167.200000	-5.896000	15.845000	1
62.929000	167.290000	-5.201900	15.845000	1
62.916000	167.380000	-5.552200	15.844000	1
62.903000	167.480000	-4.175300	15.845000	1
62.890000	167.570000	-5.207800	15.845000	1
62.877000	167.660000	-5.550200	15.845000	1
62.864000	167.750000	-5.897700	15.844000	1
62.850000	167.840000	-6.927900	15.845000	1
62.837000	167.930000	-7.622000	15.845000	1
62.824000	168.030000	-6.269700	15.845000	1
64.086000	150.040000	-7.425800	16.600000	1
64.085000	150.140000	-6.743000	16.599000	1
64.085000	150.240000	-7.100300	16.600000	1
64.084000	150.340000	-8.474900	16.599000	1
64.083000	150.440000	-8.825100	16.600000	1
64.083000	150.540000	-10.540000	16.599000	1
64.082000	150.640000	-8.459500	16.600000	1
64.081000	150.740000	-5.386400	16.599000	1
64.080000	150.840000	-6.741900	16.600000	1
64.079000	150.940000	-8.122700	16.599000	1
64.078000	151.040000	-7.420700	16.600000	1
64.077000	151.140000	-7.091800	16.599000	1
64.075000	151.240000	-7.775700	16.600000	1
64.074000	151.340000	-7.420700	16.599000	1
64.072000	151.440000	-7.084000	16.600000	1
64.071000	151.540000	-8.454800	16.599000	1
64.069000	151.640000	-6.744900	16.600000	1
64.068000	151.740000	-5.703400	16.599000	1
64.066000	151.840000	-7.091200	16.600000	1
64.064000	151.940000	-7.753200	16.599000	1
64.062000	152.040000	-6.729800	16.600000	1
64.060000	152.140000	-7.416500	16.599000	1
64.058000	152.240000	-7.094600	16.600000	1
64.056000	152.340000	-6.049200	16.600000	1
64.054000	152.440000	-7.763600	16.600000	1
64.052000	152.540000	-8.117500	16.600000	1
64.050000	152.640000	-7.419700	16.600000	1
64.047000	152.740000	-8.483900	16.600000	1
64.045000	152.840000	-8.457800	16.600000	1
64.042000	152.940000	-8.819300	16.600000	1
64.040000	153.040000	-7.434400	16.600000	1
64.037000	153.140000	-6.744200	16.600000	1
64.034000	153.240000	-7.094500	16.600000	1
64.031000	153.340000	-8.818900	16.600000	1
64.028000	153.440000	-8.457900	16.599000	1
64.025000	153.540000	-8.808000	16.600000	1
64.022000	153.640000	-8.121500	16.599000	1
64.019000	153.740000	-8.457700	16.600000	1
64.016000	153.840000	-8.789300	16.600000	1
64.013000	153.940000	-6.396500	16.600000	1
64.009000	154.040000	-8.465300	16.600000	1
64.006000	154.140000	-6.385400	16.600000	1
62.945000	166.800000	-7.057600	16.599000	1
62.932000	166.890000	-7.061200	16.599000	1
62.920000	166.980000	-6.034300	16.599000	1
62.907000	167.080000	-4.317200	16.599000	1
62.894000	167.170000	-4.989800	16.599000	1
62.881000	167.260000	-4.996900	16.599000	1
62.868000	167.350000	-4.996900	16.598000	1
62.855000	167.440000	-4.312600	16.599000	1
62.842000	167.540000	-6.029200	16.599000	1
62.829000	167.630000	-6.387900	16.599000	1
62.816000	167.720000	-6.047600	16.598000	1
62.803000	167.810000	-7.750700	16.599000	1
62.789000	167.900000	-8.463500	16.599000	1
62.776000	167.990000	-8.108000	16.599000	1
64.036000	149.430000	-8.499800	17.364000	1
64.036000	149.530000	-7.462700	17.364000	1
64.036000	149.630000	-8.156900	17.364000	1
64.036000	149.730000	-4.374600	17.364000	1
64.036000	149.830000	-6.793000	17.364000	1
64.035000	149.940000	-7.808700	17.364000	1
64.035000	150.040000	-6.789000	17.365000	1
64.034000	150.140000	-7.473300	17.364000	1
64.034000	150.240000	-6.777600	17.364000	1
64.033000	150.340000	-7.819400	17.364000	1
64.033000	150.440000	-7.128600	17.365000	1
64.032000	150.540000	-7.793200	17.364000	1
64.031000	150.640000	-8.144300	17.365000	1
64.030000	150.740000	-8.513100	17.364000	1
64.029000	150.840000	-4.040500	17.365000	1
64.028000	150.940000	-7.445900	17.364000	1
64.027000	151.040000	-7.806900	17.365000	1
64.026000	151.140000	-5.399600	17.364000	1
64.024000	151.240000	-6.411100	17.365000	1
64.023000	151.340000	-6.082300	17.364000	1
64.022000	151.440000	-8.150900	17.365000	1
64.020000	151.540000	-6.414900	17.364000	1
64.019000	151.640000	-7.452600	17.365000	1
64.017000	151.740000	-7.792000	17.364000	1
64.015000	151.840000	-7.795400	17.365000	1
64.013000	151.940000	-7.799300	17.364000	1
64.011000	152.040000	-7.441400	17.365000	1
64.010000	152.140000	-7.806600	17.364000	1
64.008000	152.240000	-7.108400	17.365000	1
64.005000	152.340000	-7.112300	17.364000	1
64.003000	152.440000	-7.448400	17.364000	1
64.001000	152.540000	-7.448600	17.365000	1
63.999000	152.640000	-8.142600	17.364000	1
63.996000	152.730000	-7.111200	17.365000	1
63.994000	152.830000	-7.798100	17.365000	1
63.991000	152.930000	-6.763600	17.365000	1
63.989000	153.030000	-7.129900	17.365000	1
63.986000	153.130000	-7.115000	17.365000	1
63.983000	153.230000	-7.455500	17.364000	1
63.981000	153.330000	-7.114900	17.365000	1
63.978000	153.430000	-6.767500	17.364000	1
63.975000	153.530000	-7.794200	17.365000	1
63.972000	153.630000	-8.488600	17.364000	1
63.968000	153.730000	-7.444200	17.364000	1
63.965000	153.830000	-9.173000	17.365000	1
63.962000	153.930000	-7.783300	17.364000	1
63.959000	154.030000	-7.111400	17.364000	1
62.896000	166.770000	-6.400600	17.364000	1
62.884000	166.860000	-5.716700	17.363000	1
62.871000	166.950000	-5.720100	17.363000	1
62.858000	167.040000	-5.026000	17.364000	1
62.845000	167.140000	-5.716200	17.364000	1
62.833000	167.230000	-5.029600	17.364000	1
62.820000	167.320000	-6.071000	17.363000	1
62.807000	167.410000	-6.060000	17.364000	1
62.794000	167.500000	-5.716000	17.364000	1
62.781000	167.600000	-6.750100	17.364000	1
62.767000	167.690000	-5.033200	17.363000	1
62.754000	167.780000	-7.104800	17.364000	1
62.741000	167.870000	-7.791900	17.364000	1
62.728000	167.960000	-7.432600	17.364000	1
63.985000	149.330000	-7.232600	18.125000	1
63.985000	149.430000	-7.926700	18.125000	1
63.985000	149.530000	-8.269700	18.125000	1
63.985000	149.630000	-9.307700	18.125000	1
63.985000	149.730000	-9.663200	18.125000	1
63.985000	149.830000	-8.602200	18.125000	1
63.984000	149.930000	-7.926500	18.125000	1
63.984000	150.030000	-8.276700	18.125000	1
63.984000	150.130000	-6.906800	18.125000	1
63.983000	150.230000	-4.826900	18.125000	1
63.982000	150.330000	-5.861100	18.125000	1
63.982000	150.430000	-7.910900	18.125000	1
63.981000	150.530000	-8.604900	18.125000	1
63.980000	150.630000	-8.264300	18.125000	1
63.979000	150.730000	-8.937800	18.125000	1
63.978000	150.830000	-5.867500	18.125000	1
63.977000	150.930000	-6.879500	18.125000	1
63.976000	151.030000	-7.215900	18.125000	1
63.975000	151.130000	-7.569900	18.125000	1
63.974000	151.230000	-5.852000	18.125000	1
63.972000	151.330000	-4.135300	18.125000	1
63.971000	151.430000	-3.791300	18.125000	1
63.969000	151.530000	-5.844700	18.125000	1
63.968000	151.630000	-7.234000	18.125000	1
63.966000	151.730000	-7.215700	18.125000	1
63.964000	151.830000	-8.271000	18.125000	1
63.963000	151.930000	-6.875100	18.125000	1
63.961000	152.030000	-7.569200	18.125000	1
63.959000	152.130000	-8.259500	18.125000	1
63.957000	152.230000	-8.244400	18.125000	1
63.955000	152.330000	-7.565300	18.125000	1
63.952000	152.430000	-7.583600	18.125000	1
63.950000	152.530000	-6.545400	18.125000	1
63.948000	152.630000	-6.893100	18.125000	1
63.946000	152.730000	-7.565000	18.125000	1
63.943000	152.830000	-5.518700	18.125000	1
63.941000	152.930000	-6.210100	18.125000	1
63.938000	153.030000	-8.954500	18.125000	1
63.935000	153.130000	-8.595600	18.125000	1
63.933000	153.230000	-8.610600	18.125000	1
63.930000	153.330000	-9.293800	18.125000	1
63.927000	153.430000	-7.568700	18.125000	1
63.924000	153.530000	-6.878100	18.125000	1
63.921000	153.620000	-7.565100	18.125000	1
63.918000	153.720000	-7.203700	18.125000	1
63.915000	153.820000	-6.172900	18.125000	1
62.860000	166.650000	-4.107700	18.124000	1
62.847000	166.740000	-2.740800	18.124000	1
62.835000	166.830000	-5.137700	18.124000	1
62.822000	166.920000	-4.797400	18.124000	1
62.809000	167.010000	-5.148300	18.124000	1
62.797000	167.110000	-5.136900	18.124000	1
62.784000	167.200000	-5.830900	18.124000	1
62.771000	167.290000	-6.167200	18.124000	1
62.758000	167.380000	-7.197500	18.124000	1
62.745000	167.470000	-6.524200	18.124000	1
62.732000	167.560000	-7.215500	18.124000	1
62.719000	167.650000	-6.871500	18.123000	1
62.706000	167.750000	-7.890500	18.124000	1
62.692000	167.840000	-7.565100	18.124000	1
62.679000	167.930000	-8.584600	18.124000	1