La	Lo	Sig	Theta	Ice
64.066000	165.360000	-6.846800	-18.179000	1
64.084000	165.460000	-6.854100	-18.179000	1
64.101000	165.550000	-7.190300	-18.179000	1
64.119000	165.640000	-9.269500	-18.179000	1
64.136000	165.730000	-10.316000	-18.179000	1
64.153000	165.830000	-9.276700	-18.179000	1
64.171000	165.920000	-6.871800	-18.179000	1
64.188000	166.010000	-7.887600	-18.179000	1
64.205000	166.100000	-8.585200	-18.179000	1
64.222000	166.200000	-5.508100	-18.179000	1
64.239000	166.290000	-6.867500	-18.179000	1
64.256000	166.380000	-4.452400	-18.179000	1
64.273000	166.480000	-5.832800	-18.179000	1
64.290000	166.570000	-5.496200	-18.179000	1
64.307000	166.660000	-5.492200	-18.179000	1
64.324000	166.760000	-5.499500	-18.179000	1
64.340000	166.850000	-7.214000	-18.179000	1
64.357000	166.950000	-8.228400	-18.179000	1
64.374000	167.040000	-8.927500	-18.179000	1
64.390000	167.130000	-8.583200	-18.179000	1
64.406000	167.230000	-5.494800	-18.179000	1
64.423000	167.320000	-6.525200	-18.179000	1
64.439000	167.420000	-3.412700	-18.179000	1
64.455000	167.510000	-8.231100	-18.179000	1
63.633000	164.290000	-5.196200	-15.145000	1
63.651000	164.380000	-7.245400	-15.145000	1
63.669000	164.470000	-8.962100	-15.145000	1
63.688000	164.560000	-8.984400	-15.145000	1
63.706000	164.650000	-5.191000	-15.145000	1
63.724000	164.740000	-4.179400	-15.145000	1
63.742000	164.830000	-4.507800	-15.145000	1
63.760000	164.920000	-7.941600	-15.145000	1
63.778000	165.010000	-9.673600	-15.145000	1
63.796000	165.100000	-5.541000	-15.145000	1
63.813000	165.190000	-5.200600	-15.145000	1
63.831000	165.280000	-7.600100	-15.145000	1
63.849000	165.370000	-6.894300	-15.145000	1
63.866000	165.460000	-7.924500	-15.145000	1
63.884000	165.560000	-7.583900	-15.145000	1
63.901000	165.650000	-8.629400	-15.145000	1
63.919000	165.740000	-5.550200	-15.145000	1
63.936000	165.830000	-7.945900	-15.145000	1
63.954000	165.920000	-6.896300	-15.145000	1
63.971000	166.020000	-6.209500	-15.145000	1
63.988000	166.110000	-6.212800	-15.145000	1
64.005000	166.200000	-8.288900	-15.145000	1
64.022000	166.290000	-7.246700	-15.145000	1
64.039000	166.390000	-5.879600	-15.145000	1
64.056000	166.480000	-7.600100	-15.145000	1
64.073000	166.570000	-6.894500	-15.145000	1
64.090000	166.660000	-6.905600	-15.145000	1
64.106000	166.760000	-7.596000	-15.145000	1
64.123000	166.850000	-5.184500	-15.145000	1
64.140000	166.940000	-5.874700	-15.145000	1
64.156000	167.040000	-5.195500	-15.145000	1
64.173000	167.130000	-7.229900	-15.145000	1
64.189000	167.220000	-5.183900	-15.145000	1
64.206000	167.320000	-7.252000	-15.145000	1
64.222000	167.410000	-5.183500	-15.145000	1
64.238000	167.500000	-6.563800	-15.145000	1
64.254000	167.600000	-2.778900	-15.145000	1
64.270000	167.690000	-5.186700	-15.145000	1
46.477000	130.200000	-9.468100	-14.380000	1
46.514000	130.240000	-9.131500	-14.379000	1
46.550000	130.280000	-9.466900	-14.380000	1
46.586000	130.310000	-10.153000	-14.380000	1
46.623000	130.350000	-9.125900	-14.380000	1
46.659000	130.380000	-8.438800	-14.380000	1
46.696000	130.420000	-9.819100	-14.380000	1
46.732000	130.460000	-8.781600	-14.380000	1
46.768000	130.490000	-9.124000	-14.380000	1
46.805000	130.530000	-9.460000	-14.380000	1
46.841000	130.570000	-9.467000	-14.380000	1
46.877000	130.600000	-9.454700	-14.380000	1
46.914000	130.640000	-7.404400	-14.380000	1
46.950000	130.680000	-9.124900	-14.380000	1
46.986000	130.710000	-2.592100	-14.380000	1
47.023000	130.750000	-7.403200	-14.380000	1
47.059000	130.790000	-9.814300	-14.380000	1
47.095000	130.820000	-9.456200	-14.380000	1
47.131000	130.860000	-9.455700	-14.380000	1
47.167000	130.900000	-9.115100	-14.380000	1
47.204000	130.940000	-7.405300	-14.380000	1
47.240000	130.970000	-9.466400	-14.380000	1
47.276000	131.010000	-10.153000	-14.380000	1
47.312000	131.050000	-9.804400	-14.380000	1
47.348000	131.090000	-10.148000	-14.380000	1
47.384000	131.120000	-10.488000	-14.380000	1
47.421000	131.160000	-10.148000	-14.380000	1
47.457000	131.200000	-10.496000	-14.380000	1
47.493000	131.240000	-9.806900	-14.380000	1
47.529000	131.270000	-6.705000	-14.380000	1
47.565000	131.310000	-9.806800	-14.380000	1
47.601000	131.350000	-9.810300	-14.380000	1
47.637000	131.390000	-10.147000	-14.380000	1
47.673000	131.420000	-9.107800	-14.381000	1
47.709000	131.460000	-8.427800	-14.380000	1
47.745000	131.500000	-5.339800	-14.381000	1
47.781000	131.540000	-11.516000	-14.380000	1
47.817000	131.580000	-8.422900	-14.381000	1
47.853000	131.610000	-7.739800	-14.380000	1
47.889000	131.650000	-6.704800	-14.381000	1
47.924000	131.690000	-7.735000	-14.380000	1
47.960000	131.730000	-7.386800	-14.381000	1
47.996000	131.770000	-10.486000	-14.380000	1
48.032000	131.810000	-10.828000	-14.381000	1
48.068000	131.840000	-11.176000	-14.380000	1
48.104000	131.880000	-10.144000	-14.381000	1
48.139000	131.920000	-10.143000	-14.381000	1
48.175000	131.960000	-9.108400	-14.381000	1
48.211000	132.000000	-10.131000	-14.381000	1
48.247000	132.040000	-11.518000	-14.381000	1
48.283000	132.080000	-11.864000	-14.381000	1
48.318000	132.120000	-10.832000	-14.381000	1
48.354000	132.150000	-11.867000	-14.381000	1
48.390000	132.190000	-10.484000	-14.381000	1
48.425000	132.230000	-10.831000	-14.381000	1
48.461000	132.270000	-11.507000	-14.381000	1
48.497000	132.310000	-11.507000	-14.381000	1
48.532000	132.350000	-11.166000	-14.381000	1
48.568000	132.390000	-11.173000	-14.381000	1
48.604000	132.430000	-11.513000	-14.381000	1
48.639000	132.470000	-10.478000	-14.381000	1
48.675000	132.510000	-9.446200	-14.381000	1
48.710000	132.550000	-10.144000	-14.381000	1
48.746000	132.590000	-10.481000	-14.381000	1
48.781000	132.630000	-9.794900	-14.381000	1
48.817000	132.670000	-8.421300	-14.381000	1
48.852000	132.710000	-8.416800	-14.381000	1
48.888000	132.750000	-8.753100	-14.381000	1
48.923000	132.780000	-9.785500	-14.382000	1
48.959000	132.820000	-10.130000	-14.381000	1
48.994000	132.860000	-9.442100	-14.381000	1
49.030000	132.910000	-6.698000	-14.381000	1
49.065000	132.950000	-6.697400	-14.381000	1
49.101000	132.990000	-8.405700	-14.382000	1
49.136000	133.030000	-9.103500	-14.381000	1
49.171000	133.070000	-8.764400	-14.381000	1
49.207000	133.110000	-8.416500	-14.381000	1
49.242000	133.150000	-7.049200	-14.381000	1
49.277000	133.190000	-9.106300	-14.382000	1
49.313000	133.230000	-8.752100	-14.381000	1
49.348000	133.270000	-9.442100	-14.382000	1
49.383000	133.310000	-8.415100	-14.382000	1
49.418000	133.350000	-9.795900	-14.382000	1
49.454000	133.390000	-9.097500	-14.382000	1
49.489000	133.430000	-8.761600	-14.382000	1
49.524000	133.470000	-7.726900	-14.382000	1
49.559000	133.510000	-9.452000	-14.382000	1
49.594000	133.550000	-8.749500	-14.382000	1
49.630000	133.600000	-9.796900	-14.382000	1
49.665000	133.640000	-9.796700	-14.382000	1
49.700000	133.680000	-9.446100	-14.382000	1
49.735000	133.720000	-9.445600	-14.382000	1
49.770000	133.760000	-6.689800	-14.382000	1
49.805000	133.800000	-9.115300	-14.382000	1
49.840000	133.840000	-7.030700	-14.382000	1
49.875000	133.880000	-7.714600	-14.382000	1
63.619000	165.290000	-6.707000	-12.114000	1
63.636000	165.380000	-7.056700	-12.114000	1
63.654000	165.470000	-6.691200	-12.114000	1
63.671000	165.560000	-5.335500	-12.114000	1
63.689000	165.650000	-4.293500	-12.114000	1
63.706000	165.740000	-2.909200	-12.115000	1
63.724000	165.830000	-3.595200	-12.114000	1
63.741000	165.920000	-6.020600	-12.114000	1
63.758000	166.010000	-4.974900	-12.114000	1
63.775000	166.100000	-4.299500	-12.115000	1
63.793000	166.200000	-6.684700	-12.114000	1
63.810000	166.290000	-7.034500	-12.115000	1
63.827000	166.380000	-4.283300	-12.114000	1
63.844000	166.470000	-4.283000	-12.114000	1
63.860000	166.560000	-2.562500	-12.114000	1
63.877000	166.660000	-4.278700	-12.115000	1
63.894000	166.750000	-4.270900	-12.115000	1
63.911000	166.840000	-3.938200	-12.114000	1
63.927000	166.930000	-5.994500	-12.114000	1
63.944000	167.030000	-4.610100	-12.114000	1
63.960000	167.120000	-5.307600	-12.114000	1
63.977000	167.210000	-5.303700	-12.114000	1
63.993000	167.300000	-4.963300	-12.115000	1
64.009000	167.400000	-4.966900	-12.114000	1
64.026000	167.490000	-2.892600	-12.115000	1
64.042000	167.580000	-7.367500	-12.115000	1
64.058000	167.680000	-5.299100	-12.115000	1
64.074000	167.770000	-3.936100	-12.115000	1
64.090000	167.860000	-1.525700	-12.115000	1
63.557000	165.240000	-4.247700	-11.361000	1
63.575000	165.330000	-4.610100	-11.361000	1
63.593000	165.420000	-2.870600	-11.361000	1
63.610000	165.510000	-4.246700	-11.361000	1
63.628000	165.600000	-4.590200	-11.361000	1
63.645000	165.690000	-2.869600	-11.361000	1
63.663000	165.780000	-4.918200	-11.361000	1
63.680000	165.880000	-3.899100	-11.361000	1
63.697000	165.970000	-2.170900	-11.361000	1
63.715000	166.060000	-6.324000	-11.361000	1
63.732000	166.150000	-3.204000	-11.361000	1
63.749000	166.240000	-4.576400	-11.361000	1
63.766000	166.330000	-6.636500	-11.361000	1
63.783000	166.420000	-6.292300	-11.361000	1
63.800000	166.520000	-2.847600	-11.361000	1
63.816000	166.610000	-3.885000	-11.361000	1
63.833000	166.700000	-5.945100	-11.361000	1
63.850000	166.790000	-7.669100	-11.361000	1
63.867000	166.880000	-6.634800	-11.361000	1
63.883000	166.980000	-6.615700	-11.361000	1
63.900000	167.070000	-8.011000	-11.361000	1
63.916000	167.160000	-5.592300	-11.361000	1
63.933000	167.250000	-6.282200	-11.361000	1
63.949000	167.350000	-4.905600	-11.361000	1
63.965000	167.440000	-4.913000	-11.361000	1
63.982000	167.530000	-3.527300	-11.361000	1
63.998000	167.630000	-7.648300	-11.361000	1
64.014000	167.720000	-4.908700	-11.361000	1
64.030000	167.810000	-4.232200	-11.361000	1
64.046000	167.910000	-4.557100	-11.361000	1
63.756000	166.560000	-5.635000	-10.601000	1
63.772000	166.650000	-4.604500	-10.601000	1
63.789000	166.740000	-6.310800	-10.601000	1
63.806000	166.830000	-4.603800	-10.601000	1
63.822000	166.930000	-6.656400	-10.601000	1
63.839000	167.020000	-8.384200	-10.601000	1
63.856000	167.110000	-7.347400	-10.601000	1
63.872000	167.200000	-6.659500	-10.601000	1
63.888000	167.300000	-5.275100	-10.601000	1
63.905000	167.390000	-5.621200	-10.601000	1
63.921000	167.480000	-5.278500	-10.601000	1
63.937000	167.580000	-5.964700	-10.601000	1
63.953000	167.670000	-6.654600	-10.601000	1
63.969000	167.760000	-5.639400	-10.601000	1
63.985000	167.850000	-4.251500	-10.601000	1
64.001000	167.950000	-5.281500	-10.601000	1
63.719000	166.920000	-5.963600	-9.090300	1
63.735000	167.010000	-4.269500	-9.090200	1
63.752000	167.100000	-4.600400	-9.090300	1
63.768000	167.200000	-2.532400	-9.090200	1
63.784000	167.290000	-2.887200	-9.090200	1
63.801000	167.380000	-1.853100	-9.090300	1
63.817000	167.470000	-2.875400	-9.090300	1
63.833000	167.570000	-5.962000	-9.090200	1
63.849000	167.660000	-4.241400	-9.090300	1
63.865000	167.750000	-4.241300	-9.090300	1
63.881000	167.840000	-5.961400	-9.090300	1
63.897000	167.940000	-8.025700	-9.090300	1
63.913000	168.030000	-6.991400	-9.090300	1
63.625000	166.690000	-5.388500	-8.334100	1
63.642000	166.780000	-6.425900	-8.334100	1
63.659000	166.870000	-6.418000	-8.334100	1
63.675000	166.960000	-5.066300	-8.334100	1
63.692000	167.050000	-4.712200	-8.334100	1
63.708000	167.140000	-0.927900	-8.334100	1
63.725000	167.240000	-2.644000	-8.334000	1
63.741000	167.330000	-0.236060	-8.334100	1
63.757000	167.420000	-4.008700	-8.334100	1
63.773000	167.510000	-5.382400	-8.334100	1
63.790000	167.610000	-6.416200	-8.334000	1
63.806000	167.700000	-7.098500	-8.334200	1
63.822000	167.790000	-5.728200	-8.334100	1
63.838000	167.880000	-5.728000	-8.334100	1
63.854000	167.980000	-7.792000	-8.334100	1
63.870000	168.070000	-6.757700	-8.334100	1
63.497000	166.270000	-4.772300	-7.577500	1
63.514000	166.360000	-3.734200	-7.577600	1
63.531000	166.450000	-5.442900	-7.577500	1
63.548000	166.550000	-5.449900	-7.577600	1
63.565000	166.640000	-5.445900	-7.577500	1
63.582000	166.730000	-5.091700	-7.577600	1
63.599000	166.820000	-4.411300	-7.577500	1
63.615000	166.910000	-4.754700	-7.577600	1
63.632000	167.000000	-3.038000	-7.577600	1
63.648000	167.090000	-0.637500	-7.577500	1
63.665000	167.190000	-3.716200	-7.577600	1
63.681000	167.280000	-3.372200	-7.577500	1
63.697000	167.370000	-4.405800	-7.577500	1
63.714000	167.460000	-6.125900	-7.577500	1
63.730000	167.550000	-6.805900	-7.577600	1
63.746000	167.650000	-5.435500	-7.577500	1
63.762000	167.740000	-5.435200	-7.577600	1
63.778000	167.830000	-5.775100	-7.577500	1
63.794000	167.920000	-5.081100	-7.577600	1
63.810000	168.020000	-4.050800	-7.577600	1
63.826000	168.110000	-4.400600	-7.577600	1
63.403000	166.040000	-4.437200	-6.823400	1
63.420000	166.130000	-4.794200	-6.823300	1
63.437000	166.220000	-4.797300	-6.823400	1
63.455000	166.320000	-5.476900	-6.823300	1
63.471000	166.410000	-4.438800	-6.823400	1
63.488000	166.500000	-2.721900	-6.823300	1
63.505000	166.590000	-3.071400	-6.823400	1
63.522000	166.680000	-4.780100	-6.823300	1
63.539000	166.770000	-3.399600	-6.823400	1
63.555000	166.860000	-1.342800	-6.823300	1
63.572000	166.950000	-5.466500	-6.823400	1
63.589000	167.040000	-5.808900	-6.823300	1
63.605000	167.140000	-2.360700	-6.823300	1
63.622000	167.230000	0.035972	-6.823300	1
63.638000	167.320000	-4.084100	-6.823300	1
63.654000	167.410000	-5.800200	-6.823300	1
63.670000	167.500000	-6.140100	-6.823300	1
63.687000	167.590000	-5.803800	-6.823300	1
63.703000	167.690000	-5.113500	-6.823300	1
63.719000	167.780000	-5.453300	-6.823400	1
63.735000	167.870000	-5.113100	-6.823300	1
63.751000	167.960000	-6.139300	-6.823400	1
63.767000	168.060000	-4.772700	-6.823400	1
63.782000	168.150000	-5.452600	-6.823400	1
47.188000	131.850000	-6.106200	-6.064400	1
47.224000	131.890000	-4.045900	-6.064100	1
47.260000	131.930000	0.071224	-6.064400	1
47.296000	131.970000	-6.455500	-6.064100	1
47.331000	132.010000	-1.648100	-6.064400	1
47.367000	132.040000	5.576100	-6.064200	1
47.403000	132.080000	3.512800	-6.064400	1
47.439000	132.120000	-6.793700	-6.064200	1
47.474000	132.160000	-7.139500	-6.064400	1
47.510000	132.200000	-7.822700	-6.064200	1
47.546000	132.240000	-7.818400	-6.064400	1
47.581000	132.270000	-7.141800	-6.064300	1
47.617000	132.310000	-2.667100	-6.064300	1
47.653000	132.350000	-5.760700	-6.064400	1
47.688000	132.390000	-6.790500	-6.064300	1
47.724000	132.430000	-0.945780	-6.064400	1
47.760000	132.470000	1.464600	-6.064300	1
47.795000	132.510000	-1.978800	-6.064400	1
47.831000	132.540000	-5.415000	-6.064400	1
47.866000	132.580000	-5.414000	-6.064500	1
47.902000	132.620000	-2.674700	-6.064300	1
47.937000	132.660000	6.273500	-6.064600	1
47.973000	132.700000	2.140000	-6.064300	1
48.009000	132.740000	-7.136400	-6.064600	1
48.044000	132.780000	-7.812700	-6.064400	1
48.079000	132.820000	-7.815900	-6.064600	1
48.115000	132.860000	-10.226000	-6.064400	1
48.150000	132.900000	-7.811400	-6.064600	1
48.186000	132.940000	-8.501400	-6.064400	1
48.221000	132.970000	-5.413500	-6.064700	1
48.257000	133.010000	-4.723200	-6.064400	1
48.292000	133.050000	-1.278900	-6.064700	1
48.327000	133.090000	-8.159600	-6.064400	1
48.363000	133.130000	-4.032400	-6.064700	1
48.398000	133.170000	-2.662300	-6.064400	1
48.433000	133.210000	-0.247980	-6.064800	1
48.469000	133.250000	-5.058300	-6.064400	1
48.504000	133.290000	-5.057900	-6.064800	1
48.539000	133.330000	-5.407900	-6.064500	1
48.574000	133.370000	-5.057500	-6.064700	1
48.610000	133.410000	-5.064100	-6.064700	1
48.645000	133.450000	-4.376500	-6.064500	1
48.680000	133.490000	-3.689700	-6.064900	1
48.715000	133.530000	-5.056100	-6.064400	1
48.750000	133.570000	-7.125900	-6.064900	1
48.786000	133.610000	-7.466000	-6.064600	1
48.821000	133.650000	-6.085400	-6.064800	1
48.856000	133.690000	-6.439000	-6.064700	1
48.891000	133.730000	-6.775100	-6.064800	1
63.395000	166.270000	-6.274600	-6.068800	1
63.412000	166.360000	-4.217500	-6.068700	1
63.429000	166.450000	-4.557000	-6.068800	1
63.446000	166.540000	-4.220200	-6.068700	1
63.462000	166.630000	-3.172200	-6.068800	1
63.479000	166.720000	-4.208200	-6.068700	1
63.496000	166.810000	-3.167500	-6.068800	1
63.512000	166.900000	-3.853600	-6.068700	1
63.529000	166.990000	-3.163100	-6.068800	1
63.546000	167.080000	-3.849200	-6.068700	1
63.562000	167.180000	-2.132500	-6.068700	1
63.578000	167.270000	-3.852300	-6.068800	1
63.595000	167.360000	-4.198400	-6.068700	1
63.611000	167.450000	-5.568300	-6.068700	1
63.627000	167.540000	-4.537900	-6.068700	1
63.643000	167.630000	-5.567800	-6.068700	1
63.660000	167.730000	-3.851400	-6.068700	1
63.676000	167.820000	-4.881200	-6.068800	1
63.692000	167.910000	-4.544700	-6.068700	1
63.707000	168.000000	-4.880900	-6.068800	1
63.723000	168.100000	-5.230700	-6.068800	1
63.739000	168.190000	-5.906900	-6.068800	1
46.730000	131.460000	-7.308700	-5.309900	1
46.766000	131.500000	-6.964900	-5.309700	1
46.802000	131.530000	-6.278200	-5.309800	1
46.838000	131.570000	-6.278100	-5.309700	1
46.874000	131.610000	-5.247700	-5.309900	1
46.910000	131.640000	-4.554000	-5.309700	1
46.946000	131.680000	-6.613800	-5.310000	1
46.981000	131.720000	-7.303900	-5.309700	1
47.017000	131.760000	-5.243200	-5.310000	1
47.053000	131.800000	-5.933200	-5.309700	1
47.089000	131.830000	-6.619900	-5.309900	1
47.125000	131.870000	-6.276100	-5.309700	1
47.161000	131.910000	-6.275500	-5.310000	1
47.197000	131.950000	-5.585300	-5.309600	1
47.232000	131.980000	0.599300	-5.310000	1
47.268000	132.020000	4.035800	-5.309700	1
47.304000	132.060000	3.350200	-5.310000	1
47.340000	132.100000	-1.456100	-5.309700	1
47.375000	132.140000	3.354600	-5.310000	1
47.411000	132.170000	6.101300	-5.309800	1
47.447000	132.210000	-0.085619	-5.310000	1
47.483000	132.250000	-5.939000	-5.309800	1
47.518000	132.290000	-6.968600	-5.310000	1
47.554000	132.330000	-7.651200	-5.309800	1
47.590000	132.370000	-6.270400	-5.310000	1
47.625000	132.410000	-3.187100	-5.309900	1
47.661000	132.440000	5.074500	-5.309900	1
47.696000	132.480000	4.381300	-5.310000	1
47.732000	132.520000	-0.768460	-5.309900	1
47.768000	132.560000	1.295600	-5.309900	1
47.803000	132.600000	6.106100	-5.310000	1
47.839000	132.640000	5.413300	-5.310000	1
47.874000	132.680000	5.413600	-5.309900	1
47.910000	132.720000	-1.116000	-5.310100	1
47.945000	132.750000	4.734300	-5.309900	1
47.981000	132.790000	-3.511700	-5.310100	1
48.016000	132.830000	-1.118700	-5.310000	1
48.052000	132.870000	-7.988900	-5.310100	1
48.087000	132.910000	-6.604700	-5.310000	1
48.122000	132.950000	-6.950600	-5.310200	1
48.158000	132.990000	-6.600300	-5.310000	1
48.193000	133.030000	-5.232900	-5.310200	1
48.229000	133.070000	-5.232900	-5.310000	1
48.264000	133.110000	-4.892400	-5.310200	1
48.299000	133.150000	-3.172200	-5.310000	1
48.335000	133.190000	-1.111800	-5.310200	1
48.370000	133.230000	1.298300	-5.310000	1
48.405000	133.270000	-3.507800	-5.310300	1
48.441000	133.310000	-4.891700	-5.309900	1
48.476000	133.350000	-5.567500	-5.310400	1
48.511000	133.390000	-7.287800	-5.310000	1
48.546000	133.430000	-4.887100	-5.310300	1
48.581000	133.470000	-3.849900	-5.310200	1
48.617000	133.510000	-5.566300	-5.310100	1
48.652000	133.550000	-3.849300	-5.310400	1
48.687000	133.590000	-2.479300	-5.310000	1
48.722000	133.630000	-5.919100	-5.310400	1
48.757000	133.670000	-4.885300	-5.310100	1
48.792000	133.710000	-6.948900	-5.310400	1
48.828000	133.750000	-1.104500	-5.310200	1
48.863000	133.790000	-2.134300	-5.310300	1
48.898000	133.830000	-5.224200	-5.310300	1
48.933000	133.870000	-5.567100	-5.310400	1
48.968000	133.910000	-3.506600	-5.310300	1
49.003000	133.950000	-5.566400	-5.310400	1
63.403000	166.580000	-3.362000	-5.313800	1
63.420000	166.670000	-3.694100	-5.313900	1
63.436000	166.760000	-5.070200	-5.313700	1
63.453000	166.850000	-0.610320	-5.313800	1
63.470000	166.940000	-2.659100	-5.313800	1
63.486000	167.030000	-1.292200	-5.313800	1
63.503000	167.120000	-0.948180	-5.313800	1
63.519000	167.220000	-3.004300	-5.313800	1
63.535000	167.310000	-1.970300	-5.313800	1
63.552000	167.400000	-5.063900	-5.313700	1
63.568000	167.490000	-5.060000	-5.313800	1
63.584000	167.580000	-3.679600	-5.313800	1
63.600000	167.670000	-3.339400	-5.313800	1
63.616000	167.770000	-4.723400	-5.313700	1
63.632000	167.860000	-3.002900	-5.313900	1
63.648000	167.950000	-3.682800	-5.313700	1
63.664000	168.040000	0.097623	-5.313800	1
63.680000	168.140000	-3.342300	-5.313800	1
63.696000	168.230000	-5.409600	-5.313800	1
46.739000	131.550000	-6.767200	-4.555400	1
46.775000	131.590000	-6.069600	-4.555600	1
46.811000	131.620000	-5.393100	-4.555400	1
46.846000	131.660000	-4.699100	-4.555700	1
46.882000	131.700000	-6.069200	-4.555400	1
46.918000	131.740000	-0.568390	-4.555800	1
46.954000	131.770000	-6.418800	-4.555400	1
46.990000	131.810000	-6.068400	-4.555700	1
47.026000	131.850000	-7.098500	-4.555500	1
47.062000	131.890000	-6.761200	-4.555700	1
47.098000	131.920000	-5.040900	-4.555500	1
47.133000	131.960000	-4.700400	-4.555700	1
47.169000	132.000000	-5.390400	-4.555400	1
47.205000	132.040000	-5.386100	-4.555800	1
47.241000	132.080000	-3.662200	-4.555400	1
47.277000	132.110000	-6.415300	-4.555800	1
47.312000	132.150000	-4.695000	-4.555500	1
48.236000	133.160000	0.122510	-4.555900	1
48.271000	133.200000	0.126180	-4.555700	1
48.307000	133.240000	-2.963600	-4.555900	1
48.342000	133.280000	-3.307200	-4.555700	1
48.377000	133.320000	-1.936700	-4.556100	1
48.412000	133.360000	-3.653300	-4.555600	1
48.448000	133.400000	-5.712900	-4.556100	1
48.483000	133.440000	-3.302800	-4.555700	1
48.518000	133.480000	-3.995500	-4.556000	1
48.553000	133.520000	-5.715500	-4.555900	1
48.588000	133.560000	-5.021700	-4.555800	1
48.624000	133.600000	-1.931100	-4.556100	1
48.659000	133.640000	1.505400	-4.555700	1
48.694000	133.680000	-1.930600	-4.556100	1
48.729000	133.720000	-6.051000	-4.555800	1
48.764000	133.760000	-2.963900	-4.556100	1
48.799000	133.800000	-4.330300	-4.555900	1
48.834000	133.850000	-4.679900	-4.556000	1
48.869000	133.890000	-5.022800	-4.556000	1
48.904000	133.930000	-5.022500	-4.556100	1
48.939000	133.970000	-2.622100	-4.556000	1
48.974000	134.010000	-5.371800	-4.556100	1
63.326000	166.440000	-4.181500	-4.559000	1
63.343000	166.530000	-4.870900	-4.559100	1
63.360000	166.620000	-3.833200	-4.559000	1
63.377000	166.710000	-1.439600	-4.559100	1
63.393000	166.800000	2.000900	-4.558900	1
63.410000	166.890000	-1.081500	-4.559000	1
63.427000	166.980000	-3.494700	-4.559000	1
63.443000	167.070000	-3.830800	-4.559000	1
63.460000	167.160000	-5.547000	-4.559000	1
63.476000	167.260000	-5.542900	-4.559000	1
63.493000	167.350000	-6.229100	-4.559000	1
63.509000	167.440000	-4.158600	-4.558900	1
63.525000	167.530000	-3.128200	-4.559000	1
63.541000	167.620000	-3.128000	-4.559000	1
63.557000	167.710000	-1.757700	-4.559000	1
63.573000	167.810000	-3.131600	-4.558900	1
63.589000	167.900000	-0.731190	-4.559100	1
63.605000	167.990000	-4.507700	-4.558900	1
63.621000	168.080000	-1.760900	-4.559000	1
63.637000	168.170000	-5.881000	-4.559000	1
63.653000	168.270000	-3.130600	-4.559000	1
46.639000	131.530000	-6.675500	-3.800200	1
46.675000	131.570000	-5.645000	-3.800600	1
46.711000	131.600000	-2.551300	-3.800300	1
46.747000	131.640000	-3.924600	-3.800500	1
46.783000	131.680000	-6.334800	-3.800300	1
46.819000	131.720000	-5.990900	-3.800600	1
46.855000	131.750000	-5.300800	-3.800200	1
46.891000	131.790000	-5.300400	-3.800600	1
46.927000	131.830000	-4.950300	-3.800300	1
46.963000	131.870000	-5.640000	-3.800600	1
46.999000	131.900000	-7.023400	-3.800300	1
47.034000	131.940000	-4.952700	-3.800500	1
47.070000	131.980000	-5.302700	-3.800300	1
47.106000	132.020000	-4.952100	-3.800600	1
47.142000	132.050000	-4.611900	-3.800200	1
47.178000	132.090000	-5.641200	-3.800700	1
47.213000	132.130000	-6.327600	-3.800200	1
47.249000	132.170000	-5.636900	-3.800600	1
47.285000	132.210000	-6.666800	-3.800300	1
47.320000	132.250000	-5.636100	-3.800600	1
47.356000	132.280000	-7.016000	-3.800300	1
47.392000	132.320000	-6.668600	-3.800600	1
47.427000	132.360000	-5.988500	-3.800300	1
47.463000	132.400000	-5.987600	-3.800700	1
47.499000	132.440000	-6.664100	-3.800300	1
47.534000	132.480000	-5.296800	-3.800600	1
47.570000	132.510000	-5.986700	-3.800400	1
47.605000	132.550000	-5.292700	-3.800600	1
47.641000	132.590000	-3.572300	-3.800500	1
47.677000	132.630000	-3.231800	-3.800600	1
47.712000	132.670000	-4.261600	-3.800400	1
47.748000	132.710000	-5.294400	-3.800600	1
47.783000	132.750000	-5.294100	-3.800500	1
47.819000	132.790000	-1.509900	-3.800600	1
47.854000	132.820000	-1.163000	-3.800600	1
47.890000	132.860000	-6.323000	-3.800600	1
47.925000	132.900000	-11.147000	-3.800700	1
47.960000	132.940000	-9.072700	-3.800600	1
47.996000	132.980000	-0.817970	-3.800600	1
48.031000	133.020000	3.305900	-3.800600	1
48.067000	133.060000	5.716200	-3.800700	1
48.102000	133.100000	6.739700	-3.800600	1
48.137000	133.140000	6.740100	-3.800800	1
48.173000	133.180000	-1.850000	-3.800600	1
48.208000	133.220000	-1.849600	-3.800800	1
48.243000	133.260000	-1.506000	-3.800600	1
48.279000	133.300000	-3.225800	-3.800800	1
48.314000	133.340000	-4.255800	-3.800500	1
48.349000	133.380000	-3.908800	-3.800900	1
48.384000	133.420000	-3.565400	-3.800400	1
48.420000	133.460000	-3.564800	-3.801000	1
48.455000	133.500000	-2.194900	-3.800500	1
48.490000	133.540000	-1.851000	-3.800900	1
48.525000	133.580000	-2.877600	-3.800700	1
48.560000	133.620000	-5.287500	-3.800700	1
48.595000	133.660000	-1.843400	-3.800900	1
48.631000	133.700000	0.216650	-3.800600	1
48.666000	133.740000	0.557150	-3.800900	1
48.701000	133.780000	-1.506400	-3.800600	1
48.736000	133.820000	-1.842500	-3.800900	1
48.771000	133.860000	-1.152400	-3.800700	1
48.806000	133.900000	-4.935300	-3.800900	1
48.841000	133.940000	-2.875000	-3.800800	1
48.876000	133.980000	-4.254700	-3.800900	1
48.911000	134.020000	-2.534100	-3.800900	1
48.946000	134.060000	-4.250000	-3.800900	1
48.981000	134.100000	-3.902800	-3.800900	1
63.334000	166.750000	-4.105400	-3.803400	1
63.351000	166.840000	-4.105000	-3.803200	1
63.367000	166.930000	-4.104400	-3.803300	1
63.384000	167.020000	-1.353800	-3.803300	1
63.400000	167.110000	-4.787000	-3.803300	1
63.417000	167.200000	-3.073100	-3.803300	1
63.433000	167.300000	-3.749200	-3.803300	1
63.450000	167.390000	-5.465500	-3.803300	1
63.466000	167.480000	-1.684900	-3.803300	1
63.482000	167.570000	-3.064600	-3.803300	1
63.498000	167.660000	-1.348200	-3.803300	1
63.514000	167.750000	-2.038000	-3.803300	1
63.530000	167.840000	-0.657800	-3.803200	1
63.546000	167.940000	-1.347500	-3.803400	1
63.562000	168.030000	-1.347400	-3.803200	1
63.578000	168.120000	-4.440800	-3.803300	1
63.594000	168.210000	-3.407000	-3.803300	1
63.609000	168.300000	-1.346700	-3.803300	1
46.576000	131.550000	-6.243200	-3.045200	1
46.612000	131.580000	-5.550000	-3.044800	1
46.648000	131.620000	-5.546200	-3.045200	1
46.684000	131.660000	-1.086100	-3.044800	1
46.720000	131.690000	-4.515900	-3.045100	1
46.756000	131.730000	-5.546000	-3.044800	1
46.792000	131.770000	-3.835400	-3.045100	1
46.828000	131.810000	-5.542300	-3.044800	1
46.864000	131.840000	-4.511600	-3.045200	1
46.900000	131.880000	-4.861800	-3.044800	1
46.935000	131.920000	-5.544600	-3.045100	1
46.971000	131.960000	-4.514500	-3.044900	1
47.007000	132.000000	-6.234200	-3.045100	1
47.043000	132.030000	-4.513900	-3.044900	1
47.079000	132.070000	-4.173200	-3.045100	1
47.114000	132.110000	-3.833100	-3.044800	1
47.150000	132.150000	-4.509000	-3.045200	1
47.186000	132.180000	-4.858900	-3.044800	1
47.222000	132.220000	-8.288500	-3.045200	1
47.257000	132.260000	-6.918200	-3.044800	1
47.293000	132.300000	-6.227400	-3.045200	1
47.329000	132.340000	-5.200500	-3.044800	1
47.364000	132.380000	-5.889800	-3.045200	1
47.400000	132.410000	-5.539700	-3.044800	1
47.435000	132.450000	-5.198900	-3.045300	1
47.471000	132.490000	-3.825400	-3.044800	1
47.507000	132.530000	-3.134700	-3.045200	1
47.542000	132.570000	-6.228100	-3.044900	1
47.578000	132.610000	-6.574300	-3.045100	1
47.613000	132.650000	-5.533900	-3.045000	1
47.649000	132.680000	-4.163300	-3.045200	1
47.684000	132.720000	-4.506400	-3.044900	1
47.720000	132.760000	-3.825800	-3.045200	1
47.755000	132.800000	-5.535700	-3.045000	1
47.791000	132.840000	-2.445000	-3.045200	1
47.826000	132.880000	-5.884800	-3.045100	1
47.862000	132.920000	-0.724210	-3.045100	1
47.897000	132.960000	-7.254200	-3.045200	1
47.933000	133.000000	-5.883700	-3.045200	1
47.968000	133.040000	-10.694000	-3.045100	1
48.003000	133.070000	-11.034000	-3.045200	1
48.039000	133.110000	-11.724000	-3.045200	1
48.074000	133.150000	0.647850	-3.045200	1
48.109000	133.190000	8.208200	-3.045300	1
48.145000	133.230000	6.148400	-3.045100	1
48.180000	133.270000	-0.381390	-3.045300	1
48.215000	133.310000	-2.788000	-3.045100	1
48.250000	133.350000	-1.411000	-3.045300	1
48.286000	133.390000	-2.097700	-3.045100	1
48.321000	133.430000	-1.067200	-3.045400	1
48.356000	133.470000	-1.407300	-3.044900	1
48.391000	133.510000	1.343400	-3.045500	1
48.427000	133.550000	-2.790200	-3.044900	1
48.462000	133.590000	1.000500	-3.045500	1
48.497000	133.630000	0.650460	-3.045100	1
48.532000	133.670000	-2.789300	-3.045300	1
48.567000	133.710000	-4.159100	-3.045300	1
48.602000	133.750000	-1.065500	-3.045100	1
48.637000	133.790000	2.375000	-3.045400	1
48.672000	133.830000	1.341600	-3.045100	1
48.707000	133.870000	-0.034607	-3.045400	1
48.743000	133.910000	-0.034536	-3.045200	1
48.778000	133.950000	-3.817400	-3.045400	1
48.813000	134.000000	-0.037035	-3.045300	1
48.848000	134.040000	-3.466500	-3.045400	1
48.883000	134.080000	0.314250	-3.045400	1
48.917000	134.120000	-2.785100	-3.045400	1
48.952000	134.160000	-3.814500	-3.045400	1
48.987000	134.200000	-3.810300	-3.045500	1
63.390000	167.340000	-4.333600	-3.047300	1
63.407000	167.430000	-2.963200	-3.047300	1
63.423000	167.520000	-0.552740	-3.047300	1
63.439000	167.610000	-0.906390	-3.047300	1
63.455000	167.700000	-1.586100	-3.047300	1
63.471000	167.790000	1.504200	-3.047300	1
63.487000	167.880000	-1.245600	-3.047200	1
63.503000	167.980000	1.504800	-3.047300	1
63.519000	168.070000	-3.655200	-3.047200	1
63.535000	168.160000	-1.934900	-3.047300	1
63.550000	168.250000	2.535400	-3.047300	1
63.566000	168.340000	-1.934500	-3.047300	1
46.513000	131.560000	-0.595010	-2.294000	1
46.549000	131.600000	-1.964600	-2.294400	1
46.585000	131.640000	-3.694900	-2.293900	1
46.621000	131.670000	-0.241190	-2.294300	1
46.657000	131.710000	-4.031500	-2.293900	1
46.693000	131.750000	-4.721100	-2.294200	1
46.729000	131.790000	-4.721200	-2.293900	1
46.765000	131.820000	0.452640	-2.294200	1
46.801000	131.860000	-5.407700	-2.293900	1
46.837000	131.900000	-2.647000	-2.294300	1
46.872000	131.940000	-3.000300	-2.293900	1
46.908000	131.970000	-2.649800	-2.294200	1
46.944000	132.010000	-2.999800	-2.294000	1
46.980000	132.050000	-2.649300	-2.294200	1
47.016000	132.090000	-3.339000	-2.294000	1
47.051000	132.120000	-3.338400	-2.294300	1
47.087000	132.160000	-1.275000	-2.293900	1
47.123000	132.200000	-3.684300	-2.294300	1
47.158000	132.240000	-3.684300	-2.293900	1
47.194000	132.280000	-4.716700	-2.294300	1
48.011000	133.170000	-5.401800	-2.294300	1
48.046000	133.210000	0.461890	-2.294300	1
48.081000	133.250000	7.332200	-2.294300	1
48.117000	133.290000	6.642400	-2.294200	1
48.152000	133.330000	4.242700	-2.294400	1
48.187000	133.370000	-1.944100	-2.294300	1
48.223000	133.410000	-2.293900	-2.294400	1
48.258000	133.450000	-0.223750	-2.294200	1
48.293000	133.490000	1.496700	-2.294500	1
48.328000	133.530000	0.463330	-2.294000	1
48.363000	133.570000	1.494000	-2.294700	1
48.399000	133.610000	1.833700	-2.294000	1
48.434000	133.650000	1.834300	-2.294600	1
48.469000	133.690000	2.864200	-2.294200	1
48.504000	133.730000	-1.265500	-2.294400	1
48.539000	133.770000	-2.635300	-2.294400	1
48.574000	133.810000	0.468060	-2.294200	1
48.609000	133.850000	3.208500	-2.294500	1
48.644000	133.890000	3.558500	-2.294200	1
48.679000	133.930000	3.555900	-2.294500	1
48.714000	133.970000	4.585900	-2.294300	1
48.749000	134.010000	1.496400	-2.294500	1
48.784000	134.050000	2.866900	-2.294400	1
48.819000	134.090000	-2.982500	-2.294400	1
48.854000	134.130000	0.811470	-2.294500	1
48.889000	134.170000	-2.977900	-2.294500	1
48.924000	134.210000	-1.597200	-2.294400	1
48.959000	134.250000	3.213700	-2.294600	1
48.994000	134.300000	2.184400	-2.294400	1
49.029000	134.340000	2.875400	-2.294700	1
49.064000	134.380000	1.842500	-2.294400	1
49.098000	134.420000	0.123390	-2.294600	1
49.133000	134.460000	0.474130	-2.294600	1
49.168000	134.500000	-0.215200	-2.294400	1
49.203000	134.540000	0.125510	-2.294700	1
63.348000	167.370000	0.608610	-2.295900	1
63.364000	167.470000	-0.431040	-2.295800	1
63.380000	167.560000	1.979300	-2.295800	1
63.396000	167.650000	0.259650	-2.295900	1
63.412000	167.740000	1.640000	-2.295800	1
63.428000	167.830000	1.640300	-2.295800	1
63.444000	167.920000	4.040500	-2.295800	1
63.460000	168.010000	3.700900	-2.295900	1
63.476000	168.110000	4.731100	-2.295800	1
63.492000	168.200000	-0.768650	-2.295900	1
63.508000	168.290000	5.074800	-2.295900	1
63.523000	168.380000	-0.078225	-2.295900	1
46.450000	131.580000	-0.559480	-1.540000	1
46.486000	131.610000	0.133330	-1.539600	1
46.522000	131.650000	-0.556290	-1.540000	1
46.558000	131.690000	3.573600	-1.539500	1
46.594000	131.730000	-0.206070	-1.539900	1
46.630000	131.760000	0.823830	-1.539500	1
46.666000	131.800000	-1.245800	-1.539800	1
46.702000	131.840000	-3.643000	-1.539500	1
46.738000	131.880000	0.137520	-1.539800	1
46.773000	131.910000	0.134240	-1.539400	1
46.809000	131.950000	-0.895300	-1.539900	1
46.845000	131.990000	-0.895340	-1.539500	1
46.881000	132.030000	0.475210	-1.539800	1
46.917000	132.060000	0.135410	-1.539500	1
46.952000	132.100000	0.475920	-1.539700	1
46.988000	132.140000	-3.303900	-1.539600	1
47.024000	132.180000	-2.613300	-1.539800	1
47.060000	132.220000	-0.200080	-1.539500	1
47.095000	132.250000	-1.579400	-1.539800	1
47.131000	132.290000	-1.919300	-1.539400	1
47.167000	132.330000	-1.581800	-1.539800	1
47.202000	132.370000	-2.611700	-1.539500	1
47.238000	132.410000	-3.301100	-1.539800	1
47.274000	132.440000	-4.330900	-1.539500	1
47.309000	132.480000	8.389900	-1.539900	1
47.345000	132.520000	-0.550060	-1.539400	1
47.380000	132.560000	-4.666500	-1.539900	1
47.416000	132.600000	-4.666500	-1.539500	1
47.451000	132.640000	-5.695900	-1.539900	1
47.487000	132.680000	-5.695700	-1.539600	1
47.523000	132.710000	-6.388500	-1.539800	1
47.558000	132.750000	-6.728300	-1.539600	1
47.593000	132.790000	-5.697700	-1.539900	1
47.629000	132.830000	-2.947400	-1.539600	1
47.664000	132.870000	-2.606800	-1.539900	1
47.700000	132.910000	-1.916500	-1.539700	1
47.735000	132.950000	-0.545990	-1.539900	1
47.771000	132.990000	-0.542730	-1.539800	1
47.806000	133.030000	-1.232400	-1.539900	1
47.841000	133.060000	-2.942100	-1.539800	1
47.877000	133.100000	-1.574900	-1.539900	1
47.912000	133.140000	-1.574700	-1.539800	1
47.948000	133.180000	0.485700	-1.540000	1
47.983000	133.220000	-2.264200	-1.539800	1
48.018000	133.260000	-1.573900	-1.539900	1
48.053000	133.300000	2.209400	-1.539900	1
48.089000	133.340000	4.959600	-1.539900	1
48.124000	133.380000	11.830000	-1.539900	1
48.159000	133.420000	3.240000	-1.539900	1
48.194000	133.460000	1.520200	-1.539900	1
48.230000	133.500000	2.210300	-1.539800	1
48.265000	133.540000	3.587500	-1.540100	1
48.300000	133.580000	2.547400	-1.539700	1
48.335000	133.620000	4.617900	-1.540200	1
48.370000	133.660000	8.047700	-1.539600	1
48.405000	133.700000	7.708300	-1.540200	1
48.441000	133.740000	6.681100	-1.539700	1
48.476000	133.780000	2.211500	-1.540000	1
48.511000	133.820000	0.491610	-1.539900	1
48.546000	133.860000	3.931800	-1.539900	1
48.581000	133.900000	2.209000	-1.540100	1
48.616000	133.940000	3.929100	-1.539800	1
48.651000	133.980000	6.679600	-1.540100	1
48.686000	134.020000	6.679800	-1.539900	1
48.721000	134.060000	4.960500	-1.540100	1
48.756000	134.100000	-0.186020	-1.540000	1
48.791000	134.140000	1.874700	-1.540000	1
48.826000	134.190000	3.595400	-1.540000	1
48.861000	134.230000	1.873100	-1.540000	1
48.896000	134.270000	7.026900	-1.540000	1
63.139000	166.510000	-1.431200	-1.541000	1
63.156000	166.600000	-5.553700	-1.541000	1
63.173000	166.690000	-6.583100	-1.541000	1
63.189000	166.780000	-0.046428	-1.540900	1
63.206000	166.870000	0.294280	-1.541000	1
63.223000	166.960000	-6.928400	-1.540900	1
63.239000	167.050000	0.295340	-1.541000	1
63.256000	167.140000	-6.238500	-1.540900	1
63.272000	167.230000	-0.397810	-1.540900	1
63.289000	167.320000	1.322600	-1.540900	1
63.305000	167.410000	2.013100	-1.541000	1
63.321000	167.500000	3.043500	-1.540900	1
63.337000	167.600000	4.763900	-1.540900	1
63.353000	167.690000	6.134200	-1.540900	1
63.369000	167.780000	4.764500	-1.540900	1
63.385000	167.870000	5.794800	-1.540900	1
63.401000	167.960000	5.108000	-1.540800	1
63.417000	168.050000	8.545500	-1.541000	1
63.433000	168.140000	4.765600	-1.540900	1
63.449000	168.230000	6.488900	-1.541000	1
63.464000	168.330000	-0.043857	-1.540900	1
63.480000	168.420000	1.666400	-1.540900	1
46.567000	131.780000	1.847500	-0.791730	1
46.603000	131.820000	2.880300	-0.791330	1
46.639000	131.850000	1.507300	-0.791610	1
46.675000	131.890000	3.227300	-0.791260	1
46.710000	131.930000	1.847700	-0.791620	1
46.746000	131.970000	-2.622400	-0.791220	1
46.782000	132.000000	2.188100	-0.791630	1
46.818000	132.040000	3.568300	-0.791270	1
46.854000	132.080000	3.568800	-0.791540	1
46.889000	132.120000	5.289100	-0.791340	1
46.925000	132.160000	3.922300	-0.791490	1
46.961000	132.190000	1.162600	-0.791350	1
46.996000	132.230000	1.853100	-0.791550	1
47.032000	132.270000	3.230200	-0.791250	1
47.068000	132.310000	1.510700	-0.791590	1
47.104000	132.350000	3.921100	-0.791270	1
47.139000	132.380000	2.541600	-0.791560	1
47.175000	132.420000	-0.898160	-0.791320	1
47.210000	132.460000	1.162400	-0.791570	1
47.246000	132.500000	-0.897360	-0.791310	1
47.282000	132.540000	-0.206830	-0.791670	1
47.317000	132.570000	1.856100	-0.791280	1
47.353000	132.610000	2.196700	-0.791750	1
47.388000	132.650000	2.196900	-0.791340	1
47.424000	132.690000	1.164200	-0.791710	1
47.459000	132.730000	3.924400	-0.791430	1
47.990000	133.320000	3.241800	-0.791870	1
48.025000	133.350000	3.932000	-0.791860	1
48.061000	133.390000	7.032300	-0.791860	1
48.096000	133.430000	12.872000	-0.791860	1
48.131000	133.470000	12.180000	-0.791930	1
48.166000	133.510000	12.180000	-0.791830	1
48.202000	133.550000	12.530000	-0.791840	1
48.237000	133.590000	9.780000	-0.792010	1
48.272000	133.630000	3.930000	-0.791670	1
48.307000	133.670000	3.243100	-0.792170	1
48.342000	133.710000	3.583000	-0.791610	1
48.377000	133.750000	9.093500	-0.792160	1
48.412000	133.790000	5.303500	-0.791710	1
48.447000	133.830000	4.963800	-0.792000	1
48.483000	133.870000	9.430800	-0.791880	1
48.518000	133.910000	9.091000	-0.791890	1
48.553000	133.960000	7.371300	-0.791990	1
48.588000	134.000000	3.931400	-0.791820	1
48.623000	134.040000	8.742000	-0.792030	1
48.658000	134.080000	8.742500	-0.791810	1
48.693000	134.120000	7.715900	-0.792040	1
48.727000	134.160000	9.436500	-0.791890	1
48.762000	134.200000	8.067200	-0.791980	1
48.797000	134.240000	11.848000	-0.792000	1
48.832000	134.280000	12.539000	-0.791940	1
48.867000	134.320000	9.436100	-0.791990	1
63.246000	167.360000	9.906400	-0.792320	1
63.262000	167.450000	7.496900	-0.792410	1
63.278000	167.540000	12.307000	-0.792310	1
63.295000	167.630000	12.310000	-0.792350	1
63.311000	167.720000	14.031000	-0.792350	1
63.327000	167.820000	10.941000	-0.792320	1
63.343000	167.910000	12.661000	-0.792360	1
63.359000	168.000000	9.561600	-0.792280	1
63.374000	168.090000	15.402000	-0.792400	1
63.390000	168.180000	13.692000	-0.792310	1
63.406000	168.270000	14.722000	-0.792370	1
63.422000	168.360000	15.403000	-0.792350	1
63.437000	168.460000	5.783000	-0.792370	1
46.612000	131.910000	9.260400	0.115720	1
46.647000	131.940000	10.293000	0.115480	1
46.683000	131.980000	10.983000	0.115760	1
46.719000	132.020000	7.190400	0.115160	1
46.755000	132.060000	21.291000	0.115450	1
46.791000	132.100000	17.851000	0.115310	1
46.826000	132.130000	14.072000	0.115020	1
46.862000	132.170000	16.142000	0.115370	1
46.898000	132.210000	12.702000	0.115160	1
46.933000	132.250000	8.912700	0.115120	1
46.969000	132.280000	9.265800	0.115460	1
47.005000	132.320000	8.226200	0.115070	1
47.040000	132.360000	5.136600	0.115430	1
47.076000	132.400000	6.507000	0.115470	1
47.112000	132.440000	10.984000	0.115300	1
47.147000	132.470000	7.884600	0.115730	1
47.183000	132.510000	6.165000	0.115650	1
47.219000	132.550000	6.505400	0.115640	1
47.254000	132.590000	13.396000	0.116140	1
47.290000	132.630000	7.886100	0.115790	1
47.325000	132.670000	10.297000	0.116260	1
47.361000	132.710000	9.609500	0.116350	1
47.396000	132.740000	13.050000	0.116210	1
47.432000	132.780000	5.480300	0.116650	1
47.467000	132.820000	13.737000	0.116630	1
47.503000	132.860000	8.577700	0.116640	1
47.538000	132.900000	15.108000	0.117160	1
47.574000	132.940000	17.179000	0.116850	1
47.609000	132.980000	9.608900	0.117280	1
47.644000	133.020000	9.269300	0.117420	1
47.680000	133.050000	9.609600	0.117250	1
47.715000	133.090000	10.653000	0.117710	1
47.751000	133.130000	8.922900	0.117670	1
47.786000	133.170000	17.183000	0.117630	1
47.821000	133.210000	19.240000	0.118130	1
47.856000	133.250000	7.550600	0.117800	1
47.892000	133.290000	10.991000	0.118230	1
47.927000	133.330000	10.651000	0.118390	1
47.962000	133.370000	10.651000	0.118160	1
47.998000	133.410000	12.372000	0.118570	1
48.033000	133.450000	11.335000	0.118490	1
48.068000	133.490000	21.992000	0.118400	1
48.103000	133.530000	22.332000	0.118840	1
48.138000	133.570000	21.305000	0.118420	1
48.174000	133.610000	21.305000	0.118630	1
48.209000	133.650000	18.902000	0.118850	1
48.244000	133.690000	22.332000	0.118420	1
48.279000	133.730000	12.022000	0.118930	1
48.314000	133.770000	17.523000	0.118640	1
48.349000	133.810000	12.373000	0.118640	1
48.384000	133.850000	16.493000	0.118860	1
48.419000	133.890000	11.336000	0.118610	1
48.454000	133.930000	13.056000	0.118670	1
48.489000	133.970000	20.966000	0.118870	1
48.524000	134.010000	13.056000	0.118490	1
48.559000	134.050000	16.154000	0.118780	1
48.594000	134.090000	9.964400	0.118710	1
48.629000	134.130000	17.865000	0.118420	1
48.664000	134.170000	19.936000	0.118870	1
48.699000	134.210000	15.806000	0.118470	1
48.734000	134.250000	21.309000	0.118560	1
48.769000	134.290000	20.620000	0.118760	1
48.804000	134.330000	13.061000	0.118340	1
48.839000	134.380000	2.051600	0.118670	1
63.154000	167.130000	21.087000	0.118010	1
63.171000	167.220000	20.397000	0.118450	1
63.187000	167.310000	20.734000	0.118130	1
63.203000	167.400000	22.114000	0.118190	1
63.220000	167.490000	20.735000	0.118490	1
63.236000	167.580000	21.425000	0.118050	1
63.252000	167.670000	20.735000	0.118410	1
63.268000	167.760000	21.086000	0.118380	1
63.284000	167.850000	19.366000	0.118100	1
63.300000	167.940000	20.056000	0.118540	1
63.316000	168.040000	16.617000	0.118230	1
63.332000	168.130000	19.707000	0.118260	1
63.347000	168.220000	19.030000	0.118540	1
63.363000	168.310000	18.680000	0.118100	1
63.379000	168.400000	20.400000	0.118410	1
63.394000	168.490000	13.871000	0.118390	1
46.584000	131.960000	4.556200	0.731800	1
46.620000	132.000000	2.833300	0.732130	1
46.656000	132.040000	1.803500	0.731820	1
46.691000	132.070000	8.334000	0.732070	1
46.727000	132.110000	11.084000	0.731730	1
46.763000	132.150000	10.055000	0.732070	1
46.799000	132.190000	11.435000	0.731700	1
46.834000	132.220000	5.585400	0.731980	1
46.870000	132.260000	3.528400	0.731820	1
46.906000	132.300000	5.248900	0.731890	1
46.942000	132.340000	6.969300	0.731870	1
46.977000	132.380000	5.589800	0.731970	1
47.013000	132.410000	2.836900	0.731830	1
47.048000	132.450000	3.527400	0.732070	1
47.084000	132.490000	5.587800	0.731810	1
47.120000	132.530000	2.498200	0.732110	1
47.155000	132.570000	-4.721600	0.731930	1
47.191000	132.600000	-3.691200	0.732100	1
47.226000	132.640000	11.092000	0.731970	1
47.262000	132.680000	8.342500	0.732200	1
47.297000	132.720000	4.222700	0.731920	1
47.333000	132.760000	3.873300	0.732330	1
47.368000	132.800000	1.470200	0.731930	1
47.404000	132.840000	2.840700	0.732350	1
47.439000	132.870000	1.811000	0.732080	1
47.475000	132.910000	1.121400	0.732320	1
47.510000	132.950000	1.811700	0.732160	1
47.546000	132.990000	5.252200	0.732420	1
47.581000	133.030000	3.872400	0.732120	1
47.616000	133.070000	3.535700	0.732500	1
47.652000	133.110000	2.845900	0.732150	1
47.687000	133.150000	3.876300	0.732480	1
47.722000	133.190000	6.623400	0.732280	1
47.758000	133.230000	5.253800	0.732450	1
47.793000	133.260000	5.944000	0.732330	1
47.828000	133.300000	2.844300	0.732510	1
47.864000	133.340000	3.534500	0.732320	1
47.899000	133.380000	3.874900	0.732620	1
47.934000	133.420000	1.475000	0.732350	1
47.969000	133.460000	2.848000	0.732610	1
48.005000	133.500000	4.908200	0.732470	1
48.040000	133.540000	12.478000	0.732560	1
48.075000	133.580000	13.505000	0.732520	1
48.110000	133.620000	12.476000	0.732620	1
48.145000	133.660000	15.576000	0.732530	1
48.180000	133.700000	14.886000	0.732590	1
48.215000	133.740000	16.606000	0.732640	1
48.251000	133.780000	14.546000	0.732420	1
48.286000	133.820000	9.376300	0.732840	1
48.321000	133.860000	12.129000	0.732280	1
48.356000	133.900000	4.569400	0.732870	1
48.391000	133.940000	10.409000	0.732380	1
48.426000	133.980000	5.259700	0.732680	1
48.461000	134.020000	9.376900	0.732570	1
48.496000	134.060000	8.347300	0.732500	1
48.531000	134.100000	8.007900	0.732640	1
48.566000	134.140000	6.288300	0.732490	1
48.601000	134.180000	8.689000	0.732590	1
48.636000	134.230000	13.860000	0.732500	1
48.671000	134.270000	12.823000	0.732550	1
48.705000	134.310000	14.204000	0.732470	1
48.740000	134.350000	12.824000	0.732520	1
48.775000	134.390000	4.575000	0.732470	1
48.810000	134.430000	3.202400	0.732470	1
48.845000	134.470000	2.163200	0.732460	1
63.111000	167.170000	16.040000	0.732860	1
63.128000	167.260000	8.480700	0.733030	1
63.144000	167.350000	17.071000	0.732950	1
63.161000	167.440000	11.922000	0.733010	1
63.177000	167.530000	13.982000	0.733010	1
63.193000	167.620000	13.642000	0.732990	1
63.209000	167.710000	12.613000	0.733040	1
63.225000	167.800000	13.983000	0.733050	1
63.241000	167.890000	12.954000	0.732990	1
63.257000	167.980000	10.897000	0.733090	1
63.273000	168.070000	10.897000	0.733050	1
63.289000	168.160000	17.767000	0.732970	1
63.304000	168.260000	11.578000	0.733150	1
63.320000	168.350000	8.827700	0.732930	1
63.336000	168.440000	10.548000	0.733060	1
63.351000	168.530000	12.268000	0.733040	1
46.557000	132.010000	-2.291800	1.486400	1
46.592000	132.050000	-2.968400	1.486700	1
46.628000	132.090000	0.121860	1.486400	1
46.664000	132.130000	3.562400	1.486700	1
46.700000	132.160000	10.429000	1.486400	1
46.735000	132.200000	10.090000	1.486700	1
46.771000	132.240000	10.770000	1.486400	1
46.807000	132.280000	11.461000	1.486600	1
46.842000	132.320000	12.491000	1.486500	1
46.878000	132.350000	4.934400	1.486500	1
46.914000	132.390000	-2.968300	1.486500	1
46.949000	132.430000	-0.567700	1.486600	1
46.985000	132.470000	1.495700	1.486500	1
47.021000	132.510000	-1.593800	1.486700	1
47.056000	132.540000	-1.596800	1.486500	1
47.092000	132.580000	-4.006400	1.486700	1
47.127000	132.620000	-5.716200	1.486600	1
47.163000	132.660000	-5.375700	1.486700	1
47.198000	132.700000	2.184700	1.486600	1
47.234000	132.740000	-2.284800	1.486800	1
47.269000	132.770000	-1.254600	1.486500	1
47.305000	132.810000	-0.904020	1.486900	1
47.340000	132.850000	1.499100	1.486500	1
47.376000	132.890000	-3.310400	1.486900	1
47.411000	132.930000	-2.620200	1.486600	1
47.447000	132.970000	-2.622900	1.486900	1
47.482000	133.010000	-2.962700	1.486700	1
47.518000	133.040000	-1.932100	1.486900	1
47.553000	133.080000	0.818040	1.486600	1
47.588000	133.120000	-0.901380	1.487000	1
47.624000	133.160000	-1.251300	1.486600	1
47.659000	133.200000	-2.280800	1.487000	1
47.694000	133.240000	-1.587600	1.486700	1
47.730000	133.280000	-0.557210	1.486900	1
47.765000	133.320000	-0.557060	1.486700	1
47.800000	133.360000	0.470210	1.487000	1
47.835000	133.400000	0.130290	1.486700	1
47.871000	133.440000	0.130750	1.487100	1
47.906000	133.480000	-0.209240	1.486800	1
47.941000	133.520000	-1.248900	1.487000	1
47.976000	133.560000	-2.958900	1.486900	1
48.011000	133.600000	-2.275700	1.487000	1
48.046000	133.640000	0.134350	1.486900	1
48.082000	133.680000	-0.895420	1.487100	1
48.117000	133.710000	0.824610	1.486900	1
48.152000	133.750000	7.001700	1.487000	1
48.187000	133.790000	9.061900	1.487000	1
48.222000	133.830000	7.691900	1.486800	1
48.257000	133.880000	9.062300	1.487200	1
48.292000	133.920000	6.322200	1.486700	1
48.327000	133.960000	2.195700	1.487300	1
48.362000	134.000000	2.532600	1.486800	1
48.397000	134.040000	3.226200	1.487100	1
48.432000	134.080000	-0.553580	1.486900	1
48.467000	134.120000	2.196900	1.487000	1
48.502000	134.160000	-1.245800	1.487000	1
48.537000	134.200000	2.884700	1.486900	1
48.572000	134.240000	2.535400	1.487000	1
48.607000	134.280000	-0.894120	1.486900	1
48.642000	134.320000	4.946700	1.487000	1
48.677000	134.360000	4.257300	1.486900	1
48.711000	134.400000	7.698000	1.486900	1
48.746000	134.440000	3.581700	1.486900	1
48.781000	134.480000	-1.577600	1.486900	1
48.816000	134.520000	-0.546910	1.486900	1
48.851000	134.570000	1.863800	1.486900	1
63.019000	166.940000	4.747100	1.487800	1
63.036000	167.030000	5.087800	1.487900	1
63.052000	167.120000	4.398300	1.488000	1
63.068000	167.210000	1.998700	1.487800	1
63.085000	167.300000	4.399300	1.488000	1
63.101000	167.390000	8.175800	1.487900	1
63.117000	167.480000	7.496300	1.488000	1
63.134000	167.570000	5.426700	1.488000	1
63.150000	167.660000	7.147100	1.488000	1
63.166000	167.750000	7.147500	1.488000	1
63.182000	167.840000	6.117900	1.488000	1
63.198000	167.930000	5.778200	1.488000	1
63.214000	168.020000	2.338500	1.488000	1
63.230000	168.110000	4.748900	1.488000	1
63.245000	168.200000	5.779100	1.487900	1
63.261000	168.290000	1.649500	1.488100	1
63.277000	168.380000	2.339700	1.487900	1
63.292000	168.480000	0.280040	1.488000	1
63.308000	168.570000	1.310300	1.488000	1
46.529000	132.070000	-2.407600	2.234900	1
46.565000	132.100000	-3.787000	2.235300	1
46.601000	132.140000	1.713200	2.234900	1
46.636000	132.180000	5.493800	2.235200	1
46.672000	132.220000	-1.726200	2.234900	1
46.708000	132.250000	2.054500	2.235200	1
46.744000	132.290000	9.614700	2.234900	1
46.779000	132.330000	9.615200	2.235100	1
46.815000	132.370000	10.996000	2.235000	1
46.851000	132.410000	8.245900	2.235000	1
46.886000	132.440000	-2.753700	2.235100	1
46.922000	132.480000	-2.753200	2.235100	1
46.957000	132.520000	-3.782900	2.235000	1
46.993000	132.560000	-2.402300	2.235200	1
47.029000	132.600000	-3.088900	2.235000	1
47.064000	132.630000	-4.808500	2.235200	1
47.100000	132.670000	-5.148200	2.235100	1
47.135000	132.710000	-5.151000	2.235200	1
47.171000	132.750000	-4.810700	2.235100	1
47.206000	132.790000	-5.500200	2.235300	1
47.242000	132.830000	-6.530100	2.235000	1
47.277000	132.870000	-5.149400	2.235400	1
47.313000	132.900000	-5.839400	2.235000	1
47.348000	132.940000	-4.808700	2.235400	1
47.384000	132.980000	-5.838600	2.235100	1
47.419000	133.020000	-5.494900	2.235400	1
47.454000	133.060000	-4.114600	2.235200	1
47.490000	133.100000	-2.747200	2.235500	1
47.525000	133.140000	-1.720200	2.235100	1
47.560000	133.180000	-2.396400	2.235500	1
47.596000	133.210000	-3.776400	2.235100	1
47.631000	133.250000	-5.145900	2.235500	1
47.666000	133.290000	-2.395700	2.235200	1
47.702000	133.330000	-3.772100	2.235500	1
47.737000	133.370000	-3.432000	2.235200	1
47.772000	133.410000	-3.431500	2.235500	1
47.807000	133.450000	-3.081500	2.235200	1
47.842000	133.490000	-4.114200	2.235600	1
47.878000	133.530000	-2.744200	2.235200	1
47.913000	133.570000	-3.083800	2.235500	1
47.948000	133.610000	-3.773900	2.235300	1
47.983000	133.650000	-1.363600	2.235500	1
48.018000	133.690000	-5.833800	2.235300	1
48.053000	133.730000	-5.143400	2.235600	1
48.089000	133.770000	-3.770300	2.235300	1
48.124000	133.810000	-3.770000	2.235500	1
48.159000	133.850000	1.390200	2.235500	1
48.194000	133.890000	7.230300	2.235400	1
48.229000	133.930000	2.757600	2.235700	1
48.264000	133.970000	4.137400	2.235200	1
48.299000	134.010000	7.568100	2.235800	1
48.334000	134.050000	6.891300	2.235200	1
48.369000	134.090000	2.422000	2.235700	1
48.404000	134.130000	1.042200	2.235400	1
48.439000	134.170000	-1.017300	2.235500	1
48.474000	134.210000	-4.457000	2.235500	1
48.509000	134.250000	1.043600	2.235400	1
48.543000	134.290000	-3.769000	2.235500	1
48.578000	134.330000	-4.108500	2.235400	1
48.613000	134.370000	4.142400	2.235500	1
48.648000	134.410000	4.483000	2.235400	1
48.683000	134.460000	3.793700	2.235400	1
48.718000	134.500000	-1.015600	2.235500	1
48.752000	134.540000	-3.075000	2.235400	1
48.787000	134.580000	-2.734300	2.235400	1
48.822000	134.620000	-3.760600	2.235400	1
62.842000	166.260000	0.492840	2.236800	1
62.859000	166.350000	3.583500	2.236800	1
62.876000	166.440000	3.924300	2.236900	1
62.893000	166.530000	3.924900	2.236800	1
62.910000	166.620000	-0.191190	2.236900	1
62.927000	166.710000	-3.630600	2.236800	1
62.943000	166.800000	-3.969900	2.236900	1
62.960000	166.890000	1.177900	2.236900	1
62.977000	166.980000	3.588600	2.236900	1
62.993000	167.070000	3.242400	2.236900	1
63.010000	167.160000	0.842960	2.237000	1
63.026000	167.250000	0.843350	2.236900	1
63.042000	167.340000	0.843920	2.237000	1
63.059000	167.430000	2.214400	2.236900	1
63.075000	167.520000	3.244900	2.237000	1
63.091000	167.610000	1.535300	2.237000	1
63.107000	167.700000	1.535700	2.237000	1
63.123000	167.790000	1.182200	2.237000	1
63.139000	167.880000	1.872600	2.237000	1
63.155000	167.970000	0.152850	2.237000	1
63.171000	168.060000	0.843260	2.237000	1
63.187000	168.150000	-1.216500	2.237000	1
63.203000	168.240000	-0.876180	2.237000	1
63.218000	168.330000	-1.565800	2.237100	1
63.234000	168.420000	-1.215600	2.236900	1
63.249000	168.510000	-0.535220	2.237000	1
63.265000	168.600000	-1.565000	2.237000	1
46.537000	132.160000	-4.199100	2.990900	1
46.573000	132.190000	-4.199000	2.990500	1
46.609000	132.230000	-4.538400	2.990900	1
46.644000	132.270000	-4.538300	2.990500	1
46.680000	132.310000	-2.827600	2.990800	1
46.716000	132.350000	8.866100	2.990600	1
46.752000	132.380000	10.237000	2.990700	1
46.787000	132.420000	3.360400	2.990700	1
46.823000	132.460000	3.704200	2.990600	1
46.858000	132.500000	-5.565600	2.990700	1
46.894000	132.540000	-5.565200	2.990700	1
46.930000	132.570000	-5.224700	2.990700	1
46.965000	132.610000	-7.284400	2.990800	1
47.001000	132.650000	-5.913900	2.990700	1
47.036000	132.690000	-4.193400	2.990800	1
47.072000	132.730000	-6.249800	2.990800	1
47.107000	132.760000	-7.279500	2.990800	1
47.143000	132.800000	-6.942400	2.990800	1
47.178000	132.840000	-7.282000	2.990900	1
47.214000	132.880000	-6.941800	2.990700	1
47.249000	132.920000	-6.251100	2.991000	1
47.285000	132.960000	-6.941000	2.990700	1
47.320000	133.000000	-5.560300	2.991000	1
47.355000	133.030000	-3.500000	2.990800	1
47.391000	133.070000	-2.466100	2.991000	1
47.426000	133.110000	-5.906100	2.990800	1
47.462000	133.150000	-6.598900	2.991100	1
47.497000	133.190000	-6.938700	2.990700	1
47.532000	133.230000	-5.908000	2.991100	1
47.567000	133.270000	-5.217900	2.990800	1
47.603000	133.310000	-5.217300	2.991100	1
47.638000	133.350000	-5.557200	2.990800	1
47.673000	133.390000	-5.556800	2.991100	1
47.709000	133.430000	-3.153200	2.990800	1
47.744000	133.460000	-4.186100	2.991200	1
47.779000	133.500000	-5.212900	2.990800	1
47.814000	133.540000	-4.872300	2.991200	1
47.849000	133.580000	-4.875600	2.990800	1
47.884000	133.620000	-4.525100	2.991200	1
47.920000	133.660000	-5.555300	2.990900	1
47.955000	133.700000	-5.215000	2.991200	1
47.990000	133.740000	-7.275300	2.990900	1
48.025000	133.780000	-6.594900	2.991300	1
48.060000	133.820000	-7.275100	2.990900	1
48.095000	133.860000	-5.901300	2.991200	1
48.130000	133.900000	-4.521200	2.991100	1
48.165000	133.940000	-2.460900	2.991000	1
48.200000	133.980000	-0.060470	2.991300	1
48.235000	134.020000	-0.403660	2.990800	1
48.270000	134.060000	1.657200	2.991400	1
48.305000	134.100000	5.097200	2.990800	1
48.340000	134.140000	8.538100	2.991400	1
48.375000	134.180000	5.101500	2.991000	1
48.410000	134.220000	2.348800	2.991200	1
48.445000	134.260000	-0.397550	2.991100	1
48.480000	134.310000	-2.810500	2.991100	1
48.515000	134.350000	-2.806600	2.991200	1
48.550000	134.390000	-7.266400	2.991100	1
48.584000	134.430000	-0.058391	2.991200	1
48.619000	134.470000	0.982230	2.991100	1
48.654000	134.510000	3.723000	2.991100	1
48.689000	134.550000	1.323700	2.991100	1
48.724000	134.590000	-3.832500	2.991000	1
48.758000	134.630000	-3.145100	2.991100	1
48.793000	134.670000	-4.171300	2.991100	1
62.833000	166.480000	-0.589320	2.993000	1
62.850000	166.570000	1.811400	2.993000	1
62.867000	166.660000	3.532200	2.993100	1
62.884000	166.750000	3.193000	2.993000	1
62.900000	166.840000	1.817000	2.993000	1
62.917000	166.930000	1.474500	2.993100	1
62.934000	167.020000	-1.271600	2.993000	1
62.950000	167.100000	-2.654400	2.993000	1
62.967000	167.190000	0.446300	2.993100	1
62.983000	167.280000	1.820100	2.993000	1
62.999000	167.370000	1.140700	2.993100	1
63.016000	167.460000	0.791160	2.993100	1
63.032000	167.550000	1.821700	2.993100	1
63.048000	167.640000	-0.237980	2.993100	1
63.064000	167.730000	-0.577530	2.993200	1
63.080000	167.820000	-0.577150	2.993100	1
63.096000	167.910000	-1.266800	2.993200	1
63.112000	168.000000	-2.296500	2.993200	1
63.128000	168.100000	-0.576020	2.993200	1
63.144000	168.190000	-1.609700	2.993200	1
63.159000	168.280000	-0.579350	2.993100	1
63.175000	168.370000	0.101100	2.993300	1
63.191000	168.460000	2.508000	2.993100	1
63.206000	168.550000	-0.241710	2.993200	1
63.222000	168.640000	-0.581500	2.993200	1
46.545000	132.250000	-4.927000	3.744900	1
46.581000	132.290000	-6.306500	3.745200	1
46.617000	132.320000	-3.556200	3.744900	1
46.652000	132.360000	-4.245600	3.745200	1
46.688000	132.400000	-0.808790	3.744900	1
46.724000	132.440000	-1.838300	3.745100	1
46.759000	132.470000	-4.584600	3.745100	1
46.795000	132.510000	5.386400	3.745000	1
46.831000	132.550000	8.816900	3.745100	1
46.866000	132.590000	-4.242900	3.745100	1
46.902000	132.630000	-5.612600	3.745100	1
46.937000	132.660000	-5.962200	3.745100	1
46.973000	132.700000	-4.581600	3.745100	1
47.008000	132.740000	-6.301400	3.745200	1
47.645000	133.440000	-5.954300	3.745500	1
47.680000	133.480000	-5.604200	3.745200	1
47.715000	133.520000	-4.913700	3.745500	1
47.751000	133.560000	-5.950300	3.745200	1
47.786000	133.600000	-2.509600	3.745600	1
47.821000	133.640000	0.580340	3.745200	1
47.856000	133.680000	2.650800	3.745600	1
47.891000	133.720000	-5.602800	3.745300	1
47.926000	133.760000	-6.292600	3.745600	1
47.961000	133.800000	-6.982800	3.745300	1
47.996000	133.840000	-5.602400	3.745700	1
48.032000	133.880000	-5.599100	3.745300	1
48.067000	133.920000	-7.318800	3.745700	1
48.102000	133.960000	-5.262200	3.745400	1
48.137000	134.000000	-3.538400	3.745500	1
48.172000	134.040000	-4.571400	3.745700	1
48.207000	134.080000	-2.847700	3.745300	1
48.242000	134.120000	-2.850000	3.745800	1
48.277000	134.160000	-0.789970	3.745300	1
48.311000	134.200000	1.270900	3.745800	1
48.346000	134.240000	5.741100	3.745400	1
48.381000	134.280000	7.461700	3.745600	1
48.416000	134.320000	-2.168100	3.745500	1
48.451000	134.360000	-4.564200	3.745500	1
48.486000	134.400000	-5.593800	3.745600	1
48.521000	134.440000	-6.283300	3.745500	1
48.556000	134.480000	-3.872400	3.745600	1
48.590000	134.520000	0.585200	3.745500	1
48.625000	134.560000	1.276000	3.745500	1
48.660000	134.600000	2.306700	3.745600	1
48.695000	134.650000	-5.249600	3.745400	1
48.729000	134.690000	-4.902300	3.745600	1
62.841000	166.790000	-1.668800	3.747900	1
62.858000	166.880000	-1.328000	3.747900	1
62.874000	166.960000	-1.667200	3.748000	1
62.891000	167.050000	1.083400	3.747900	1
62.907000	167.140000	1.777500	3.748000	1
62.924000	167.230000	0.734640	3.748100	1
62.940000	167.320000	0.735090	3.748000	1
62.956000	167.410000	2.809200	3.748100	1
62.973000	167.500000	0.736230	3.748000	1
62.989000	167.590000	1.086700	3.748100	1
63.005000	167.680000	-0.292850	3.748100	1
63.021000	167.770000	-0.632420	3.748100	1
63.037000	167.860000	0.061451	3.748100	1
63.053000	167.950000	-0.971610	3.748100	1
63.069000	168.040000	-0.971280	3.748100	1
63.085000	168.130000	0.402610	3.748100	1
63.100000	168.220000	1.092900	3.748100	1
63.116000	168.310000	0.399780	3.748100	1
63.132000	168.400000	0.060200	3.748200	1
63.147000	168.500000	0.053018	3.748000	1
63.163000	168.590000	0.053343	3.748100	1
63.178000	168.680000	-2.360000	3.748100	1
46.446000	132.230000	-6.135200	4.497900	1
46.482000	132.260000	-4.768100	4.498200	1
46.518000	132.300000	-5.454500	4.497900	1
46.553000	132.340000	-5.793900	4.498200	1
46.589000	132.380000	-4.763600	4.497900	1
46.625000	132.410000	-4.763000	4.498200	1
46.660000	132.450000	-4.762800	4.498000	1
46.696000	132.490000	-5.788800	4.498100	1
46.731000	132.530000	-4.761900	4.498100	1
46.767000	132.560000	2.458800	4.498000	1
46.803000	132.600000	4.519800	4.498100	1
46.838000	132.640000	-3.726500	4.498100	1
46.874000	132.680000	-7.159900	4.498100	1
46.909000	132.720000	-6.129400	4.498100	1
46.945000	132.760000	-4.408800	4.498200	1
46.980000	132.790000	-7.848900	4.498100	1
47.652000	133.530000	-6.811400	4.498300	1
47.687000	133.570000	-5.780900	4.498500	1
47.722000	133.610000	-4.397100	4.498300	1
47.757000	133.650000	-1.996600	4.498600	1
47.792000	133.690000	-0.966610	4.498300	1
47.828000	133.730000	-0.279820	4.498600	1
47.863000	133.770000	-0.276310	4.498400	1
47.898000	133.810000	-3.029300	4.498600	1
47.933000	133.850000	-6.119700	4.498400	1
47.968000	133.890000	-6.469400	4.498700	1
48.003000	133.930000	-5.089600	4.498300	1
48.038000	133.970000	-7.149400	4.498700	1
48.073000	134.010000	-6.809400	4.498400	1
48.108000	134.050000	-5.435200	4.498600	1
48.143000	134.090000	-5.084800	4.498700	1
48.178000	134.130000	-6.114700	4.498400	1
48.213000	134.170000	-5.437400	4.498800	1
48.248000	134.210000	-2.686700	4.498300	1
48.283000	134.250000	-2.685900	4.498800	1
48.318000	134.290000	-5.089500	4.498400	1
48.352000	134.330000	1.441400	4.498700	1
48.387000	134.370000	4.539000	4.498500	1
48.422000	134.410000	-2.680600	4.498600	1
48.457000	134.450000	-5.770400	4.498600	1
48.492000	134.490000	-6.110000	4.498500	1
48.527000	134.530000	-6.799300	4.498600	1
48.561000	134.580000	-4.051900	4.498500	1
48.596000	134.620000	-0.611010	4.498600	1
48.631000	134.660000	-0.610000	4.498600	1
48.666000	134.700000	-1.989500	4.498500	1
48.700000	134.740000	-7.829400	4.498600	1
62.781000	166.740000	-0.462270	4.501500	1
62.798000	166.830000	0.218520	4.501500	1
62.815000	166.910000	-1.500800	4.501500	1
62.831000	167.000000	-0.809970	4.501600	1
62.848000	167.090000	-1.499500	4.501500	1
62.864000	167.180000	0.571210	4.501500	1
62.881000	167.270000	0.575370	4.501600	1
62.897000	167.360000	1.252300	4.501500	1
62.913000	167.450000	0.912920	4.501600	1
62.930000	167.540000	-1.146600	4.501600	1
62.946000	167.630000	0.577450	4.501600	1
62.962000	167.720000	-0.805670	4.501600	1
62.978000	167.810000	-2.525300	4.501600	1
62.994000	167.900000	-2.524800	4.501600	1
63.010000	167.990000	-3.208000	4.501700	1
63.026000	168.080000	-0.453950	4.501600	1
63.041000	168.170000	0.916480	4.501700	1
63.057000	168.260000	2.976800	4.501700	1
63.073000	168.350000	0.227120	4.501600	1
63.088000	168.440000	-1.496100	4.501700	1
63.104000	168.530000	-3.209600	4.501600	1
63.119000	168.620000	-5.959400	4.501700	1
63.135000	168.710000	-6.309600	4.501700	1
46.347000	132.200000	-0.124460	5.251900	1
46.383000	132.240000	-4.594000	5.252500	1
46.418000	132.280000	-5.287800	5.252100	1
46.454000	132.320000	-4.256600	5.252400	1
46.490000	132.350000	-3.566400	5.252200	1
46.525000	132.390000	-5.626000	5.252500	1
46.561000	132.430000	-4.255700	5.252200	1
46.597000	132.470000	-3.565100	5.252500	1
46.632000	132.500000	2.965400	5.252200	1
46.668000	132.540000	0.905910	5.252300	1
46.703000	132.580000	-0.123680	5.252300	1
46.739000	132.620000	-0.119600	5.252300	1
46.775000	132.660000	1.251000	5.252400	1
46.810000	132.690000	4.338200	5.252300	1
46.846000	132.730000	-8.035800	5.252400	1
46.881000	132.770000	-7.341600	5.252400	1
46.917000	132.810000	-6.311000	5.252400	1
46.952000	132.850000	-7.690900	5.252400	1
46.988000	132.890000	-4.590000	5.252500	1
47.023000	132.920000	-7.340000	5.252400	1
47.058000	132.960000	-7.689700	5.252500	1
47.094000	133.000000	-7.339300	5.252500	1
47.129000	133.040000	-6.995200	5.252500	1
47.165000	133.080000	-8.375100	5.252600	1
47.200000	133.120000	-8.718000	5.252500	1
47.235000	133.160000	-8.027500	5.252600	1
47.271000	133.190000	-6.997000	5.252500	1
47.306000	133.230000	-8.026800	5.252600	1
47.341000	133.270000	-7.332700	5.252600	1
47.377000	133.310000	-8.022300	5.252700	1
47.412000	133.350000	-8.715900	5.252500	1
47.447000	133.390000	-7.335200	5.252700	1
47.482000	133.430000	-7.681400	5.252500	1
47.518000	133.470000	-8.374700	5.252700	1
47.553000	133.510000	-7.683800	5.252600	1
47.588000	133.550000	-5.966900	5.252700	1
47.623000	133.590000	-7.683400	5.252600	1
47.658000	133.620000	-6.992900	5.252800	1
47.694000	133.660000	-5.272700	5.252500	1
47.729000	133.700000	-1.492000	5.252900	1
47.764000	133.740000	-1.828400	5.252600	1
47.799000	133.780000	-5.612000	5.252900	1
47.834000	133.820000	-5.958500	5.252600	1
47.869000	133.860000	-6.638300	5.252900	1
47.904000	133.900000	-6.645300	5.252600	1
47.939000	133.940000	-5.271200	5.253000	1
47.974000	133.980000	-4.241400	5.252600	1
48.009000	134.020000	-5.611100	5.253000	1
48.044000	134.060000	-6.297400	5.252700	1
48.079000	134.100000	-6.300700	5.252900	1
48.114000	134.140000	-4.576400	5.252900	1
48.149000	134.180000	-3.889700	5.252700	1
48.184000	134.220000	-4.579200	5.253000	1
48.219000	134.260000	-1.825100	5.252600	1
48.254000	134.300000	-0.107490	5.253100	1
48.289000	134.340000	-10.779000	5.252700	1
48.324000	134.390000	-6.637200	5.253000	1
48.358000	134.430000	-2.516400	5.252800	1
48.393000	134.470000	0.570570	5.252900	1
48.428000	134.510000	0.238380	5.252900	1
48.463000	134.550000	-5.955100	5.252800	1
48.498000	134.590000	-5.260600	5.252900	1
48.532000	134.630000	-6.983900	5.252800	1
48.567000	134.670000	-4.569100	5.252900	1
48.602000	134.710000	-2.171600	5.252900	1
48.636000	134.750000	-1.477400	5.252800	1
48.671000	134.790000	-1.820300	5.253000	1
62.755000	166.860000	-1.670400	5.256300	1
62.772000	166.950000	-1.329600	5.256300	1
62.788000	167.040000	-0.298830	5.256400	1
62.805000	167.130000	1.761700	5.256300	1
62.821000	167.220000	1.762400	5.256400	1
62.838000	167.310000	2.453000	5.256400	1
62.854000	167.400000	0.733470	5.256300	1
62.870000	167.490000	-1.329600	5.256400	1
62.886000	167.580000	0.390910	5.256400	1
62.903000	167.670000	-1.325000	5.256400	1
62.919000	167.760000	-2.354600	5.256400	1
62.935000	167.850000	-3.387800	5.256400	1
62.951000	167.940000	-2.013700	5.256400	1
62.966000	168.030000	-0.983160	5.256500	1
62.982000	168.120000	0.737290	5.256400	1
62.998000	168.210000	0.057721	5.256500	1
63.014000	168.300000	-0.635580	5.256500	1
63.029000	168.390000	-5.449200	5.256400	1
63.045000	168.480000	-6.135200	5.256500	1
63.060000	168.570000	-5.448600	5.256400	1
63.076000	168.660000	-8.545100	5.256500	1
63.091000	168.750000	-5.104300	5.256500	1
45.746000	131.660000	-6.844900	6.004900	1
45.782000	131.700000	-5.124200	6.005100	1
45.818000	131.740000	-7.194400	6.005000	1
45.854000	131.770000	-9.254500	6.005200	1
45.889000	131.810000	-10.625000	6.005200	1
45.925000	131.850000	-10.975000	6.005400	1
45.961000	131.880000	-2.715400	6.005200	1
45.997000	131.920000	1.758900	6.005700	1
46.033000	131.960000	-3.047800	6.005300	1
46.069000	131.990000	-8.902700	6.005700	1
46.104000	132.030000	-8.902900	6.005300	1
46.140000	132.070000	-8.898800	6.005600	1
46.176000	132.110000	-9.256400	6.005200	1
46.212000	132.140000	-8.565700	6.005600	1
46.248000	132.180000	-6.501600	6.005200	1
46.283000	132.220000	-5.803500	6.005800	1
46.319000	132.260000	-3.747000	6.005200	1
46.355000	132.290000	0.383840	6.005800	1
46.390000	132.330000	-6.493000	6.005400	1
46.426000	132.370000	-5.805400	6.005800	1
46.462000	132.410000	-6.835400	6.005500	1
46.497000	132.440000	-7.188800	6.005800	1
46.533000	132.480000	-6.834800	6.005500	1
46.569000	132.520000	-5.463900	6.005800	1
46.604000	132.560000	-7.523900	6.005500	1
46.640000	132.590000	-6.493100	6.005700	1
46.675000	132.630000	-7.522900	6.005700	1
46.711000	132.670000	-4.768400	6.005600	1
46.746000	132.710000	-4.431500	6.005700	1
46.782000	132.750000	-0.990880	6.005600	1
46.817000	132.790000	-4.430100	6.005700	1
46.853000	132.820000	-8.550400	6.005700	1
46.888000	132.860000	-7.179600	6.005800	1
46.924000	132.900000	-8.889800	6.005700	1
46.959000	132.940000	-8.209000	6.005900	1
46.995000	132.980000	-7.858800	6.005700	1
47.030000	133.020000	-8.888400	6.005900	1
47.066000	133.050000	-7.854300	6.005800	1
47.101000	133.090000	-7.177400	6.005900	1
47.136000	133.130000	-7.173400	6.005900	1
47.172000	133.170000	-5.105900	6.005900	1
47.207000	133.210000	-5.101900	6.005900	1
47.242000	133.250000	-5.101500	6.005900	1
47.278000	133.290000	-7.855300	6.005900	1
47.313000	133.330000	-7.514900	6.005900	1
47.348000	133.360000	-7.174400	6.006000	1
47.383000	133.400000	-7.854200	6.005900	1
47.419000	133.440000	-7.170000	6.006000	1
47.454000	133.480000	-7.509800	6.005900	1
47.489000	133.520000	-7.849400	6.006100	1
47.524000	133.560000	-7.516000	6.005900	1
47.559000	133.600000	-8.882300	6.006100	1
47.595000	133.640000	-8.542000	6.006000	1
47.630000	133.680000	-8.541800	6.006100	1
47.665000	133.720000	-8.541700	6.005900	1
47.700000	133.760000	-5.790800	6.006200	1
47.735000	133.800000	-6.481000	6.005900	1
47.770000	133.840000	-7.510900	6.006200	1
47.805000	133.880000	-7.510800	6.006000	1
47.840000	133.920000	-7.510700	6.006200	1
47.875000	133.960000	-6.126800	6.006000	1
47.910000	134.000000	-7.510000	6.006400	1
47.945000	134.040000	-6.819900	6.006000	1
47.980000	134.080000	-4.759300	6.006400	1
48.015000	134.120000	-4.415600	6.006000	1
48.050000	134.160000	-5.788900	6.006300	1
48.085000	134.200000	-4.418400	6.006200	1
48.120000	134.240000	-6.814700	6.006100	1
48.155000	134.280000	-5.787700	6.006400	1
48.190000	134.320000	-3.727200	6.006000	1
48.225000	134.360000	-7.507100	6.006400	1
48.260000	134.400000	-8.200000	6.006100	1
48.294000	134.440000	-8.195800	6.006400	1
48.329000	134.480000	-3.724800	6.006100	1
48.364000	134.520000	-2.340300	6.006300	1
48.399000	134.560000	-2.003400	6.006200	1
48.434000	134.600000	-3.369200	6.006200	1
48.468000	134.640000	-1.998400	6.006300	1
48.503000	134.680000	-5.441900	6.006200	1
48.538000	134.720000	-5.437400	6.006300	1
48.573000	134.770000	-0.626300	6.006300	1
48.607000	134.810000	-1.309100	6.006200	1
48.642000	134.850000	-2.688500	6.006400	1
48.677000	134.890000	-2.334300	6.006200	1
48.711000	134.930000	-6.464200	6.006300	1
48.746000	134.970000	-5.433400	6.006300	1
48.780000	135.010000	3.507300	6.006100	1
48.815000	135.050000	-6.802800	6.006400	1
62.712000	166.900000	-1.836400	6.010200	1
62.729000	166.990000	0.224220	6.010100	1
62.745000	167.080000	-0.115080	6.010200	1
62.762000	167.170000	0.575480	6.010100	1
62.778000	167.260000	-0.463900	6.010300	1
62.794000	167.350000	0.573030	6.010200	1
62.811000	167.440000	-0.802790	6.010200	1
62.827000	167.520000	-1.492200	6.010300	1
62.843000	167.610000	0.578320	6.010300	1
62.859000	167.700000	-0.114920	6.010300	1
62.875000	167.790000	-0.110740	6.010300	1
62.891000	167.880000	-2.520400	6.010300	1
62.907000	167.970000	-1.493600	6.010300	1
62.923000	168.060000	-1.143100	6.010400	1
62.939000	168.150000	-2.526500	6.010300	1
62.955000	168.240000	-4.586200	6.010400	1
62.970000	168.330000	-3.895700	6.010300	1
62.986000	168.420000	-6.305600	6.010300	1
63.001000	168.510000	-6.991600	6.010400	1
63.017000	168.600000	-5.951200	6.010300	1
63.032000	168.690000	-5.270800	6.010400	1
63.048000	168.790000	-3.890400	6.010400	1
46.184000	132.200000	-7.130900	6.757000	1
46.220000	132.230000	-7.474900	6.756500	1
46.255000	132.270000	-7.134200	6.757100	1
46.291000	132.310000	-6.794100	6.756500	1
46.327000	132.350000	-7.129900	6.757100	1
46.362000	132.380000	-7.816200	6.756700	1
46.398000	132.420000	-9.186000	6.757100	1
46.434000	132.460000	-8.162400	6.756800	1
46.469000	132.500000	-8.161900	6.757100	1
46.505000	132.530000	-7.123800	6.756900	1
46.541000	132.570000	-9.191200	6.757200	1
46.576000	132.610000	-7.466700	6.756900	1
46.612000	132.650000	-5.745800	6.757000	1
46.647000	132.690000	-7.815700	6.757000	1
46.683000	132.720000	-7.815300	6.756900	1
46.718000	132.760000	-7.811100	6.757100	1
46.754000	132.800000	-1.959900	6.757000	1
46.789000	132.840000	-2.308900	6.757100	1
46.825000	132.880000	-6.088900	6.757000	1
46.860000	132.910000	-8.148800	6.757200	1
46.896000	132.950000	-8.838800	6.757000	1
46.931000	132.990000	-8.842000	6.757300	1
46.966000	133.030000	-8.841800	6.757000	1
47.002000	133.070000	-8.491200	6.757300	1
47.037000	133.110000	-8.147200	6.757100	1
47.073000	133.150000	-7.806600	6.757300	1
47.108000	133.180000	-6.776100	6.757200	1
47.143000	133.220000	-6.778900	6.757300	1
47.179000	133.260000	-5.738400	6.757200	1
47.214000	133.300000	-2.307700	6.757400	1
47.249000	133.340000	-4.707600	6.757200	1
47.284000	133.380000	-9.868100	6.757400	1
47.320000	133.420000	-7.457200	6.757300	1
47.355000	133.460000	-8.833500	6.757300	1
47.390000	133.500000	-7.456500	6.757400	1
47.425000	133.530000	-8.836500	6.757300	1
47.460000	133.570000	-8.836200	6.757400	1
47.496000	133.610000	-9.175400	6.757400	1
47.531000	133.650000	-9.865300	6.757400	1
47.566000	133.690000	-9.515000	6.757400	1
47.601000	133.730000	-9.174600	6.757500	1
47.636000	133.770000	-8.830700	6.757300	1
47.671000	133.810000	-7.800100	6.757600	1
47.706000	133.850000	-8.144000	6.757300	1
47.741000	133.890000	-8.480200	6.757600	1
47.776000	133.930000	-9.514100	6.757400	1
47.811000	133.970000	-7.803500	6.757600	1
47.846000	134.010000	-8.143700	6.757400	1
47.882000	134.050000	-7.806400	6.757700	1
47.916000	134.090000	-7.452600	6.757300	1
47.951000	134.130000	-2.637900	6.757800	1
47.986000	134.170000	-2.989300	6.757400	1
48.021000	134.210000	-7.455600	6.757700	1
48.056000	134.250000	-7.451700	6.757600	1
48.091000	134.290000	-7.451200	6.757600	1
48.126000	134.330000	-6.770500	6.757700	1
48.161000	134.370000	-6.766500	6.757500	1
48.196000	134.410000	-7.799800	6.757800	1
48.231000	134.450000	-6.768800	6.757500	1
48.265000	134.490000	-7.108200	6.757800	1
48.300000	134.530000	-7.107800	6.757500	1
48.335000	134.570000	-4.360400	6.757800	1
48.370000	134.610000	-5.046200	6.757600	1
48.405000	134.660000	-1.605200	6.757700	1
48.439000	134.700000	-5.044800	6.757700	1
48.474000	134.740000	-2.290200	6.757600	1
48.509000	134.780000	-2.969500	6.757700	1
48.543000	134.820000	-5.039100	6.757700	1
48.578000	134.860000	-4.355600	6.757600	1
48.613000	134.900000	-1.600900	6.757800	1
48.647000	134.940000	-5.380800	6.757600	1
48.682000	134.980000	-4.350000	6.757700	1
48.716000	135.030000	-4.689700	6.757700	1
48.751000	135.070000	-3.655700	6.757500	1
48.786000	135.110000	-4.005300	6.757900	1
62.848000	167.920000	-2.815300	6.762300	1
62.864000	168.010000	-2.818600	6.762200	1
62.880000	168.100000	-5.568400	6.762300	1
62.895000	168.190000	-6.952000	6.762300	1
62.911000	168.280000	-6.947800	6.762300	1
62.927000	168.370000	-8.667900	6.762300	1
62.942000	168.460000	-7.283300	6.762300	1
62.958000	168.550000	-5.218800	6.762400	1
62.973000	168.640000	-3.502100	6.762200	1
62.989000	168.730000	-4.885600	6.762300	1
63.004000	168.820000	-3.851400	6.762300	1
62.788000	167.870000	-2.666400	7.521800	1
62.804000	167.960000	-3.359700	7.521800	1
62.820000	168.050000	-7.472400	7.521800	1
62.836000	168.140000	-5.419000	7.521800	1
62.851000	168.230000	-7.467800	7.521800	1
62.867000	168.320000	-8.157600	7.521800	1
62.883000	168.410000	-5.746600	7.521800	1
62.898000	168.500000	-6.100000	7.521800	1
62.914000	168.590000	-5.749600	7.521900	1
62.929000	168.680000	-5.745500	7.521800	1
62.945000	168.770000	-6.098900	7.521900	1
62.960000	168.860000	-3.688300	7.521800	1
45.734000	131.890000	-9.028000	8.268000	1
45.770000	131.930000	-8.673900	8.268100	1
45.806000	131.970000	-9.027600	8.268200	1
45.841000	132.010000	-8.673400	8.268300	1
45.877000	132.040000	-9.717500	8.268200	1
45.913000	132.080000	-9.023200	8.268600	1
45.949000	132.120000	-8.680200	8.268300	1
45.984000	132.150000	-9.716500	8.268700	1
46.020000	132.190000	-9.366400	8.268300	1
46.056000	132.230000	-7.991800	8.268600	1
46.092000	132.270000	-6.957600	8.268200	1
46.127000	132.300000	-8.335200	8.268700	1
46.163000	132.340000	-8.667700	8.268200	1
46.199000	132.380000	-8.327000	8.268800	1
46.234000	132.410000	-7.986900	8.268200	1
46.270000	132.450000	-9.016600	8.268800	1
46.306000	132.490000	-7.292200	8.268400	1
46.341000	132.530000	-9.359100	8.268800	1
46.377000	132.570000	-7.995900	8.268600	1
46.412000	132.600000	-10.389000	8.268800	1
46.448000	132.640000	-9.013800	8.268600	1
46.484000	132.680000	-10.384000	8.268900	1
46.519000	132.720000	-8.322600	8.268600	1
46.555000	132.750000	-8.322100	8.268800	1
46.590000	132.790000	-8.661700	8.268700	1
46.626000	132.830000	-10.042000	8.268700	1
46.661000	132.870000	-8.657000	8.268800	1
46.697000	132.910000	-9.010000	8.268700	1
46.732000	132.940000	-9.353300	8.268900	1
46.767000	132.980000	-8.322700	8.268700	1
46.803000	133.020000	-6.948000	8.269000	1
46.838000	133.060000	-7.627900	8.268700	1
46.874000	133.100000	-3.846800	8.269100	1
46.909000	133.140000	-3.842900	8.268700	1
46.944000	133.180000	-6.596500	8.269100	1
46.980000	133.210000	-5.912500	8.268800	1
47.015000	133.250000	-7.286000	8.269100	1
47.050000	133.290000	-8.316200	8.268900	1
47.086000	133.330000	-7.628600	8.269100	1
47.121000	133.370000	-8.654800	8.268900	1
47.156000	133.410000	-9.008400	8.269200	1
47.191000	133.450000	-7.623900	8.268900	1
47.227000	133.490000	-3.148900	8.269200	1
47.262000	133.520000	-8.313400	8.269000	1
47.297000	133.560000	-9.339500	8.269100	1
47.332000	133.600000	-9.003000	8.269100	1
47.367000	133.640000	-9.002600	8.269100	1
47.403000	133.680000	-8.998400	8.269100	1
47.438000	133.720000	-9.001100	8.269200	1
47.473000	133.760000	-9.004600	8.269100	1
47.508000	133.800000	-9.340700	8.269200	1
47.543000	133.840000	-10.027000	8.269200	1
47.578000	133.880000	-6.589500	8.269200	1
47.613000	133.920000	-1.088600	8.269300	1
47.648000	133.960000	-8.309700	8.269200	1
47.683000	134.000000	-8.309600	8.269400	1
47.718000	134.040000	-7.619200	8.269200	1
47.753000	134.080000	-7.965300	8.269400	1
47.788000	134.120000	-8.308600	8.269200	1
47.823000	134.160000	-9.338600	8.269500	1
47.858000	134.200000	-6.587800	8.269100	1
47.893000	134.240000	-6.587400	8.269700	1
47.928000	134.280000	-8.311900	8.269100	1
47.963000	134.320000	-7.277300	8.269700	1
47.998000	134.360000	-8.647700	8.269300	1
48.032000	134.400000	-7.963300	8.269500	1
48.067000	134.440000	-8.302900	8.269500	1
48.102000	134.480000	-8.642700	8.269400	1
48.137000	134.520000	-8.308800	8.269600	1
48.172000	134.560000	-7.270400	8.269300	1
48.206000	134.600000	-7.273400	8.269700	1
48.241000	134.640000	-4.522400	8.269300	1
48.276000	134.680000	-4.174000	8.269700	1
62.728000	167.820000	-4.686300	8.275000	1
62.744000	167.910000	-6.759800	8.275100	1
62.760000	167.990000	-8.137500	8.275100	1
62.776000	168.080000	-7.102800	8.275100	1
62.792000	168.170000	-9.509400	8.275200	1
62.808000	168.260000	-6.068000	8.275100	1
62.823000	168.350000	-6.757700	8.275200	1
62.839000	168.440000	-5.373300	8.275100	1
62.854000	168.530000	-6.753100	8.275200	1
62.870000	168.620000	-6.070100	8.275200	1
62.885000	168.710000	-7.436400	8.275100	1
62.901000	168.800000	-6.065600	8.275200	1
62.916000	168.890000	-6.405400	8.275200	1
45.634000	131.870000	-6.517900	9.026200	1
45.670000	131.910000	-8.232200	9.026300	1
45.705000	131.950000	-10.983000	9.026300	1
45.741000	131.980000	-9.616000	9.026300	1
45.777000	132.020000	-9.271800	9.026400	1
45.813000	132.060000	-9.944100	9.026500	1
45.849000	132.100000	-8.581300	9.026500	1
45.884000	132.130000	-10.305000	9.026800	1
45.920000	132.170000	-7.557700	9.026500	1
45.956000	132.210000	-9.274100	9.026900	1
45.992000	132.240000	-8.928000	9.026500	1
46.027000	132.280000	-9.617900	9.026900	1
46.063000	132.320000	-8.923800	9.026500	1
46.099000	132.360000	-9.953700	9.026900	1
46.134000	132.390000	-8.225300	9.026400	1
46.170000	132.430000	-8.911300	9.027000	1
46.206000	132.470000	-8.915100	9.026500	1
46.241000	132.510000	-9.264600	9.027000	1
46.277000	132.540000	-8.909700	9.026700	1
46.313000	132.580000	-8.226400	9.027000	1
46.348000	132.620000	-8.222100	9.026800	1
46.384000	132.660000	-8.575400	9.027100	1
46.419000	132.690000	-9.261500	9.026800	1
46.455000	132.730000	-9.260800	9.027100	1
46.490000	132.770000	-8.906400	9.026900	1
46.526000	132.810000	-8.569600	9.027000	1
46.561000	132.850000	-9.599800	9.027000	1
46.597000	132.880000	-10.290000	9.026900	1
46.632000	132.920000	-8.571600	9.027100	1
46.668000	132.960000	-10.292000	9.026900	1
46.703000	133.000000	-8.910900	9.027100	1
46.739000	133.040000	-9.596900	9.027000	1
46.774000	133.080000	-8.216000	9.027200	1
46.809000	133.110000	-8.566000	9.027000	1
46.845000	133.150000	-8.565400	9.027400	1
46.880000	133.190000	-9.932200	9.026900	1
46.915000	133.230000	-8.564800	9.027500	1
46.951000	133.270000	-7.870600	9.027000	1
46.986000	133.310000	-8.908000	9.027400	1
47.021000	133.340000	-8.907200	9.027100	1
47.057000	133.380000	-7.532400	9.027400	1
47.092000	133.420000	-8.566300	9.027100	1
47.127000	133.460000	-7.871800	9.027500	1
47.162000	133.500000	-8.215500	9.027200	1
47.197000	133.540000	-6.840700	9.027500	1
47.233000	133.580000	-4.086200	9.027300	1
47.268000	133.620000	-8.560800	9.027500	1
47.303000	133.660000	-8.556500	9.027400	1
47.338000	133.700000	-9.250300	9.027400	1
47.373000	133.740000	-2.031500	9.027400	1
47.408000	133.770000	-8.902500	9.027500	1
47.443000	133.810000	-8.898500	9.027400	1
47.478000	133.850000	-9.588500	9.027500	1
47.514000	133.890000	-8.550100	9.027500	1
47.549000	133.930000	-9.931900	9.027500	1
47.584000	133.970000	-9.587900	9.027600	1
47.619000	134.010000	-8.553400	9.027500	1
47.654000	134.050000	-8.203000	9.027600	1
47.689000	134.090000	-7.866700	9.027600	1
47.724000	134.130000	-5.797700	9.027700	1
47.758000	134.170000	-7.865800	9.027600	1
47.793000	134.210000	-8.551800	9.027800	1
47.828000	134.250000	-8.555800	9.027400	1
47.863000	134.290000	-8.555500	9.028000	1
47.898000	134.330000	-8.555700	9.027400	1
47.933000	134.370000	-7.857300	9.028000	1
47.968000	134.410000	-8.551400	9.027500	1
48.003000	134.450000	-8.551000	9.027800	1
48.038000	134.490000	-8.196600	9.027700	1
48.072000	134.530000	-6.488700	9.027700	1
48.107000	134.570000	-4.425200	9.027900	1
48.142000	134.610000	-3.740800	9.027600	1
48.177000	134.650000	-4.076300	9.028000	1
48.211000	134.690000	-5.467500	9.027600	1
48.246000	134.740000	-5.803000	9.028000	1
48.281000	134.780000	-4.422200	9.027700	1
48.315000	134.820000	-2.013600	9.027900	1
48.350000	134.860000	-4.409400	9.027900	1
48.385000	134.900000	-6.133000	9.027800	1
48.419000	134.940000	-5.459200	9.027900	1
48.454000	134.980000	-3.738300	9.027900	1
48.489000	135.020000	-2.013900	9.027800	1
48.523000	135.060000	-0.979630	9.028000	1
48.558000	135.100000	-5.100000	9.027700	1
48.592000	135.150000	-6.479900	9.028000	1
48.627000	135.190000	-4.073100	9.027900	1
48.661000	135.230000	-4.763000	9.027800	1
48.696000	135.270000	-5.098900	9.028000	1
48.730000	135.310000	-3.732400	9.027700	1
48.765000	135.350000	-4.067800	9.028100	1
62.636000	167.590000	-4.942100	9.033800	1
62.652000	167.680000	-2.873800	9.033900	1
62.668000	167.760000	-3.907200	9.033900	1
62.684000	167.850000	-7.691300	9.033900	1
62.700000	167.940000	-7.694600	9.034000	1
62.716000	168.030000	-6.996300	9.033900	1
62.732000	168.120000	-7.338500	9.033900	1
62.748000	168.210000	-7.341800	9.034000	1
62.763000	168.300000	-6.315000	9.034000	1
62.779000	168.390000	-6.314500	9.034000	1
62.795000	168.480000	-6.317900	9.034000	1
62.810000	168.570000	-6.653800	9.034000	1
62.826000	168.660000	-5.963200	9.034000	1
62.841000	168.750000	-8.027300	9.033900	1
62.856000	168.840000	-6.652600	9.034000	1
62.872000	168.930000	-8.026500	9.034000	1
62.494000	167.090000	-5.641200	9.788000	1
62.511000	167.180000	-5.292800	9.787900	1
62.527000	167.270000	-6.326200	9.788100	1
62.543000	167.360000	-5.981800	9.788000	1
62.560000	167.450000	-6.324800	9.788200	1
62.576000	167.540000	-5.984200	9.788000	1
62.592000	167.620000	-6.327600	9.788100	1
62.608000	167.710000	-6.659600	9.788100	1
62.624000	167.800000	-5.288800	9.788200	1
62.640000	167.890000	-5.292100	9.788100	1
62.656000	167.980000	-5.981700	9.788200	1
62.672000	168.070000	-7.011600	9.788200	1
62.688000	168.160000	-7.015000	9.788200	1
62.703000	168.250000	-7.690900	9.788200	1
62.719000	168.340000	-7.014100	9.788200	1
62.735000	168.430000	-6.663600	9.788300	1
62.750000	168.520000	-7.357100	9.788200	1
62.766000	168.600000	-7.356700	9.788300	1
62.781000	168.690000	-7.012400	9.788300	1
62.797000	168.780000	-7.355900	9.788200	1
62.812000	168.870000	-7.699500	9.788300	1
62.827000	168.960000	-7.359200	9.788200	1
62.384000	167.900000	-7.466800	13.572000	1
62.400000	167.990000	-6.443400	13.573000	1
62.415000	168.080000	-7.480900	13.572000	1
62.431000	168.160000	-6.786300	13.573000	1
62.447000	168.250000	-8.162900	13.573000	1
62.463000	168.340000	-8.498900	13.573000	1
62.478000	168.430000	-8.505900	13.573000	1
62.494000	168.520000	-8.157800	13.573000	1
62.509000	168.610000	-8.512700	13.573000	1
62.525000	168.700000	-8.501000	13.573000	1
62.540000	168.790000	-3.009900	13.573000	1
62.555000	168.870000	-6.786700	13.573000	1
62.571000	168.960000	-8.170700	13.573000	1
62.586000	169.050000	-6.782000	13.573000	1
62.601000	169.140000	-8.850200	13.573000	1
62.338000	167.940000	-6.888700	14.325000	1
62.354000	168.020000	-6.538000	14.325000	1
62.370000	168.110000	-8.262400	14.325000	1
62.386000	168.200000	-7.227600	14.325000	1
62.401000	168.290000	-9.291800	14.325000	1
62.417000	168.380000	-8.951500	14.325000	1
62.433000	168.470000	-9.283700	14.325000	1
62.448000	168.560000	-9.641100	14.325000	1
62.464000	168.640000	-7.572900	14.325000	1
62.479000	168.730000	-7.572400	14.325000	1
62.494000	168.820000	-2.420500	14.325000	1
62.510000	168.910000	-6.894900	14.325000	1
62.525000	169.000000	-8.952000	14.325000	1
62.540000	169.090000	-5.513600	14.325000	1
62.555000	169.180000	-6.539800	14.325000	1
62.324000	168.150000	-7.929700	15.086000	1
62.339000	168.240000	-7.592600	15.086000	1
62.355000	168.330000	-7.238300	15.086000	1
62.371000	168.410000	-7.935800	15.086000	1
62.386000	168.500000	-8.633400	15.086000	1
62.402000	168.590000	-4.858400	15.086000	1
62.417000	168.680000	-7.247500	15.086000	1
62.433000	168.770000	-6.220500	15.086000	1
62.448000	168.860000	-6.581400	15.086000	1
62.463000	168.950000	-6.565900	15.086000	1
62.478000	169.040000	-3.475900	15.086000	1
62.494000	169.130000	-3.475300	15.086000	1
62.509000	169.210000	-6.218200	15.086000	1