La	Lo	Sig	Theta	Ice
66.215000	149.880000	-6.096700	-17.424000	1
66.217000	149.990000	-5.741500	-17.424000	1
66.218000	150.090000	-6.436500	-17.424000	1
66.220000	150.200000	-6.432800	-17.424000	1
66.221000	150.310000	-6.432300	-17.424000	1
66.222000	150.420000	-6.771200	-17.424000	1
66.223000	150.530000	-6.091900	-17.424000	1
66.224000	150.640000	-6.781900	-17.424000	1
66.225000	150.750000	-6.427900	-17.424000	1
66.226000	150.860000	-5.747400	-17.424000	1
66.227000	150.970000	-6.431400	-17.424000	1
66.227000	151.070000	-5.754500	-17.424000	1
66.228000	151.180000	-4.710200	-17.424000	1
66.228000	151.290000	-6.083300	-17.424000	1
66.229000	151.400000	-6.086900	-17.424000	1
66.229000	151.510000	-6.079200	-17.424000	1
66.230000	151.620000	-7.124500	-17.424000	1
66.230000	151.730000	-6.433800	-17.424000	1
66.230000	151.840000	-7.124300	-17.424000	1
66.230000	151.950000	-7.124200	-17.424000	1
66.230000	152.060000	-7.456900	-17.424000	1
66.230000	152.160000	-5.746100	-17.424000	1
66.229000	152.270000	-5.070600	-17.424000	1
66.229000	152.380000	-1.629700	-17.424000	1
66.229000	152.490000	-1.282200	-17.424000	1
66.228000	152.600000	-3.686200	-17.424000	1
66.228000	152.710000	-4.032700	-17.424000	1
66.227000	152.820000	-4.705500	-17.424000	1
66.227000	152.930000	-7.814100	-17.424000	1
66.226000	153.040000	-7.460300	-17.424000	1
65.999000	154.990000	-7.525600	-14.393000	1
65.997000	155.100000	-7.890800	-14.393000	1
65.994000	155.200000	-3.774200	-14.393000	1
65.992000	155.310000	-9.963300	-14.393000	1
65.990000	155.420000	-10.635000	-14.393000	1
65.987000	155.530000	-9.944700	-14.393000	1
65.984000	155.630000	-9.596500	-14.393000	1
65.982000	155.740000	-9.604000	-14.393000	1
65.979000	155.850000	-7.555200	-14.393000	1
65.976000	155.960000	-8.566900	-14.393000	1
65.973000	156.060000	-5.128000	-14.393000	1
65.970000	156.170000	-5.471900	-14.393000	1
65.967000	156.280000	-6.502400	-14.393000	1
65.863000	146.050000	-7.850300	-13.635000	1
65.867000	146.160000	-4.766400	-13.635000	1
65.871000	146.260000	-5.460300	-13.635000	1
65.875000	146.370000	-6.497900	-13.635000	1
65.879000	146.480000	-6.841100	-13.635000	1
65.883000	146.590000	-6.508300	-13.635000	1
65.887000	146.690000	-6.504200	-13.635000	1
65.891000	146.800000	-1.685300	-13.635000	1
65.895000	146.910000	-5.477200	-13.635000	1
65.899000	147.010000	-4.096500	-13.635000	1
65.902000	147.120000	-6.149300	-13.635000	1
65.906000	147.230000	-7.865900	-13.635000	1
65.909000	147.340000	-8.552200	-13.635000	1
65.975000	150.560000	-6.104400	-13.635000	1
65.976000	150.670000	-5.412800	-13.635000	1
65.977000	150.780000	-5.069900	-13.635000	1
65.978000	150.890000	-5.412400	-13.635000	1
65.978000	151.000000	-5.763500	-13.635000	1
65.979000	151.100000	-6.449900	-13.635000	1
65.980000	151.210000	-5.415600	-13.635000	1
65.980000	151.320000	-6.441900	-13.635000	1
65.981000	151.430000	-5.419000	-13.635000	1
65.981000	151.540000	-5.418800	-13.635000	1
65.981000	151.640000	-5.426200	-13.635000	1
65.981000	151.750000	-5.064700	-13.635000	1
65.981000	151.860000	-4.732000	-13.635000	1
65.982000	151.970000	-5.441000	-13.635000	1
65.981000	152.070000	-7.131400	-13.635000	1
65.981000	152.180000	-2.671400	-13.635000	1
65.981000	152.290000	-5.075600	-13.635000	1
65.981000	152.400000	-3.705300	-13.635000	1
65.980000	152.510000	-5.087000	-13.635000	1
65.980000	152.610000	-5.071800	-13.635000	1
65.922000	150.140000	-6.311500	-12.876000	1
65.923000	150.250000	-5.971000	-12.876000	1
65.924000	150.360000	-5.627000	-12.876000	1
65.925000	150.460000	-5.276800	-12.876000	1
65.926000	150.570000	-4.940100	-12.876000	1
65.927000	150.680000	-5.622600	-12.876000	1
65.928000	150.790000	-5.276000	-12.876000	1
65.929000	150.890000	-4.241800	-12.876000	1
65.930000	151.000000	-4.935500	-12.876000	1
65.930000	151.110000	-4.935400	-12.876000	1
65.931000	151.220000	-5.271500	-12.876000	1
65.931000	151.320000	-5.965300	-12.876000	1
65.932000	151.430000	-5.271100	-12.876000	1
65.932000	151.540000	-5.632500	-12.876000	1
65.932000	151.650000	-4.594500	-12.876000	1
65.933000	151.760000	-5.620800	-12.876000	1
65.933000	151.860000	-5.972200	-12.876000	1
65.933000	151.970000	-4.601800	-12.876000	1
65.933000	152.080000	-4.251600	-12.876000	1
65.932000	152.190000	-7.348900	-12.876000	1
65.932000	152.290000	-7.688900	-12.876000	1
65.875000	150.360000	-5.633000	-12.116000	1
65.877000	150.470000	-6.323000	-12.116000	1
65.878000	150.580000	-4.944800	-12.116000	1
65.879000	150.680000	-3.914400	-12.116000	1
65.879000	150.790000	-4.598100	-12.116000	1
65.880000	150.900000	-5.985800	-12.116000	1
65.881000	151.010000	-4.261400	-12.116000	1
65.882000	151.110000	-5.627800	-12.116000	1
65.882000	151.220000	-6.325400	-12.116000	1
65.883000	151.330000	-5.291200	-12.116000	1
65.883000	151.440000	-5.985000	-12.116000	1
65.883000	151.540000	-4.954700	-12.116000	1
65.884000	151.650000	-5.294600	-12.116000	1
65.884000	151.760000	-5.634600	-12.116000	1
65.884000	151.870000	-4.954300	-12.116000	1
65.884000	151.970000	-7.018400	-12.116000	1
65.884000	152.080000	0.885320	-12.116000	1
65.884000	152.190000	-5.297900	-12.116000	1
65.884000	152.300000	-7.358500	-12.116000	1
65.883000	152.400000	-7.369900	-12.116000	1
65.883000	152.510000	-6.331900	-12.116000	1
65.882000	152.620000	-7.708600	-12.116000	1
65.882000	152.730000	-7.010600	-12.116000	1
65.826000	150.260000	-5.918000	-11.362000	1
65.828000	150.370000	-6.267900	-11.362000	1
65.829000	150.480000	-4.199600	-11.362000	1
65.830000	150.580000	-4.890800	-11.362000	1
65.831000	150.690000	-4.883100	-11.362000	1
65.832000	150.800000	-4.206500	-11.362000	1
65.832000	150.900000	-4.202500	-11.362000	1
65.833000	151.010000	-3.512100	-11.362000	1
65.834000	151.120000	-4.545900	-11.362000	1
65.834000	151.230000	-3.169300	-11.362000	1
65.835000	151.330000	-5.239500	-11.362000	1
65.835000	151.440000	-5.235600	-11.362000	1
65.836000	151.550000	-5.231700	-11.362000	1
65.836000	151.660000	-5.239100	-11.362000	1
65.836000	151.760000	-5.242700	-11.362000	1
65.748000	148.560000	-5.290800	-10.602000	1
65.751000	148.660000	-5.640700	-10.602000	1
65.753000	148.770000	-3.916500	-10.602000	1
65.756000	148.880000	-6.659300	-10.602000	1
65.758000	148.990000	-5.636400	-10.602000	1
65.760000	149.090000	-6.674000	-10.602000	1
65.762000	149.200000	-5.632200	-10.602000	1
65.764000	149.310000	-6.312200	-10.602000	1
65.766000	149.410000	-7.692300	-10.602000	1
65.768000	149.520000	-5.624100	-10.602000	1
65.769000	149.630000	-5.960100	-10.602000	1
65.771000	149.730000	-4.243300	-10.602000	1
65.773000	149.840000	-6.997500	-10.602000	1
65.774000	149.950000	-7.337400	-10.602000	1
65.776000	150.050000	-5.276500	-10.602000	1
65.777000	150.160000	-5.958900	-10.602000	1
65.778000	150.270000	-5.618500	-10.602000	1
65.779000	150.380000	-5.618300	-10.602000	1
65.781000	150.480000	-4.591600	-10.602000	1
65.782000	150.590000	-6.651800	-10.602000	1
65.783000	150.700000	-5.957700	-10.602000	1
65.783000	150.800000	-5.267300	-10.602000	1
65.784000	150.910000	-4.930800	-10.602000	1
65.785000	151.020000	-4.923000	-10.602000	1
65.786000	151.120000	-5.266700	-10.602000	1
65.786000	151.230000	-4.926400	-10.602000	1
65.787000	151.340000	-4.232400	-10.602000	1
65.787000	151.450000	-4.926100	-10.602000	1
65.787000	151.550000	-4.926000	-10.602000	1
65.788000	151.660000	-4.239500	-10.602000	1
65.788000	151.770000	-4.589500	-10.602000	1
65.788000	151.870000	-2.194100	-10.602000	1
65.788000	151.980000	-4.243000	-10.602000	1
65.788000	152.090000	-2.526500	-10.602000	1
65.788000	152.190000	-8.031400	-10.602000	1
65.787000	152.300000	-7.702500	-10.602000	1
65.787000	152.410000	-1.148700	-10.602000	1
65.787000	152.520000	-1.838700	-10.602000	1
65.786000	152.620000	-4.596600	-10.602000	1
65.706000	148.780000	-6.984700	-9.845700	1
65.708000	148.890000	-3.536300	-9.845700	1
65.710000	148.990000	-5.596400	-9.845700	1
65.712000	149.100000	-2.845800	-9.845700	1
65.714000	149.210000	-4.562000	-9.845600	1
65.716000	149.310000	-6.625900	-9.845700	1
65.718000	149.420000	-4.915300	-9.845600	1
65.720000	149.530000	-6.614100	-9.845600	1
65.722000	149.630000	-7.651800	-9.845600	1
65.723000	149.740000	-6.963600	-9.845600	1
65.725000	149.850000	-5.586800	-9.845700	1
65.727000	149.950000	-4.220100	-9.845600	1
65.728000	150.060000	-4.552400	-9.845600	1
65.729000	150.170000	-4.212100	-9.845600	1
65.731000	150.270000	-4.905700	-9.845600	1
65.732000	150.380000	-5.581800	-9.845600	1
65.733000	150.490000	-3.865000	-9.845600	1
65.734000	150.590000	-2.834700	-9.845600	1
65.735000	150.700000	-5.577400	-9.845600	1
65.736000	150.810000	-4.900800	-9.845600	1
65.737000	150.920000	-2.154000	-9.845600	1
65.737000	151.020000	-4.908000	-9.845600	1
65.738000	151.130000	-4.550200	-9.845600	1
65.738000	151.240000	-4.550000	-9.845600	1
65.739000	151.340000	-4.553500	-9.845600	1
65.739000	151.450000	-4.553400	-9.845600	1
65.740000	151.560000	-4.903300	-9.845700	1
65.740000	151.660000	-5.583300	-9.845700	1
65.740000	151.770000	-4.906900	-9.845600	1
65.740000	151.880000	-1.466300	-9.845700	1
65.740000	151.980000	-0.779930	-9.845700	1
65.740000	152.090000	-1.473700	-9.845700	1
65.740000	152.200000	-3.870200	-9.845700	1
65.740000	152.300000	-4.564100	-9.845700	1
65.683000	150.280000	-4.231600	-9.091300	1
65.684000	150.390000	-3.883800	-9.091300	1
65.686000	150.490000	-4.227300	-9.091300	1
65.687000	150.600000	-2.856900	-9.091200	1
65.688000	150.710000	-3.886800	-9.091300	1
65.688000	150.810000	-4.234100	-9.091300	1
65.689000	150.920000	-4.576400	-9.091200	1
65.690000	151.030000	-2.523600	-9.091300	1
65.691000	151.130000	-4.233700	-9.091300	1
65.691000	151.240000	-4.919800	-9.091300	1
65.692000	151.350000	-4.919700	-9.091300	1
65.692000	151.450000	-4.919500	-9.091300	1
65.692000	151.560000	-5.273100	-9.091300	1
65.665000	154.760000	-5.619800	-9.091500	1
65.663000	154.870000	-4.597100	-9.091500	1
65.661000	154.970000	-0.466670	-9.091500	1
65.659000	155.080000	-5.283400	-9.091500	1
65.657000	155.180000	0.230870	-9.091400	1
65.654000	155.290000	-3.559400	-9.091500	1
65.652000	155.400000	-6.302400	-9.091400	1
65.649000	155.500000	-5.959800	-9.091400	1
65.646000	155.610000	-5.262100	-9.091500	1
65.644000	155.720000	-4.572100	-9.091400	1
65.641000	155.820000	-5.602300	-9.091400	1
65.638000	155.930000	-4.912200	-9.091400	1
65.627000	149.650000	-5.371300	-8.335000	1
65.629000	149.760000	-5.367300	-8.335000	1
65.630000	149.860000	-5.720800	-8.335100	1
65.632000	149.970000	-5.026700	-8.335000	1
65.633000	150.070000	-5.366400	-8.335000	1
65.635000	150.180000	-3.642200	-8.335000	1
65.636000	150.290000	-3.305600	-8.335000	1
65.637000	150.390000	-3.301600	-8.335000	1
65.638000	150.500000	-5.361600	-8.335000	1
65.639000	150.610000	-3.637400	-8.335000	1
65.640000	150.710000	-4.667300	-8.335000	1
65.641000	150.820000	-4.670800	-8.335000	1
65.642000	150.930000	-2.960400	-8.335000	1
65.643000	151.030000	-3.640200	-8.335000	1
65.643000	151.140000	-1.576100	-8.335000	1
65.644000	151.240000	-2.956000	-8.335000	1
65.644000	151.350000	-3.989700	-8.335000	1
65.645000	151.460000	-3.985900	-8.335000	1
65.645000	151.560000	-5.015800	-8.335000	1
65.645000	151.670000	-5.027000	-8.335000	1
65.645000	151.780000	-3.992900	-8.335000	1
65.645000	151.880000	-7.087200	-8.335100	1
65.645000	151.990000	-5.026600	-8.335000	1
65.645000	152.100000	-5.720500	-8.335100	1
65.645000	152.200000	-7.780800	-8.335100	1
65.645000	152.310000	-5.727900	-8.335100	1
65.645000	152.420000	-4.668900	-8.335100	1
65.644000	152.520000	1.850300	-8.335100	1
65.644000	152.630000	-6.400600	-8.335100	1
65.643000	152.740000	-6.750600	-8.335100	1
65.643000	152.840000	-5.716700	-8.335100	1
65.642000	152.950000	-5.374000	-8.335100	1
65.641000	153.050000	-6.056600	-8.335200	1
65.582000	149.760000	-4.044200	-7.578400	1
65.583000	149.870000	-5.416500	-7.578400	1
65.585000	149.970000	-2.669700	-7.578400	1
65.586000	150.080000	-4.385900	-7.578400	1
65.588000	150.190000	-2.665400	-7.578400	1
65.589000	150.290000	-3.359000	-7.578400	1
65.590000	150.400000	-3.354900	-7.578400	1
65.591000	150.510000	-4.031000	-7.578400	1
65.592000	150.610000	-4.034500	-7.578400	1
65.593000	150.720000	-3.000400	-7.578400	1
65.594000	150.820000	-2.667700	-7.578400	1
65.595000	150.930000	-3.003700	-7.578400	1
65.595000	151.040000	-2.313400	-7.578400	1
65.596000	151.140000	-1.633200	-7.578400	1
65.597000	151.250000	-3.003100	-7.578400	1
65.597000	151.360000	-2.999300	-7.578400	1
65.597000	151.460000	-4.719200	-7.578400	1
65.598000	151.570000	-3.010100	-7.578400	1
65.598000	151.670000	-1.289900	-7.578400	1
65.598000	151.780000	-7.140500	-7.578400	1
65.598000	151.890000	-2.669800	-7.578400	1
65.598000	151.990000	-0.613290	-7.578400	1
65.598000	152.100000	0.416810	-7.578500	1
65.598000	152.210000	-1.635800	-7.578500	1
65.598000	152.310000	-0.949480	-7.578400	1
65.597000	152.420000	-1.300700	-7.578500	1
65.597000	152.520000	-8.521800	-7.578500	1
65.526000	149.240000	-2.042100	-6.824100	1
65.528000	149.350000	-1.004300	-6.824100	1
65.530000	149.450000	-2.026700	-6.824100	1
65.532000	149.560000	-2.026500	-6.824100	1
65.533000	149.660000	-4.769000	-6.824100	1
65.535000	149.770000	-5.108700	-6.824100	1
65.537000	149.880000	-5.108500	-6.824100	1
65.538000	149.980000	-4.768200	-6.824100	1
65.539000	150.090000	-4.764100	-6.824100	1
65.541000	150.190000	-3.043700	-6.824100	1
65.542000	150.300000	-3.043400	-6.824100	1
65.543000	150.410000	-0.632980	-6.824100	1
65.544000	150.510000	-1.666500	-6.824100	1
65.545000	150.620000	-3.732700	-6.824000	1
65.546000	150.720000	-2.356100	-6.824100	1
65.547000	150.830000	-3.042200	-6.824100	1
65.548000	150.940000	-5.105800	-6.824000	1
65.549000	151.040000	-2.351700	-6.824100	1
65.549000	151.150000	-3.381600	-6.824100	1
65.550000	151.250000	-2.355000	-6.824100	1
65.550000	151.360000	-0.291030	-6.824100	1
65.551000	151.470000	-4.071100	-6.824000	1
65.551000	151.570000	-4.074700	-6.824100	1
65.551000	151.680000	-5.101000	-6.824100	1
65.551000	151.780000	-4.074500	-6.824100	1
65.551000	151.890000	-5.104500	-6.824100	1
65.551000	152.000000	-2.004100	-6.824100	1
65.551000	152.100000	-5.108000	-6.824200	1
65.551000	152.210000	-4.417900	-6.824200	1
65.551000	152.310000	-3.724100	-6.824100	1
65.551000	152.420000	-1.667600	-6.824200	1
65.550000	152.530000	-3.395200	-6.824200	1
65.550000	152.630000	-6.484400	-6.824200	1
65.549000	152.740000	-5.439000	-6.824200	1
65.549000	152.840000	-4.069300	-6.824200	1
65.548000	152.950000	-2.693800	-6.824200	1
65.336000	159.800000	-5.101500	-6.824300	1
65.330000	159.910000	-2.014900	-6.824300	1
65.324000	160.010000	-4.761400	-6.824300	1
65.319000	160.110000	-4.411400	-6.824300	1
65.313000	160.220000	-5.437800	-6.824200	1
65.306000	160.320000	-3.727600	-6.824300	1
65.300000	160.430000	-5.441600	-6.824200	1
65.294000	160.530000	-4.757800	-6.824300	1
65.288000	160.630000	-5.791700	-6.824300	1
65.281000	160.740000	-5.438000	-6.824300	1
65.275000	160.840000	-5.101800	-6.824300	1
65.268000	160.950000	-4.761800	-6.824300	1
65.262000	161.050000	-4.068000	-6.824200	1
65.255000	161.150000	-5.105500	-6.824300	1
65.248000	161.260000	-4.765500	-6.824200	1
65.490000	149.880000	-3.846500	-6.069400	1
65.491000	149.990000	-3.846300	-6.069400	1
65.493000	150.090000	-3.506000	-6.069400	1
65.494000	150.200000	-2.815600	-6.069400	1
65.495000	150.300000	-1.445300	-6.069400	1
65.496000	150.410000	-2.475000	-6.069400	1
65.498000	150.520000	-1.441000	-6.069400	1
65.499000	150.620000	-1.784500	-6.069400	1
65.499000	150.730000	-2.120600	-6.069400	1
65.500000	150.830000	-3.844200	-6.069400	1
65.501000	150.940000	-3.844000	-6.069400	1
65.502000	151.050000	-1.439900	-6.069400	1
65.502000	151.150000	-2.813500	-6.069400	1
65.503000	151.260000	-0.749490	-6.069400	1
65.503000	151.360000	-2.809400	-6.069400	1
65.504000	151.470000	-2.119200	-6.069400	1
65.504000	151.580000	-5.906800	-6.069400	1
65.351000	146.410000	-6.441600	-5.314300	1
65.355000	146.520000	-5.067500	-5.314400	1
65.359000	146.620000	-3.690800	-5.314400	1
65.363000	146.730000	-0.946700	-5.314400	1
65.367000	146.830000	-1.626400	-5.314400	1
65.371000	146.940000	0.770260	-5.314400	1
65.374000	147.040000	-7.823600	-5.314400	1
65.378000	147.150000	-4.390200	-5.314400	1
65.381000	147.250000	-4.393500	-5.314400	1
65.385000	147.360000	-9.908800	-5.314400	1
65.442000	149.780000	-4.019100	-5.314300	1
65.443000	149.890000	-4.708800	-5.314400	1
65.445000	149.990000	-2.988400	-5.314300	1
65.446000	150.100000	-2.298100	-5.314300	1
65.447000	150.200000	-2.637800	-5.314400	1
65.449000	150.310000	-1.603800	-5.314300	1
65.450000	150.420000	-0.573500	-5.314300	1
65.451000	150.520000	0.116800	-5.314300	1
65.452000	150.630000	-1.266700	-5.314300	1
65.453000	150.730000	-0.926400	-5.314400	1
65.454000	150.840000	-2.292600	-5.314300	1
65.454000	150.940000	-1.952400	-5.314300	1
65.455000	151.050000	-1.602200	-5.314300	1
65.456000	151.160000	-2.292000	-5.314300	1
65.456000	151.260000	-1.601800	-5.314300	1
65.457000	151.370000	-0.571580	-5.314300	1
65.457000	151.470000	-1.601500	-5.314300	1
65.457000	151.580000	-2.295000	-5.314400	1
65.458000	151.680000	-3.668600	-5.314400	1
65.458000	151.790000	-2.302000	-5.314400	1
65.458000	151.900000	-3.672000	-5.314400	1
65.458000	152.000000	-5.044700	-5.314400	1
65.458000	152.110000	-0.578020	-5.314400	1
65.305000	146.430000	-7.616700	-4.559500	1
65.309000	146.530000	-3.836000	-4.559500	1
65.313000	146.640000	-2.465600	-4.559500	1
65.317000	146.740000	-2.805400	-4.559500	1
65.321000	146.850000	-2.465100	-4.559500	1
65.324000	146.950000	-1.084500	-4.559500	1
65.328000	147.060000	-4.535200	-4.559500	1
65.331000	147.160000	-0.754750	-4.559500	1
65.335000	147.270000	-5.228300	-4.559500	1
65.338000	147.370000	-6.261800	-4.559500	1
65.342000	147.480000	-9.026400	-4.559500	1
65.345000	147.580000	-7.298700	-4.559500	1
65.348000	147.690000	-5.921900	-4.559500	1
65.398000	150.000000	-2.447200	-4.559400	1
65.400000	150.110000	-0.726860	-4.559400	1
65.401000	150.210000	-1.416600	-4.559500	1
65.402000	150.320000	-0.726290	-4.559400	1
65.403000	150.420000	-0.372430	-4.559500	1
65.404000	150.530000	-0.722180	-4.559400	1
65.405000	150.630000	0.658080	-4.559400	1
65.406000	150.740000	-0.371700	-4.559500	1
65.407000	150.840000	-0.371480	-4.559400	1
65.408000	150.950000	-2.091300	-4.559400	1
65.409000	151.050000	-1.751100	-4.559400	1
65.409000	151.160000	-1.060900	-4.559400	1
65.410000	151.270000	-1.060700	-4.559400	1
65.410000	151.370000	1.339500	-4.559400	1
65.411000	151.480000	-2.094000	-4.559400	1
65.411000	151.580000	-1.063800	-4.559500	1
65.411000	151.690000	-2.450900	-4.559500	1
65.411000	151.790000	0.302900	-4.559500	1
65.411000	151.900000	-4.160700	-4.559500	1
65.259000	146.440000	-6.503000	-3.803700	1
65.263000	146.540000	0.027692	-3.803700	1
65.267000	146.650000	0.027923	-3.803700	1
65.271000	146.750000	-2.045200	-3.803700	1
65.274000	146.860000	0.705170	-3.803700	1
65.278000	146.960000	-2.384700	-3.803700	1
65.282000	147.070000	-2.387900	-3.803700	1
65.285000	147.170000	-1.357700	-3.803700	1
65.289000	147.280000	-4.447600	-3.803700	1
65.292000	147.380000	-7.894700	-3.803800	1
65.295000	147.490000	-9.268200	-3.803700	1
65.299000	147.590000	-9.632000	-3.803700	1
65.349000	149.800000	-3.398200	-3.803700	1
65.350000	149.900000	-2.024300	-3.803700	1
65.352000	150.010000	-0.984040	-3.803700	1
65.353000	150.110000	0.046268	-3.803700	1
65.354000	150.220000	-0.299980	-3.803700	1
65.356000	150.320000	-0.639750	-3.803700	1
65.357000	150.430000	0.727120	-3.803700	1
65.358000	150.530000	-0.639200	-3.803700	1
65.359000	150.640000	-0.302440	-3.803600	1
65.360000	150.740000	0.391300	-3.803700	1
65.361000	150.850000	-0.638520	-3.803600	1
65.361000	150.950000	-0.638300	-3.803600	1
65.362000	151.060000	0.051950	-3.803700	1
65.363000	151.160000	-0.977920	-3.803600	1
65.363000	151.270000	0.732310	-3.803700	1
65.364000	151.370000	0.732470	-3.803700	1
65.364000	151.480000	-0.297390	-3.803600	1
65.364000	151.590000	-0.640690	-3.803700	1
65.365000	151.690000	-2.707600	-3.803700	1
65.365000	151.800000	-1.670600	-3.803700	1
65.365000	151.900000	-1.326900	-3.803700	1
65.365000	152.010000	-2.360300	-3.803700	1
65.365000	152.110000	-0.983660	-3.803700	1
65.365000	152.220000	-4.423800	-3.803700	1
65.364000	152.320000	1.419900	-3.803700	1
65.364000	152.430000	-2.703600	-3.803800	1
65.364000	152.530000	-2.020000	-3.803700	1
65.208000	146.350000	-11.932000	-3.047600	1
65.213000	146.450000	-6.767700	-3.047600	1
65.217000	146.560000	-1.603700	-3.047600	1
65.220000	146.660000	0.456540	-3.047600	1
65.224000	146.770000	-1.263300	-3.047600	1
65.228000	146.870000	-0.572940	-3.047600	1
65.232000	146.970000	0.107310	-3.047600	1
65.235000	147.080000	-0.572460	-3.047600	1
65.239000	147.180000	-2.985700	-3.047600	1
65.242000	147.290000	-8.489300	-3.047600	1
65.246000	147.390000	-10.213000	-3.047700	1
65.304000	149.910000	0.127140	-3.047600	1
65.305000	150.010000	-0.552580	-3.047600	1
65.307000	150.120000	1.507700	-3.047600	1
65.308000	150.220000	-0.902050	-3.047600	1
65.309000	150.330000	0.818230	-3.047600	1
65.310000	150.430000	1.171800	-3.047600	1
65.311000	150.540000	0.822090	-3.047600	1
65.312000	150.640000	0.822320	-3.047600	1
65.313000	150.750000	2.202600	-3.047600	1
65.314000	150.850000	0.822770	-3.047500	1
65.315000	150.960000	0.483000	-3.047500	1
65.316000	151.060000	2.203200	-3.047600	1
65.316000	151.170000	1.513400	-3.047600	1
65.317000	151.270000	2.543600	-3.047600	1
65.317000	151.380000	1.513700	-3.047600	1
65.318000	151.480000	1.853900	-3.047500	1
65.318000	151.590000	-1.579300	-3.047600	1
65.318000	151.690000	-0.552540	-3.047600	1
65.167000	146.460000	-9.042000	-2.296100	1
65.171000	146.570000	-6.628300	-2.296100	1
65.175000	146.670000	-1.117800	-2.296100	1
65.178000	146.780000	1.972500	-2.296100	1
65.182000	146.880000	1.282800	-2.296200	1
65.186000	146.990000	1.283000	-2.296100	1
65.189000	147.090000	0.253240	-2.296100	1
65.193000	147.190000	3.343500	-2.296100	1
65.196000	147.300000	-6.629900	-2.296100	1
65.200000	147.400000	-11.450000	-2.296200	1
65.203000	147.510000	-11.453000	-2.296100	1
65.259000	150.020000	-1.097600	-2.296100	1
65.260000	150.120000	-0.067279	-2.296100	1
65.262000	150.230000	0.963030	-2.296100	1
65.263000	150.330000	1.306400	-2.296100	1
65.264000	150.440000	1.996700	-2.296100	1
65.265000	150.540000	1.306900	-2.296100	1
65.266000	150.650000	4.057200	-2.296000	1
65.267000	150.750000	4.747500	-2.296100	1
65.268000	150.860000	5.437700	-2.296000	1
65.269000	150.960000	3.717900	-2.296000	1
65.269000	151.070000	3.368100	-2.296100	1
65.270000	151.170000	3.368300	-2.296000	1
65.271000	151.280000	3.028400	-2.296100	1
65.271000	151.380000	3.028600	-2.296100	1
65.271000	151.490000	3.718800	-2.296000	1
65.272000	151.590000	0.628890	-2.296100	1
65.272000	151.700000	-1.784200	-2.296100	1
65.272000	151.800000	-1.791200	-2.296100	1
65.272000	151.910000	1.302200	-2.296100	1
65.236000	155.160000	-4.537800	-2.296100	1
65.234000	155.260000	-0.067622	-2.296200	1
65.231000	155.360000	1.992400	-2.296200	1
65.229000	155.470000	1.305500	-2.296200	1
65.226000	155.570000	-0.067729	-2.296100	1
65.223000	155.680000	-3.171000	-2.296100	1
65.220000	155.780000	-0.070977	-2.296100	1
65.218000	155.890000	-1.101100	-2.296100	1
65.215000	155.990000	-2.818000	-2.296100	1
65.212000	156.100000	-6.610900	-2.296100	1
65.209000	156.200000	-4.541400	-2.296100	1
65.205000	156.310000	0.262420	-2.296100	1
65.125000	146.580000	-1.786900	-1.541100	1
65.128000	146.680000	-3.503800	-1.541100	1
65.132000	146.790000	1.646600	-1.541100	1
65.136000	146.890000	2.676900	-1.541100	1
65.140000	147.000000	4.057100	-1.541100	1
65.143000	147.100000	0.967310	-1.541100	1
65.147000	147.200000	4.397500	-1.541100	1
65.150000	147.310000	-6.945600	-1.541100	1
65.154000	147.410000	-10.732000	-1.541100	1
65.157000	147.520000	-9.713100	-1.541100	1
65.160000	147.620000	-7.992700	-1.541100	1
65.211000	149.920000	0.635420	-1.541100	1
65.213000	150.020000	0.635730	-1.541100	1
65.214000	150.130000	2.018900	-1.541000	1
65.215000	150.230000	1.329200	-1.541100	1
65.217000	150.340000	3.389500	-1.541000	1
65.218000	150.440000	2.699700	-1.541000	1
65.219000	150.550000	4.770000	-1.541000	1
65.220000	150.650000	4.766400	-1.541000	1
65.221000	150.760000	7.166600	-1.541100	1
65.222000	150.860000	6.136800	-1.541000	1
65.222000	150.970000	4.417000	-1.541000	1
65.223000	151.070000	4.077200	-1.541100	1
65.224000	151.170000	3.737400	-1.541000	1
65.224000	151.280000	4.417500	-1.541000	1
65.225000	151.380000	4.767700	-1.541000	1
65.225000	151.490000	4.767800	-1.541000	1
65.225000	151.590000	6.828000	-1.541100	1
65.225000	151.700000	6.828100	-1.541000	1
65.226000	151.800000	2.706000	-1.541000	1
65.079000	146.590000	4.049400	-0.792490	1
65.083000	146.700000	9.896900	-0.792460	1
65.086000	146.800000	1.637100	-0.792430	1
65.090000	146.900000	4.390100	-0.792500	1
65.094000	147.010000	12.300000	-0.792450	1
65.097000	147.110000	5.770600	-0.792450	1
65.101000	147.210000	-1.109300	-0.792490	1
65.104000	147.320000	-3.171900	-0.792440	1
65.108000	147.420000	-5.924600	-0.792490	1
65.111000	147.530000	-8.674600	-0.792480	1
65.151000	149.090000	-2.470200	-0.792520	1
65.153000	149.190000	-3.853500	-0.792490	1
65.155000	149.300000	5.439600	-0.792450	1
65.157000	149.400000	5.779900	-0.792510	1
65.159000	149.510000	5.782900	-0.792450	1
65.160000	149.610000	1.663200	-0.792440	1
65.162000	149.720000	0.283550	-0.792470	1
65.164000	149.820000	2.343900	-0.792410	1
65.165000	149.920000	1.314200	-0.792440	1
65.167000	150.030000	0.974530	-0.792440	1
65.168000	150.130000	2.007500	-0.792400	1
65.169000	150.240000	3.387700	-0.792450	1
65.171000	150.340000	4.418000	-0.792410	1
65.172000	150.450000	3.388200	-0.792390	1
65.173000	150.550000	4.068500	-0.792420	1
65.174000	150.660000	7.508700	-0.792380	1
65.175000	150.760000	7.168900	-0.792410	1
65.175000	150.860000	6.139100	-0.792400	1
65.176000	150.970000	5.449300	-0.792360	1
65.177000	151.070000	6.479500	-0.792410	1
65.178000	151.180000	7.849700	-0.792380	1
65.178000	151.280000	8.199800	-0.792360	1
65.178000	151.390000	6.480000	-0.792400	1
65.179000	151.490000	6.140200	-0.792360	1
65.179000	151.600000	7.850300	-0.792400	1
65.179000	151.700000	8.887900	-0.792400	1
65.180000	151.810000	8.889800	-0.792350	1
65.180000	151.910000	3.737300	-0.792420	1
65.180000	152.010000	0.290710	-0.792400	1
65.150000	154.840000	-9.337900	-0.792440	1
65.148000	154.940000	-0.049317	-0.792460	1
65.146000	155.040000	9.230700	-0.792450	1
65.143000	155.150000	6.820600	-0.792380	1
65.141000	155.250000	-1.429400	-0.792460	1
65.139000	155.360000	-2.802200	-0.792450	1
65.136000	155.460000	-2.464900	-0.792410	1
65.133000	155.570000	-3.835000	-0.792450	1
65.131000	155.670000	-5.212400	-0.792390	1
65.128000	155.770000	-5.895200	-0.792410	1
65.125000	155.880000	-3.835100	-0.792440	1
65.033000	146.600000	10.415000	0.118280	1
65.037000	146.710000	15.225000	0.118420	1
65.041000	146.810000	7.665200	0.118030	1
65.044000	146.910000	11.798000	0.118470	1
65.048000	147.020000	14.548000	0.118290	1
65.052000	147.120000	12.828000	0.118140	1
65.055000	147.230000	6.638600	0.118560	1
65.058000	147.330000	-2.994000	0.118140	1
65.062000	147.430000	-7.806700	0.118320	1
65.127000	150.560000	11.470000	0.118730	1
65.128000	150.660000	9.759800	0.118400	1
65.129000	150.760000	11.820000	0.118400	1
65.129000	150.870000	10.100000	0.118690	1
65.130000	150.970000	11.131000	0.118240	1
65.131000	151.080000	8.040700	0.118550	1
65.131000	151.180000	17.657000	0.118520	1
65.132000	151.290000	9.407100	0.118170	1
65.132000	151.390000	9.067300	0.118570	1
65.133000	151.490000	12.515000	0.118240	1
65.133000	151.600000	15.606000	0.118210	1
65.133000	151.700000	14.218000	0.118500	1
65.133000	151.810000	18.688000	0.118030	1
65.134000	151.910000	3.227900	0.118300	1
65.133000	152.020000	-0.214670	0.118300	1
64.903000	160.010000	-0.217640	0.118410	1
64.897000	160.110000	1.502400	0.118130	1
64.891000	160.210000	5.282400	0.118080	1
64.885000	160.310000	4.592500	0.118450	1
64.879000	160.420000	7.002500	0.118070	1
64.873000	160.520000	11.462000	0.118340	1
64.866000	160.620000	14.215000	0.118410	1
64.860000	160.720000	11.125000	0.118010	1
64.853000	160.820000	10.435000	0.118460	1
64.847000	160.930000	22.462000	0.118190	1
64.840000	161.030000	7.684700	0.118100	1
64.834000	161.130000	2.182100	0.118450	1
64.983000	146.510000	2.271900	0.733020	1
64.987000	146.610000	10.192000	0.733020	1
64.991000	146.720000	7.432400	0.733100	1
64.994000	146.820000	7.092700	0.733000	1
64.998000	146.930000	5.025700	0.733070	1
65.002000	147.030000	10.196000	0.733070	1
65.005000	147.130000	11.916000	0.733020	1
65.009000	147.240000	3.996200	0.733110	1
65.012000	147.340000	6.743600	0.733030	1
65.016000	147.440000	-4.599100	0.733040	1
65.019000	147.550000	-4.258900	0.733110	1
65.077000	150.250000	1.960500	0.733200	1
65.078000	150.350000	2.303500	0.733240	1
65.079000	150.460000	5.403700	0.733160	1
65.080000	150.560000	6.094000	0.733260	1
65.081000	150.660000	8.834200	0.733190	1
65.082000	150.770000	9.524400	0.733170	1
65.083000	150.870000	6.434600	0.733270	1
65.084000	150.980000	6.774800	0.733170	1
65.085000	151.080000	6.435000	0.733210	1
65.085000	151.190000	10.555000	0.733250	1
65.086000	151.290000	5.745300	0.733150	1
65.086000	151.390000	6.102100	0.733240	1
65.086000	151.500000	8.506100	0.733170	1
65.087000	151.600000	8.504100	0.733120	1
65.087000	151.710000	9.875900	0.733220	1
65.087000	151.810000	10.556000	0.733110	1
65.087000	151.910000	8.836100	0.733130	1
65.087000	152.020000	-1.129200	0.733150	1
65.087000	152.120000	-1.126500	0.733030	1
65.026000	149.940000	-0.063247	1.488200	1
65.028000	150.040000	-0.752910	1.488200	1
65.029000	150.150000	2.000200	1.488200	1
65.031000	150.250000	2.000500	1.488200	1
65.032000	150.360000	0.970750	1.488300	1
65.033000	150.460000	1.653900	1.488200	1
65.034000	150.560000	2.344200	1.488300	1
65.035000	150.670000	3.371500	1.488200	1
65.036000	150.770000	0.624570	1.488200	1
65.037000	150.880000	4.064900	1.488300	1
65.037000	150.980000	3.035100	1.488200	1
65.038000	151.080000	5.435300	1.488200	1
65.039000	151.190000	6.811600	1.488300	1
65.039000	151.290000	4.760100	1.488200	1
65.040000	151.400000	6.821100	1.488300	1
65.040000	151.500000	5.782000	1.488200	1
65.040000	151.600000	5.092100	1.488200	1
65.040000	151.710000	5.782200	1.488200	1
65.041000	151.810000	6.122300	1.488200	1
65.041000	151.920000	4.752400	1.488200	1
65.041000	152.020000	-0.057490	1.488200	1
64.979000	149.840000	0.162450	2.237300	1
64.980000	149.950000	0.512840	2.237300	1
64.982000	150.050000	1.543200	2.237300	1
64.983000	150.150000	0.853380	2.237300	1
64.985000	150.260000	0.856760	2.237300	1
64.986000	150.360000	-0.863010	2.237300	1
64.987000	150.470000	1.887200	2.237300	1
64.988000	150.570000	1.547500	2.237400	1
64.989000	150.670000	0.857700	2.237300	1
64.990000	150.780000	0.167910	2.237300	1
64.991000	150.880000	1.548200	2.237400	1
64.991000	150.980000	1.201500	2.237300	1
64.992000	151.090000	4.641700	2.237300	1
64.993000	151.190000	3.617600	2.237400	1
64.993000	151.300000	2.928400	2.237300	1
64.994000	151.400000	4.304700	2.237400	1
64.994000	151.500000	2.588800	2.237300	1
64.994000	151.610000	2.582500	2.237300	1
64.994000	151.710000	1.892600	2.237300	1
64.994000	151.810000	2.582700	2.237300	1
64.995000	151.920000	2.232800	2.237300	1
64.995000	152.020000	1.893000	2.237300	1
64.933000	149.850000	-2.653000	2.993500	1
64.934000	149.950000	-0.242570	2.993500	1
64.935000	150.060000	-1.269000	2.993600	1
64.937000	150.160000	-0.578740	2.993500	1
64.938000	150.260000	-0.235160	2.993600	1
64.939000	150.370000	-0.574930	2.993600	1
64.940000	150.470000	0.105280	2.993600	1
64.941000	150.570000	-0.234460	2.993600	1
64.942000	150.680000	-2.294300	2.993600	1
64.943000	150.780000	-0.228210	2.993600	1
64.944000	150.880000	0.796250	2.993600	1
64.945000	150.990000	1.491300	2.993600	1
64.946000	151.090000	3.546600	2.993600	1
64.946000	151.190000	2.516800	2.993600	1
64.947000	151.300000	2.516900	2.993600	1
64.947000	151.400000	0.464050	2.993600	1
64.947000	151.510000	1.487200	2.993600	1
64.948000	151.610000	-0.572700	2.993500	1
64.948000	151.710000	0.107500	2.993600	1
64.948000	151.820000	0.107570	2.993500	1
64.948000	151.920000	0.808840	2.993500	1
64.948000	152.020000	0.463450	2.993600	1
64.948000	152.130000	2.523200	2.993500	1
64.948000	152.230000	3.211400	2.993500	1
64.886000	149.850000	-0.623590	3.748600	1
64.888000	149.960000	0.406780	3.748500	1
64.889000	150.060000	-0.962950	3.748600	1
64.890000	150.160000	-1.649300	3.748500	1
64.892000	150.270000	-2.679100	3.748600	1
64.893000	150.370000	-2.335400	3.748600	1
64.894000	150.470000	-2.335200	3.748600	1
64.895000	150.580000	-1.995000	3.748600	1
64.896000	150.680000	-1.644800	3.748600	1
64.897000	150.780000	-0.274500	3.748600	1
64.898000	150.890000	-2.334300	3.748600	1
64.898000	150.990000	-0.954100	3.748600	1
64.899000	151.090000	1.796200	3.748600	1
64.900000	151.200000	0.076312	3.748600	1
64.900000	151.300000	-0.273590	3.748600	1
64.901000	151.400000	-0.953410	3.748600	1
64.901000	151.510000	0.076759	3.748600	1
64.901000	151.610000	-1.993200	3.748600	1
64.901000	151.710000	-0.953010	3.748600	1
64.902000	151.820000	-0.266450	3.748600	1
64.902000	151.920000	-0.264570	3.748500	1
64.902000	152.020000	-0.272660	3.748600	1
64.902000	152.130000	-0.952630	3.748500	1
64.901000	152.230000	-1.302500	3.748600	1
64.901000	152.340000	1.111100	3.748500	1
64.901000	152.440000	-3.019000	3.748500	1
64.841000	149.960000	-2.851800	4.502200	1
64.843000	150.060000	-4.225200	4.502200	1
64.844000	150.170000	-4.221500	4.502200	1
64.845000	150.270000	-3.541200	4.502200	1
64.847000	150.370000	-2.507300	4.502300	1
64.848000	150.480000	-0.787070	4.502200	1
64.849000	150.580000	0.243190	4.502300	1
64.850000	150.680000	0.243380	4.502200	1
64.851000	150.790000	0.243600	4.502200	1
64.851000	150.890000	-0.439730	4.502300	1
64.852000	150.990000	-1.129600	4.502200	1
64.853000	151.100000	-0.435820	4.502200	1
64.853000	151.200000	-1.125700	4.502300	1
64.854000	151.300000	-2.155600	4.502200	1
64.854000	151.410000	-2.155400	4.502300	1
64.855000	151.510000	0.244830	4.502200	1
64.855000	151.610000	-1.815100	4.502200	1
64.855000	151.720000	0.928000	4.502300	1
64.855000	151.820000	1.961700	4.502200	1
64.855000	151.920000	-3.184800	4.502200	1
64.855000	152.030000	-0.434600	4.502200	1
64.855000	152.130000	-1.474600	4.502200	1
64.855000	152.230000	-1.124400	4.502200	1
64.855000	152.340000	-1.814400	4.502200	1
64.854000	152.440000	0.245750	4.502100	1
64.854000	152.540000	-4.575100	4.502200	1
64.621000	160.030000	-6.983800	4.502200	1
64.615000	160.130000	-4.920000	4.502100	1
64.609000	160.230000	-3.882700	4.502200	1
64.602000	160.340000	-2.162600	4.502100	1
64.596000	160.440000	-2.162500	4.502100	1
64.590000	160.540000	-2.512500	4.502200	1
64.584000	160.640000	-3.886300	4.502100	1
64.577000	160.740000	-3.882700	4.502200	1
64.571000	160.840000	-4.229900	4.502200	1
64.564000	160.940000	-8.360500	4.502100	1
64.558000	161.040000	-8.360500	4.502200	1
64.551000	161.140000	-3.542900	4.502200	1
64.544000	161.250000	-1.482800	4.502200	1
64.537000	161.350000	-5.610200	4.502200	1
64.795000	149.970000	-3.377300	5.257100	1
64.796000	150.070000	-3.366200	5.257100	1
64.798000	150.170000	-2.679600	5.257100	1
64.799000	150.280000	-2.683000	5.257100	1
64.800000	150.380000	-3.029100	5.257100	1
64.801000	150.480000	-4.055400	5.257100	1
64.802000	150.580000	-3.708800	5.257100	1
64.803000	150.690000	-3.364900	5.257100	1
64.804000	150.790000	-3.024700	5.257100	1
64.805000	150.890000	-3.704500	5.257200	1
64.805000	151.000000	-3.364300	5.257100	1
64.806000	151.100000	-3.707800	5.257100	1
64.807000	151.200000	-0.963820	5.257200	1
64.807000	151.310000	-3.023800	5.257100	1
64.808000	151.410000	-3.027300	5.257200	1
64.808000	151.510000	-0.963380	5.257100	1
64.808000	151.620000	-2.333400	5.257100	1
64.808000	151.720000	-2.673200	5.257100	1
64.809000	151.820000	2.469800	5.257100	1
64.809000	151.920000	3.159900	5.257100	1
64.809000	152.030000	1.783700	5.257100	1
64.809000	152.130000	1.107300	5.257100	1
64.808000	152.230000	-1.302600	5.257100	1
64.808000	152.340000	-1.642500	5.257100	1
64.808000	152.440000	-4.052700	5.257000	1
64.807000	152.540000	-0.962320	5.257100	1
64.807000	152.650000	-2.672400	5.257000	1
64.806000	152.750000	0.077803	5.257000	1
64.806000	152.850000	-0.268480	5.257000	1
64.580000	159.920000	-8.886500	5.257100	1
64.574000	160.020000	-4.072000	5.257000	1
64.568000	160.120000	-2.008200	5.257000	1
64.562000	160.220000	-1.314500	5.257100	1
64.556000	160.320000	-1.314500	5.257000	1
64.550000	160.420000	-2.000800	5.257000	1
64.544000	160.520000	-2.680800	5.257100	1
64.537000	160.630000	-1.314500	5.257000	1
64.531000	160.730000	-3.034500	5.257100	1
64.525000	160.830000	-6.132200	5.257100	1
64.518000	160.930000	-6.128600	5.257000	1
64.511000	161.030000	-5.788500	5.257100	1
64.748000	149.970000	-4.243200	6.011100	1
64.750000	150.070000	-0.799040	6.011100	1
64.751000	150.180000	-1.488900	6.011100	1
64.752000	150.280000	-3.888800	6.011100	1
64.753000	150.380000	-2.854900	6.011100	1
64.754000	150.490000	-2.164600	6.011100	1
64.756000	150.590000	-4.234600	6.011100	1
64.756000	150.690000	-3.194300	6.011100	1
64.757000	150.790000	-4.230500	6.011100	1
64.758000	150.900000	-2.510200	6.011200	1
64.759000	151.000000	-2.510000	6.011100	1
64.760000	151.100000	-2.513500	6.011100	1
64.760000	151.210000	-2.159600	6.011200	1
64.761000	151.310000	-2.849500	6.011100	1
64.761000	151.410000	-2.163000	6.011100	1
64.761000	151.510000	-2.849200	6.011100	1
64.762000	151.620000	-2.159000	6.011100	1
64.762000	151.720000	-2.848900	6.011100	1
64.762000	151.820000	-3.538900	6.011100	1
64.762000	151.930000	-6.292800	6.011000	1
64.762000	152.030000	-4.239700	6.011100	1
64.762000	152.130000	-1.135800	6.011000	1
64.762000	152.230000	-1.818300	6.011100	1
64.761000	152.340000	-1.481900	6.011100	1
64.761000	152.440000	-3.538300	6.011000	1
64.761000	152.540000	-4.568300	6.011100	1
64.760000	152.650000	-4.568200	6.011000	1
64.760000	152.750000	1.958500	6.011000	1
64.759000	152.850000	-0.451470	6.011000	1
64.540000	159.800000	-2.864500	6.011000	1
64.534000	159.910000	-5.618300	6.011100	1
64.528000	160.010000	-4.244400	6.011000	1
64.522000	160.110000	-0.464070	6.011000	1
64.516000	160.210000	-1.494000	6.011100	1
64.510000	160.310000	-0.460290	6.011000	1
64.504000	160.410000	-1.490300	6.011000	1
64.498000	160.510000	0.229870	6.011100	1
64.491000	160.610000	-0.800270	6.011000	1
64.485000	160.710000	-3.204100	6.011100	1
64.478000	160.810000	-5.270700	6.011100	1
64.472000	160.910000	-5.270700	6.011000	1
64.704000	150.180000	-1.429700	6.763100	1
64.706000	150.280000	-1.769400	6.763100	1
64.707000	150.390000	-4.175800	6.763100	1
64.708000	150.490000	-5.545700	6.763100	1
64.709000	150.590000	-4.865400	6.763100	1
64.710000	150.690000	-3.141300	6.763100	1
64.711000	150.800000	-2.794800	6.763100	1
64.712000	150.900000	-2.794600	6.763200	1
64.712000	151.000000	-3.480800	6.763100	1
64.713000	151.110000	-2.790600	6.763100	1
64.714000	151.210000	-2.794100	6.763200	1
64.714000	151.310000	-3.484000	6.763100	1
64.714000	151.410000	-3.483800	6.763100	1
64.715000	151.520000	-3.830000	6.763100	1
64.715000	151.620000	-3.139800	6.763100	1
64.715000	151.720000	-2.449600	6.763100	1
64.715000	151.820000	-1.423200	6.763100	1
64.715000	151.930000	-2.109400	6.763100	1
64.715000	152.030000	-0.732870	6.763100	1
64.715000	152.130000	-3.146700	6.763100	1
64.715000	152.240000	-0.736430	6.763100	1
64.715000	152.340000	-2.800200	6.763100	1
64.715000	152.440000	-4.169100	6.763000	1
64.714000	152.540000	-3.828900	6.763100	1
64.714000	152.650000	-1.426100	6.763000	1
64.713000	152.750000	-0.392310	6.763000	1
64.712000	152.850000	-2.452300	6.763000	1
64.482000	159.990000	-4.875400	6.763100	1
64.476000	160.090000	-4.529000	6.763100	1
64.470000	160.200000	-4.882600	6.763100	1
64.464000	160.300000	-3.158700	6.763000	1
64.458000	160.400000	-1.434800	6.763100	1
64.451000	160.500000	-5.215100	6.763100	1
64.445000	160.600000	-2.804900	6.763000	1
64.439000	160.700000	-1.774900	6.763100	1
64.432000	160.800000	-6.584400	6.763100	1
64.426000	160.900000	-8.309700	6.763000	1
64.419000	161.000000	-7.268200	6.763100	1
64.412000	161.100000	-5.898000	6.763100	1
64.658000	150.290000	-2.642200	7.522700	1
64.660000	150.390000	-3.332100	7.522800	1
64.661000	150.490000	-3.672000	7.522700	1
64.662000	150.600000	-4.011800	7.522800	1
64.663000	150.700000	-4.011600	7.522700	1
64.664000	150.800000	-2.977600	7.522700	1
64.664000	150.900000	-1.607300	7.522800	1
64.665000	151.010000	-1.610800	7.522700	1
64.666000	151.110000	-2.977100	7.522800	1
64.666000	151.210000	-2.286800	7.522800	1
64.667000	151.310000	-2.290400	7.522700	1
64.667000	151.420000	-4.360400	7.522800	1
64.668000	151.520000	-2.640100	7.522700	1
64.668000	151.620000	-2.980000	7.522700	1
64.668000	151.720000	-0.915960	7.522800	1
64.668000	151.830000	-5.036300	7.522700	1
64.668000	151.930000	-0.240670	7.522700	1
64.668000	152.030000	-1.613100	7.522700	1
64.668000	152.130000	-4.013300	7.522700	1
64.668000	152.240000	-3.669400	7.522700	1
64.668000	152.340000	-4.692000	7.522700	1
64.667000	152.440000	-4.355600	7.522600	1
64.667000	152.540000	-2.292700	7.522700	1
64.666000	152.650000	-1.960100	7.522700	1
64.666000	152.750000	-5.046700	7.522600	1
64.665000	152.850000	-3.336300	7.522700	1
64.665000	152.950000	-4.358900	7.522600	1
64.664000	153.060000	1.491600	7.522700	1
64.663000	153.160000	-5.385100	7.522600	1
64.662000	153.260000	-3.324900	7.522600	1
64.661000	153.360000	-2.631000	7.522600	1
64.660000	153.470000	-3.321100	7.522600	1
64.659000	153.570000	-4.005000	7.522600	1
64.657000	153.670000	-4.008900	7.522600	1
64.656000	153.770000	-4.699100	7.522600	1
64.632000	155.100000	-4.363600	7.522700	1
64.630000	155.210000	-2.979800	7.522700	1
64.628000	155.310000	-5.043800	7.522700	1
64.625000	155.410000	-2.643700	7.522700	1
64.622000	155.510000	-1.953600	7.522700	1
64.620000	155.610000	-2.980000	7.522800	1
64.617000	155.720000	-5.040400	7.522700	1
64.614000	155.820000	-3.674100	7.522800	1
64.611000	155.920000	-4.700600	7.522800	1
64.608000	156.020000	-7.114900	7.522800	1
64.605000	156.130000	-5.394600	7.522800	1
64.611000	150.290000	-0.892220	8.276200	1
64.613000	150.390000	-2.612200	8.276200	1
64.614000	150.500000	-1.238100	8.276100	1
64.615000	150.600000	-3.298100	8.276200	1
64.616000	150.700000	-3.638000	8.276200	1
64.617000	150.800000	-2.957700	8.276200	1
64.617000	150.910000	-0.883580	8.276200	1
64.618000	151.010000	-1.913500	8.276200	1
64.619000	151.110000	-1.573300	8.276200	1
64.619000	151.210000	-3.293300	8.276200	1
64.620000	151.320000	-3.293100	8.276100	1
64.620000	151.420000	-3.633000	8.276200	1
64.621000	151.520000	-3.292800	8.276200	1
64.621000	151.620000	-2.952700	8.276100	1
64.621000	151.720000	-3.636300	8.276200	1
64.621000	151.830000	-5.710300	8.276100	1
64.621000	151.930000	-1.915900	8.276100	1
64.621000	152.030000	-5.016200	8.276200	1
64.621000	152.130000	-1.923200	8.276100	1
64.621000	152.240000	-0.893060	8.276100	1
64.621000	152.340000	-0.889220	8.276100	1
64.620000	152.440000	-3.295600	8.276100	1
64.620000	152.540000	-4.665600	8.276100	1
64.565000	150.400000	-1.838600	9.035100	1
64.566000	150.500000	-4.235000	9.035100	1
64.567000	150.600000	-3.204600	9.035100	1
64.568000	150.700000	-0.454200	9.035100	1
64.569000	150.810000	-1.140300	9.035100	1
64.570000	150.910000	-1.483900	9.035100	1
64.571000	151.010000	-2.527600	9.035100	1
64.571000	151.110000	-3.207400	9.035100	1
64.572000	151.220000	-1.833400	9.035100	1
64.572000	151.320000	-1.139400	9.035100	1
64.573000	151.420000	0.230840	9.035100	1
64.573000	151.520000	-3.556800	9.035100	1
64.573000	151.620000	-4.575600	9.035100	1
64.574000	151.730000	-4.229100	9.035100	1
64.574000	151.830000	-4.232800	9.035100	1
64.574000	151.930000	-5.269100	9.035100	1
64.519000	150.500000	-2.863500	9.789400	1
64.520000	150.610000	-3.213300	9.789400	1
64.521000	150.710000	-0.802900	9.789400	1
64.522000	150.810000	-1.836600	9.789400	1
64.523000	150.910000	-1.142600	9.789500	1
64.523000	151.010000	-1.496200	9.789400	1
64.524000	151.120000	-3.548700	9.789400	1
64.525000	151.220000	-2.178300	9.789500	1
64.525000	151.320000	-2.178200	9.789400	1
64.525000	151.420000	-0.465430	9.789500	1
64.526000	151.520000	-1.831600	9.789400	1
64.526000	151.630000	-1.491500	9.789400	1
64.526000	151.730000	-4.234100	9.789500	1
64.526000	151.830000	-7.336100	9.789400	1
64.469000	150.300000	-7.286800	10.547000	1
64.470000	150.410000	-3.498100	10.547000	1
64.471000	150.510000	-2.467800	10.547000	1
64.472000	150.610000	-0.071214	10.547000	1
64.473000	150.710000	-0.747290	10.547000	1
64.474000	150.810000	-1.433400	10.547000	1
64.475000	150.910000	-3.493400	10.547000	1
64.476000	151.020000	-4.179600	10.547000	1
64.476000	151.120000	-3.493100	10.547000	1
64.477000	151.220000	-2.812800	10.547000	1
64.477000	151.320000	-2.470200	10.547000	1
64.478000	151.420000	-4.536600	10.547000	1
64.478000	151.520000	-5.220300	10.547000	1
64.478000	151.630000	-6.246700	10.547000	1
64.478000	151.730000	-2.129500	10.547000	1
64.479000	151.830000	-3.849600	10.547000	1
64.479000	151.930000	-4.539700	10.547000	1
64.479000	152.030000	-2.129100	10.547000	1
64.478000	152.140000	-3.841800	10.547000	1
64.421000	150.310000	-8.058700	11.300000	1
64.422000	150.410000	-6.674200	11.300000	1
64.424000	150.510000	-2.553200	11.300000	1
64.425000	150.610000	0.879660	11.300000	1
64.425000	150.710000	-0.486420	11.300000	1
64.426000	150.820000	-3.582800	11.300000	1
64.427000	150.920000	-2.552500	11.300000	1
64.428000	151.020000	-2.544800	11.300000	1
64.428000	151.120000	-3.911000	11.300000	1
64.429000	151.220000	-2.892000	11.300000	1
64.430000	151.320000	-1.521700	11.300000	1
64.430000	151.420000	-5.982200	11.300000	1
64.430000	151.530000	-3.585400	11.300000	1
64.431000	151.630000	-3.577700	11.300000	1
64.431000	151.730000	-6.672100	11.300000	1
64.199000	159.910000	-5.332500	11.300000	1
64.193000	160.010000	-6.016400	11.300000	1
64.187000	160.110000	-7.385400	11.300000	1
64.181000	160.210000	-1.876700	11.300000	1
64.175000	160.310000	-7.035300	11.300000	1
64.169000	160.410000	-7.721600	11.300000	1
64.163000	160.510000	-9.106000	11.300000	1
64.157000	160.610000	-9.106200	11.300000	1
64.150000	160.710000	-6.325000	11.300000	1
64.144000	160.810000	-5.653700	11.300000	1
64.137000	160.910000	-4.612200	11.300000	1
64.131000	161.010000	-4.272200	11.300000	1
64.124000	161.110000	-7.024300	11.300000	1
64.117000	161.210000	-7.016700	11.300000	1
64.371000	150.110000	-6.742100	12.055000	1
64.372000	150.210000	-6.069200	12.055000	1
64.373000	150.310000	-6.069100	12.055000	1
64.374000	150.410000	-2.956900	12.055000	1
64.376000	150.510000	-4.344500	12.055000	1
64.377000	150.610000	-5.722200	12.055000	1
64.377000	150.720000	-2.623900	12.055000	1
64.378000	150.820000	-1.593600	12.055000	1
64.379000	150.920000	-1.929700	12.055000	1
64.380000	151.020000	-4.328600	12.055000	1
64.380000	151.120000	-3.995900	12.055000	1
64.381000	151.220000	-3.638100	12.055000	1
64.382000	151.320000	-5.033400	12.055000	1
64.382000	151.430000	-2.951400	12.055000	1
64.382000	151.530000	-4.339000	12.055000	1
64.383000	151.630000	-6.051700	12.055000	1
64.326000	150.420000	-4.986300	12.815000	1
64.327000	150.520000	-5.345100	12.815000	1
64.328000	150.620000	-6.046500	12.816000	1
64.329000	150.720000	-2.936600	12.816000	1
64.330000	150.820000	-3.276500	12.816000	1
64.330000	150.920000	-3.962700	12.816000	1
64.331000	151.020000	-3.264800	12.815000	1
64.332000	151.120000	-4.977300	12.816000	1
64.332000	151.220000	-3.943300	12.816000	1
64.333000	151.330000	-6.355000	12.815000	1
64.333000	151.430000	-4.305600	12.816000	1
64.334000	151.530000	-6.369800	12.816000	1
64.334000	151.630000	-4.976700	12.815000	1
64.278000	150.520000	-7.820800	13.574000	1
64.279000	150.620000	-7.140100	13.574000	1
64.280000	150.720000	-5.054200	13.574000	1
64.281000	150.820000	-4.698900	13.574000	1
64.282000	150.920000	-4.698700	13.574000	1
64.282000	151.020000	-5.388700	13.574000	1
64.283000	151.130000	-5.728600	13.574000	1
64.284000	151.230000	-4.011700	13.574000	1
64.284000	151.330000	-5.395700	13.574000	1
64.284000	151.430000	-5.731800	13.574000	1
64.285000	151.530000	-7.104600	13.574000	1
64.285000	151.630000	-5.720200	13.574000	1
64.285000	151.730000	-6.414000	13.574000	1
64.217000	149.620000	-4.476700	14.326000	1
64.219000	149.720000	-5.162900	14.326000	1
64.220000	149.820000	-5.846700	14.326000	1
64.222000	149.920000	-8.948000	14.326000	1
64.223000	150.020000	-6.897900	14.326000	1
64.225000	150.120000	-6.536300	14.326000	1
64.226000	150.220000	-3.792900	14.326000	1
64.227000	150.320000	-2.766300	14.326000	1
64.228000	150.420000	-3.788700	14.326000	1
64.229000	150.520000	-7.229700	14.326000	1
64.230000	150.620000	-8.604000	14.326000	1
64.231000	150.720000	-7.225700	14.326000	1
64.232000	150.820000	-4.478200	14.326000	1
64.233000	150.930000	-4.134100	14.326000	1
64.234000	151.030000	-5.844400	14.326000	1
64.234000	151.130000	-5.152800	14.326000	1
64.235000	151.230000	-4.126100	14.326000	1
64.235000	151.330000	-5.156200	14.326000	1
64.236000	151.430000	-7.556900	14.326000	1
64.236000	151.530000	-6.182700	14.326000	1
64.236000	151.630000	-6.526300	14.326000	1
64.237000	151.730000	-6.518700	14.326000	1
64.001000	159.960000	-8.943300	14.326000	1
63.995000	160.060000	-7.225900	14.326000	1
63.989000	160.150000	-8.943100	14.326000	1
63.983000	160.250000	-8.943100	14.326000	1
63.977000	160.350000	-6.885700	14.326000	1
63.970000	160.450000	-8.256500	14.326000	1
63.964000	160.550000	-10.668000	14.326000	1
63.958000	160.650000	-8.574100	14.326000	1
63.951000	160.750000	-6.176800	14.326000	1
63.945000	160.850000	-5.490300	14.327000	1
63.938000	160.950000	-5.161700	14.326000	1
64.067000	149.530000	-8.469900	16.599000	1
64.068000	149.630000	-5.057700	16.599000	1
64.070000	149.730000	-8.857100	16.599000	1
64.072000	149.830000	-7.120600	16.599000	1
64.073000	149.930000	-7.101800	16.599000	1
64.075000	150.030000	-7.105300	16.599000	1
64.076000	150.130000	-8.139500	16.599000	1
64.077000	150.230000	-7.449100	16.599000	1
64.078000	150.330000	-8.483300	16.599000	1
64.080000	150.430000	-8.472200	16.599000	1
64.081000	150.530000	-9.169600	16.599000	1
64.082000	150.630000	-8.818100	16.599000	1
64.083000	150.730000	-6.421300	16.599000	1
64.083000	150.830000	-7.111600	16.599000	1
64.084000	150.930000	-8.126900	16.599000	1
64.085000	151.030000	-8.126800	16.599000	1
64.085000	151.130000	-7.776500	16.599000	1
64.086000	151.230000	-7.768700	16.599000	1
64.087000	151.330000	-7.091900	16.599000	1
64.087000	151.430000	-7.431900	16.599000	1
64.087000	151.530000	-7.431800	16.599000	1
64.088000	151.630000	-5.024200	16.599000	1
64.088000	151.730000	-5.718100	16.599000	1
64.088000	151.830000	-6.400700	16.599000	1
64.088000	151.930000	-8.117900	16.599000	1
64.088000	152.030000	-7.775000	16.599000	1
64.088000	152.140000	-7.423600	16.599000	1
64.088000	152.240000	-7.774800	16.599000	1
64.087000	152.340000	-7.767300	16.599000	1
64.087000	152.440000	-7.778100	16.599000	1
64.087000	152.540000	-7.083000	16.599000	1
64.086000	152.640000	-8.109900	16.599000	1
64.086000	152.740000	-5.015600	16.599000	1
64.085000	152.840000	-7.766800	16.599000	1
64.084000	152.940000	-8.468300	16.599000	1
63.859000	159.810000	-8.467700	16.599000	1
63.853000	159.910000	-9.502200	16.599000	1
63.847000	160.010000	-8.116200	16.599000	1
63.841000	160.110000	-5.036900	16.599000	1
63.835000	160.210000	-6.746400	16.599000	1
63.829000	160.310000	-5.040800	16.599000	1
63.823000	160.410000	-6.406100	16.599000	1
63.817000	160.500000	-6.062400	16.599000	1
63.810000	160.600000	-6.051300	16.599000	1
63.804000	160.700000	-6.395200	16.599000	1
63.798000	160.800000	-8.131000	16.599000	1
64.014000	149.430000	-7.467500	17.363000	1
64.016000	149.530000	-8.852200	17.363000	1
64.018000	149.630000	-9.203400	17.363000	1
64.019000	149.730000	-7.843400	17.363000	1
64.021000	149.830000	-5.767000	17.363000	1
64.022000	149.930000	-7.485200	17.363000	1
64.024000	150.030000	-8.851300	17.363000	1
64.025000	150.130000	-8.521800	17.363000	1
64.026000	150.230000	-4.722000	17.363000	1
64.028000	150.330000	-8.865500	17.364000	1
64.029000	150.430000	-6.770300	17.364000	1
64.030000	150.530000	-7.808400	17.363000	1
64.031000	150.630000	-9.540800	17.364000	1
64.032000	150.730000	-8.521100	17.364000	1
64.033000	150.830000	-4.048400	17.364000	1
64.033000	150.930000	-7.807700	17.364000	1
64.034000	151.030000	-8.158700	17.364000	1
64.035000	151.130000	-4.713000	17.364000	1
64.035000	151.230000	-7.460400	17.364000	1
64.036000	151.330000	-7.120200	17.364000	1
64.036000	151.430000	-6.783600	17.364000	1
64.036000	151.530000	-7.448900	17.364000	1
64.037000	151.630000	-7.463700	17.364000	1
64.037000	151.730000	-6.433000	17.364000	1
64.037000	151.830000	-7.119500	17.364000	1
64.037000	151.930000	-6.775300	17.364000	1
64.037000	152.030000	-7.805900	17.364000	1
64.037000	152.130000	-7.455600	17.363000	1
64.037000	152.230000	-6.782500	17.364000	1
64.036000	152.330000	-6.435800	17.363000	1
64.036000	152.430000	-7.809200	17.364000	1
64.036000	152.540000	-7.805500	17.364000	1
64.035000	152.640000	-8.156700	17.363000	1
64.035000	152.740000	-7.812600	17.364000	1
64.034000	152.840000	-6.785600	17.363000	1
64.033000	152.940000	-8.491900	17.363000	1
64.033000	153.040000	-8.495800	17.363000	1
64.032000	153.140000	-7.129400	17.363000	1
64.031000	153.240000	-7.465900	17.363000	1
64.030000	153.340000	-7.819800	17.364000	1
64.029000	153.440000	-6.424300	17.363000	1
64.028000	153.540000	-7.451300	17.363000	1
64.026000	153.640000	-7.462500	17.363000	1
64.025000	153.740000	-8.146100	17.363000	1
64.024000	153.840000	-8.843800	17.363000	1
64.022000	153.940000	-7.111700	17.363000	1
63.967000	149.640000	-8.278100	18.124000	1
63.968000	149.740000	-6.893400	18.124000	1
63.970000	149.840000	-6.892900	18.124000	1
63.971000	149.940000	-8.961900	18.124000	1
63.973000	150.040000	-9.308500	18.124000	1
63.974000	150.140000	-8.954300	18.124000	1
63.976000	150.240000	-4.842500	18.124000	1
63.977000	150.340000	-4.492200	18.124000	1
63.978000	150.440000	-6.201700	18.124000	1
63.979000	150.540000	-7.922800	18.124000	1
63.980000	150.640000	-8.276400	18.124000	1
63.981000	150.740000	-8.938000	18.124000	1
63.982000	150.830000	-5.531800	18.124000	1
63.982000	150.930000	-8.275800	18.124000	1
63.983000	151.030000	-5.173900	18.124000	1
63.984000	151.130000	-8.626700	18.124000	1
63.984000	151.230000	-4.475900	18.124000	1
63.985000	151.330000	-5.162200	18.124000	1
63.985000	151.430000	-6.192500	18.124000	1
63.986000	151.530000	-6.546200	18.124000	1
63.986000	151.630000	-7.223100	18.124000	1
63.986000	151.730000	-7.569300	18.124000	1
63.986000	151.830000	-8.270500	18.124000	1
63.986000	151.930000	-8.266700	18.124000	1
63.986000	152.030000	-7.583400	18.124000	1
63.986000	152.130000	-7.576000	18.124000	1
63.986000	152.230000	-6.545200	18.124000	1
63.986000	152.330000	-7.912100	18.124000	1
63.985000	152.430000	-6.194800	18.124000	1
63.985000	152.530000	-6.198400	18.124000	1
63.984000	152.630000	-7.236300	18.124000	1
63.984000	152.730000	-7.582600	18.124000	1
63.983000	152.830000	-8.617300	18.124000	1
63.982000	152.930000	-6.198000	18.124000	1
63.982000	153.030000	-8.609900	18.124000	1
63.981000	153.130000	-7.586500	18.124000	1
63.980000	153.230000	-7.221200	18.124000	1
63.979000	153.330000	-6.552000	18.124000	1
63.978000	153.430000	-6.194400	18.124000	1
63.977000	153.530000	-7.575200	18.124000	1
63.976000	153.630000	-8.266200	18.124000	1
63.974000	153.730000	-8.606200	18.124000	1
63.973000	153.830000	-8.258800	18.124000	1
63.972000	153.930000	-7.579900	18.124000	1
63.970000	154.030000	-6.541700	18.124000	1