La	Lo	Sig	Theta	Ice
65.895000	150.340000	-6.515800	-18.181000	1
65.888000	150.450000	-5.481600	-18.181000	1
65.880000	150.550000	-6.150700	-18.181000	1
65.872000	150.660000	-5.474200	-18.181000	1
65.864000	150.760000	-5.821700	-18.181000	1
65.856000	150.870000	-4.441200	-18.181000	1
65.847000	150.980000	-5.474400	-18.181000	1
65.839000	151.080000	-5.135400	-18.181000	1
65.831000	151.190000	-6.165700	-18.181000	1
65.822000	151.290000	-6.154800	-18.181000	1
65.814000	151.400000	-6.169700	-18.181000	1
65.805000	151.500000	-5.829600	-18.181000	1
65.797000	151.610000	-5.478300	-18.181000	1
65.788000	151.710000	-4.437900	-18.181000	1
65.779000	151.820000	-6.871400	-18.181000	1
65.770000	151.920000	-3.422500	-18.181000	1
65.761000	152.030000	-6.195700	-18.181000	1
65.752000	152.130000	-5.826000	-18.181000	1
65.743000	152.240000	-7.197000	-18.181000	1
65.734000	152.340000	-4.453100	-18.181000	1
65.725000	152.450000	-4.483000	-18.181000	1
63.588000	166.840000	-6.875900	-18.181000	1
63.569000	166.930000	-8.612400	-18.181000	1
63.550000	167.010000	-4.815300	-18.181000	1
63.530000	167.100000	-6.174900	-18.181000	1
63.511000	167.190000	-5.140900	-18.181000	1
63.492000	167.280000	-6.543800	-18.180000	1
63.472000	167.370000	-5.148400	-18.180000	1
63.453000	167.460000	-6.179100	-18.180000	1
63.433000	167.540000	-7.210000	-18.180000	1
63.413000	167.630000	-6.533200	-18.180000	1
63.393000	167.720000	-6.866200	-18.180000	1
63.374000	167.810000	-5.495700	-18.180000	1
63.354000	167.890000	-4.455300	-18.180000	1
63.334000	167.980000	-5.836100	-18.180000	1
63.314000	168.070000	-6.866700	-18.180000	1
63.294000	168.160000	-3.779300	-18.180000	1
63.274000	168.240000	-7.561000	-18.180000	1
63.254000	168.330000	-8.588500	-18.180000	1
65.845000	150.330000	-6.433200	-17.424000	1
65.837000	150.430000	-5.756400	-17.424000	1
65.829000	150.540000	-5.066200	-17.424000	1
65.822000	150.640000	-5.767600	-17.424000	1
65.814000	150.750000	-5.070100	-17.424000	1
65.805000	150.850000	-4.723800	-17.424000	1
65.797000	150.960000	-6.104400	-17.424000	1
65.789000	151.060000	-4.376300	-17.423000	1
65.781000	151.170000	-4.720200	-17.424000	1
65.772000	151.270000	-6.097000	-17.424000	1
65.764000	151.380000	-5.410400	-17.424000	1
65.755000	151.480000	-5.757100	-17.424000	1
65.747000	151.590000	-5.070600	-17.424000	1
65.738000	151.690000	-5.760800	-17.424000	1
65.729000	151.800000	-5.768400	-17.424000	1
65.720000	151.900000	-5.771900	-17.424000	1
65.711000	152.010000	-5.078200	-17.424000	1
65.702000	152.110000	-3.021200	-17.424000	1
65.693000	152.220000	-7.139100	-17.424000	1
65.684000	152.320000	-3.361400	-17.424000	1
65.675000	152.420000	-6.464000	-17.424000	1
65.666000	152.530000	-8.177300	-17.424000	1
63.580000	166.610000	-5.100600	-17.423000	1
63.561000	166.700000	-6.112400	-17.423000	1
63.542000	166.790000	-6.134900	-17.423000	1
63.522000	166.880000	-5.437200	-17.423000	1
63.503000	166.970000	-5.097300	-17.423000	1
63.484000	167.060000	-5.783900	-17.423000	1
63.464000	167.150000	-3.724500	-17.423000	1
63.445000	167.230000	-3.709700	-17.423000	1
63.426000	167.320000	-4.392500	-17.423000	1
63.406000	167.410000	-7.487700	-17.423000	1
63.386000	167.500000	-6.807600	-17.423000	1
63.367000	167.590000	-6.450000	-17.423000	1
63.347000	167.670000	-5.087200	-17.423000	1
63.327000	167.760000	-5.431700	-17.423000	1
63.308000	167.850000	-5.080700	-17.423000	1
63.288000	167.940000	-5.088300	-17.423000	1
63.268000	168.020000	-7.138100	-17.423000	1
63.248000	168.110000	-6.809400	-17.423000	1
63.228000	168.200000	-6.452000	-17.423000	1
65.795000	150.310000	-5.721700	-16.661000	1
65.787000	150.410000	-6.071600	-16.661000	1
65.779000	150.520000	-6.412000	-16.661000	1
65.771000	150.620000	-6.408300	-16.661000	1
65.763000	150.730000	-6.075700	-16.661000	1
65.755000	150.830000	-5.374200	-16.661000	1
65.747000	150.940000	-5.031500	-16.661000	1
65.739000	151.040000	-5.718200	-16.661000	1
65.731000	151.150000	-5.714600	-16.661000	1
65.722000	151.250000	-6.412200	-16.661000	1
65.714000	151.360000	-5.024300	-16.661000	1
65.705000	151.460000	-7.099200	-16.661000	1
65.697000	151.570000	-6.061100	-16.661000	1
65.688000	151.670000	-5.718500	-16.661000	1
65.679000	151.780000	-4.691900	-16.661000	1
65.670000	151.880000	-5.718400	-16.661000	1
65.753000	150.190000	-5.595700	-15.903000	1
65.745000	150.290000	-5.238000	-15.903000	1
65.738000	150.400000	-5.241800	-15.903000	1
65.730000	150.500000	-5.584300	-15.903000	1
65.722000	150.610000	-4.905400	-15.903000	1
65.714000	150.710000	-5.591900	-15.903000	1
65.706000	150.820000	-5.241900	-15.903000	1
65.698000	150.920000	-5.245700	-15.903000	1
65.689000	151.030000	-4.905700	-15.903000	1
65.681000	151.130000	-4.902100	-15.903000	1
65.673000	151.240000	-5.253400	-15.903000	1
65.664000	151.340000	-6.630100	-15.903000	1
65.656000	151.450000	-6.962900	-15.903000	1
65.647000	151.550000	-5.246000	-15.903000	1
65.638000	151.650000	-6.981800	-15.903000	1
65.630000	151.760000	-5.246100	-15.903000	1
65.621000	151.860000	-5.940000	-15.903000	1
65.612000	151.970000	-3.204200	-15.903000	1
65.603000	152.070000	-4.921000	-15.903000	1
65.594000	152.180000	-7.335800	-15.903000	1
65.585000	152.280000	-6.970700	-15.903000	1
65.576000	152.380000	-5.253900	-15.903000	1
65.566000	152.490000	-4.925100	-15.903000	1
63.353000	167.150000	-5.616700	-15.902000	1
63.333000	167.230000	-5.616800	-15.902000	1
63.314000	167.320000	-6.651200	-15.902000	1
63.294000	167.410000	-5.263200	-15.902000	1
63.275000	167.500000	-5.957300	-15.902000	1
63.255000	167.580000	-4.225700	-15.902000	1
63.235000	167.670000	-5.248700	-15.902000	1
63.216000	167.760000	-4.229700	-15.902000	1
63.196000	167.840000	-4.229900	-15.902000	1
63.176000	167.930000	-3.889800	-15.902000	1
63.156000	168.020000	-6.300900	-15.902000	1
63.136000	168.110000	-6.297200	-15.902000	1
63.116000	168.190000	-5.610900	-15.902000	1
63.096000	168.280000	-6.305100	-15.902000	1
63.076000	168.360000	-5.264700	-15.902000	1
63.055000	168.450000	-5.615000	-15.902000	1
65.711000	150.060000	-6.561900	-15.147000	1
65.704000	150.170000	-6.208200	-15.147000	1
65.696000	150.270000	-5.521500	-15.147000	1
65.688000	150.380000	-5.181300	-15.147000	1
65.681000	150.480000	-4.841200	-15.147000	1
65.673000	150.590000	-5.867800	-15.147000	1
65.665000	150.690000	-5.514000	-15.147000	1
65.657000	150.800000	-5.518000	-15.147000	1
65.649000	150.900000	-4.484000	-15.147000	1
65.640000	151.010000	-5.174200	-15.147000	1
65.632000	151.110000	-3.800100	-15.147000	1
65.624000	151.220000	-5.872000	-15.147000	1
65.615000	151.320000	-5.868300	-15.147000	1
65.607000	151.430000	-6.215900	-15.147000	1
65.598000	151.530000	-6.208400	-15.147000	1
65.590000	151.640000	-4.155200	-15.147000	1
65.581000	151.740000	-5.522000	-15.147000	1
65.572000	151.840000	-6.566300	-15.147000	1
65.563000	151.950000	-5.879800	-15.147000	1
63.307000	167.100000	-5.877800	-15.146000	1
63.288000	167.190000	-6.915700	-15.146000	1
63.268000	167.280000	-5.874200	-15.146000	1
63.249000	167.360000	-4.493900	-15.146000	1
63.229000	167.450000	-5.191700	-15.146000	1
63.210000	167.540000	-3.825200	-15.146000	1
63.190000	167.630000	-3.471600	-15.146000	1
63.170000	167.710000	-1.411400	-15.146000	1
63.151000	167.800000	-5.878800	-15.146000	1
63.131000	167.890000	-4.154600	-15.146000	1
63.111000	167.970000	-6.569400	-15.146000	1
63.091000	168.060000	-6.573300	-15.146000	1
63.071000	168.150000	-5.890600	-15.146000	1
63.051000	168.230000	-7.253900	-15.146000	1
63.031000	168.320000	-3.834000	-15.146000	1
63.010000	168.410000	-4.514500	-15.146000	1
65.648000	150.260000	-5.808800	-14.393000	1
65.640000	150.360000	-4.446000	-14.393000	1
65.632000	150.470000	-5.139800	-14.393000	1
65.624000	150.570000	-5.816300	-14.393000	1
65.616000	150.680000	-5.468900	-14.393000	1
65.608000	150.780000	-6.166600	-14.393000	1
65.600000	150.890000	-6.510500	-14.393000	1
65.592000	150.990000	-4.106100	-14.393000	1
65.584000	151.100000	-4.782600	-14.393000	1
65.575000	151.200000	-3.072200	-14.393000	1
65.567000	151.300000	-5.476600	-14.393000	1
65.558000	151.410000	-6.170500	-14.393000	1
65.550000	151.510000	-5.472800	-14.393000	1
65.541000	151.620000	-5.132800	-14.393000	1
65.532000	151.720000	-5.824300	-14.393000	1
65.524000	151.820000	-5.484100	-14.393000	1
65.515000	151.930000	-6.857300	-14.393000	1
63.339000	166.710000	-4.466100	-14.392000	1
63.320000	166.790000	-6.884500	-14.392000	1
63.301000	166.880000	-6.186900	-14.392000	1
63.281000	166.970000	-7.904100	-14.392000	1
63.262000	167.060000	-7.213600	-14.392000	1
63.243000	167.150000	-3.772700	-14.392000	1
63.223000	167.230000	-5.834100	-14.392000	1
63.204000	167.320000	-5.494100	-14.392000	1
63.184000	167.410000	-6.176900	-14.392000	1
63.165000	167.500000	-5.494300	-14.392000	1
63.145000	167.580000	-4.456700	-14.392000	1
63.125000	167.670000	-4.456800	-14.392000	1
63.106000	167.760000	-5.487300	-14.392000	1
63.086000	167.840000	-5.494900	-14.392000	1
63.066000	167.930000	-5.831500	-14.392000	1
63.046000	168.020000	-5.827600	-14.392000	1
63.026000	168.100000	-6.178100	-14.392000	1
63.006000	168.190000	-7.212400	-14.392000	1
62.986000	168.270000	-5.495600	-14.392000	1
62.966000	168.360000	-6.197300	-14.392000	1
65.599000	150.240000	-5.436600	-13.635000	1
65.591000	150.350000	-5.082700	-13.635000	1
65.583000	150.450000	-5.436600	-13.635000	1
65.576000	150.560000	-6.120500	-13.635000	1
65.568000	150.660000	-5.773000	-13.635000	1
65.560000	150.760000	-5.773000	-13.635000	1
65.551000	150.870000	-6.113100	-13.635000	1
65.543000	150.970000	-5.769300	-13.635000	1
65.535000	151.080000	-5.761900	-13.635000	1
65.527000	151.180000	-4.402700	-13.635000	1
65.518000	151.290000	-4.742800	-13.635000	1
65.510000	151.390000	-6.105800	-13.635000	1
65.501000	151.490000	-5.429300	-13.635000	1
65.493000	151.600000	-6.471000	-13.635000	1
65.484000	151.700000	-5.780900	-13.635000	1
65.475000	151.800000	-5.437000	-13.635000	1
65.466000	151.910000	-6.818800	-13.635000	1
65.457000	152.010000	-5.448400	-13.635000	1
65.448000	152.120000	-4.060600	-13.635000	1
65.439000	152.220000	-3.716800	-13.635000	1
65.430000	152.320000	-3.034400	-13.635000	1
65.421000	152.430000	-6.482700	-13.635000	1
65.412000	152.530000	-6.482700	-13.635000	1
65.402000	152.630000	-6.121500	-13.635000	1
65.393000	152.730000	-6.117700	-13.635000	1
65.383000	152.840000	-6.471800	-13.635000	1
65.525000	149.900000	-7.033400	-12.116000	1
65.518000	150.000000	-6.675700	-12.116000	1
65.510000	150.100000	-5.649100	-12.116000	1
65.502000	150.210000	-5.305100	-12.116000	1
65.495000	150.310000	-3.588600	-12.116000	1
65.487000	150.420000	-5.308800	-12.116000	1
65.479000	150.520000	-4.274800	-12.116000	1
65.471000	150.630000	-5.301500	-12.116000	1
65.463000	150.730000	-4.618800	-12.116000	1
65.455000	150.830000	-5.305200	-12.116000	1
65.447000	150.940000	-4.618900	-12.116000	1
65.439000	151.040000	-5.305300	-12.116000	1
65.430000	151.150000	-6.675800	-12.116000	1
65.422000	151.250000	-5.645500	-12.116000	1
65.414000	151.350000	-4.275200	-12.116000	1
65.405000	151.460000	-4.969200	-12.116000	1
65.396000	151.560000	-5.309200	-12.116000	1
65.388000	151.660000	-2.895000	-12.116000	1
65.379000	151.770000	-5.645600	-12.116000	1
65.370000	151.870000	-4.267800	-12.116000	1
65.361000	151.970000	-6.683600	-12.116000	1
65.352000	152.080000	-4.290600	-12.116000	1
63.070000	167.190000	-3.259000	-12.115000	1
63.050000	167.280000	-2.901500	-12.115000	1
63.031000	167.360000	-4.633300	-12.115000	1
63.011000	167.450000	-4.293300	-12.115000	1
62.992000	167.540000	-3.259500	-12.115000	1
62.972000	167.620000	-4.286100	-12.115000	1
62.952000	167.710000	-4.976300	-12.115000	1
62.932000	167.800000	-4.630100	-12.115000	1
62.913000	167.880000	-5.324200	-12.115000	1
62.893000	167.970000	-5.324300	-12.115000	1
62.873000	168.050000	-4.290500	-12.115000	1
65.463000	150.090000	-5.253600	-11.362000	1
65.455000	150.190000	-4.223300	-11.362000	1
65.447000	150.300000	-3.865600	-11.362000	1
65.439000	150.400000	-5.249700	-11.362000	1
65.432000	150.500000	-4.895700	-11.362000	1
65.424000	150.610000	-4.211900	-11.362000	1
65.416000	150.710000	-4.215700	-11.362000	1
65.408000	150.820000	-6.283800	-11.362000	1
65.399000	150.920000	-6.623900	-11.362000	1
65.391000	151.020000	-5.246100	-11.362000	1
65.383000	151.130000	-4.899800	-11.362000	1
65.375000	151.230000	-5.593700	-11.362000	1
65.366000	151.330000	-4.563600	-11.362000	1
65.358000	151.440000	-4.219800	-11.362000	1
65.349000	151.540000	-5.257500	-11.362000	1
65.340000	151.640000	-5.949000	-11.362000	1
65.332000	151.750000	-3.881100	-11.362000	1
65.323000	151.850000	-3.544900	-11.362000	1
65.314000	151.950000	-3.541100	-11.362000	1
65.305000	152.060000	-2.851100	-11.362000	1
65.296000	152.160000	-4.227600	-11.362000	1
65.287000	152.260000	-7.654900	-11.362000	1
65.278000	152.360000	-7.322400	-11.362000	1
63.045000	167.060000	-5.260000	-11.362000	1
63.026000	167.150000	-3.876100	-11.362000	1
63.006000	167.230000	-2.513700	-11.362000	1
62.987000	167.320000	-3.884000	-11.362000	1
62.967000	167.410000	-2.850200	-11.362000	1
62.948000	167.490000	-3.884200	-11.362000	1
62.928000	167.580000	-4.907000	-11.362000	1
62.908000	167.670000	-4.578300	-11.362000	1
62.889000	167.750000	-4.242200	-11.362000	1
62.869000	167.840000	-5.276300	-11.362000	1
62.849000	167.930000	-7.673500	-11.362000	1
62.829000	168.010000	-3.563800	-11.362000	1
62.809000	168.100000	-4.582800	-11.362000	1
65.407000	150.180000	-4.597100	-10.602000	1
65.399000	150.280000	-5.277100	-10.602000	1
65.392000	150.380000	-5.280700	-10.602000	1
65.384000	150.490000	-5.970800	-10.602000	1
65.376000	150.590000	-6.307200	-10.602000	1
65.368000	150.700000	-5.630900	-10.602000	1
65.360000	150.800000	-5.280800	-10.602000	1
65.352000	150.900000	-6.314900	-10.602000	1
65.344000	151.010000	-5.627300	-10.602000	1
65.335000	151.110000	-4.940900	-10.602000	1
65.327000	151.210000	-4.597000	-10.602000	1
65.319000	151.320000	-5.277300	-10.602000	1
65.310000	151.420000	-5.277200	-10.602000	1
65.301000	151.520000	-2.526800	-10.602000	1
65.293000	151.630000	-4.948600	-10.602000	1
65.284000	151.730000	-4.266100	-10.602000	1
65.275000	151.830000	-4.952500	-10.602000	1
65.266000	151.930000	-5.631300	-10.602000	1
65.257000	152.040000	-6.304000	-10.602000	1
63.078000	166.670000	-4.617500	-10.601000	1
63.059000	166.760000	-1.867400	-10.601000	1
63.040000	166.840000	-2.215000	-10.601000	1
63.020000	166.930000	-4.954200	-10.601000	1
63.001000	167.020000	-1.181400	-10.601000	1
62.982000	167.110000	-3.916800	-10.601000	1
62.962000	167.190000	-3.234300	-10.601000	1
62.943000	167.280000	-2.544400	-10.601000	1
62.923000	167.370000	-2.540700	-10.601000	1
62.904000	167.450000	-3.578500	-10.601000	1
62.884000	167.540000	-2.902300	-10.601000	1
62.864000	167.620000	-4.955200	-10.601000	1
62.845000	167.710000	-4.272700	-10.601000	1
62.825000	167.800000	-5.653200	-10.601000	1
62.805000	167.880000	-6.334100	-10.601000	1
62.785000	167.970000	-3.591200	-10.601000	1
65.375000	149.950000	-4.228100	-9.845600	1
65.368000	150.060000	-4.228100	-9.845600	1
65.360000	150.160000	-3.534200	-9.845600	1
65.352000	150.260000	-6.284600	-9.845600	1
65.345000	150.370000	-5.254300	-9.845600	1
65.337000	150.470000	-4.567900	-9.845600	1
65.329000	150.570000	-4.224100	-9.845600	1
65.321000	150.680000	-4.914200	-9.845600	1
65.313000	150.780000	-3.874100	-9.845600	1
65.305000	150.890000	-4.914400	-9.845600	1
65.296000	150.990000	-5.250700	-9.845600	1
65.288000	151.090000	-4.564400	-9.845600	1
65.280000	151.190000	-5.594500	-9.845600	1
65.271000	151.300000	-4.220600	-9.845600	1
65.263000	151.400000	-5.944700	-9.845600	1
65.254000	151.500000	-4.910700	-9.845600	1
65.246000	151.610000	-3.881900	-9.845600	1
65.237000	151.710000	-3.205700	-9.845600	1
65.228000	151.810000	-3.538200	-9.845700	1
65.219000	151.910000	-5.598600	-9.845600	1
65.210000	152.020000	-5.591100	-9.845700	1
65.201000	152.120000	-6.288900	-9.845700	1
65.192000	152.220000	-4.572400	-9.845600	1
65.183000	152.320000	-3.549800	-9.845700	1
65.174000	152.430000	-1.825900	-9.845700	1
63.034000	166.630000	-3.562200	-9.845300	1
63.015000	166.720000	-5.275100	-9.845300	1
62.996000	166.800000	-5.957900	-9.845200	1
62.977000	166.890000	-4.577600	-9.845300	1
62.957000	166.980000	-3.211400	-9.845200	1
62.938000	167.060000	-1.137600	-9.845200	1
62.919000	167.150000	-1.484600	-9.845200	1
62.899000	167.240000	-1.134700	-9.845200	1
62.880000	167.320000	-1.828600	-9.845200	1
62.860000	167.410000	-3.889000	-9.845200	1
62.841000	167.500000	-2.859000	-9.845200	1
62.821000	167.580000	-3.545400	-9.845200	1
62.801000	167.670000	-4.933200	-9.845200	1
62.781000	167.750000	-4.933300	-9.845200	1
62.762000	167.840000	-4.250900	-9.845200	1
65.328000	149.940000	-5.288100	-9.091300	1
65.321000	150.040000	-3.904100	-9.091300	1
65.313000	150.140000	-4.941700	-9.091300	1
65.305000	150.250000	-4.597800	-9.091200	1
65.298000	150.350000	-4.590200	-9.091300	1
65.290000	150.450000	-3.903800	-9.091300	1
65.282000	150.560000	-5.627900	-9.091200	1
65.274000	150.660000	-2.183600	-9.091300	1
65.266000	150.760000	-3.210000	-9.091300	1
65.258000	150.870000	-3.903900	-9.091200	1
65.250000	150.970000	-3.563900	-9.091300	1
65.241000	151.070000	-4.594100	-9.091300	1
65.233000	151.180000	-3.904000	-9.091300	1
65.225000	151.280000	-4.594100	-9.091300	1
65.216000	151.380000	-5.284300	-9.091300	1
65.208000	151.490000	-4.601800	-9.091300	1
65.199000	151.590000	-4.934300	-9.091300	1
65.190000	151.690000	-3.560400	-9.091300	1
65.182000	151.790000	-3.904200	-9.091300	1
62.990000	166.590000	-4.261500	-9.090900	1
62.971000	166.670000	-1.868900	-9.090900	1
62.952000	166.760000	-4.623100	-9.090900	1
62.933000	166.850000	-4.258000	-9.090900	1
62.914000	166.930000	-3.910600	-9.090900	1
62.895000	167.020000	0.555890	-9.090900	1
62.875000	167.110000	0.205730	-9.090900	1
62.856000	167.190000	-1.512000	-9.090900	1
62.836000	167.280000	-2.892300	-9.090900	1
62.817000	167.370000	-2.548600	-9.090900	1
62.797000	167.450000	-2.892500	-9.090900	1
62.778000	167.540000	-2.892500	-9.090900	1
62.758000	167.620000	-4.259000	-9.090900	1
62.738000	167.710000	-2.892800	-9.090900	1
62.719000	167.800000	-3.586800	-9.090900	1
62.947000	166.550000	-1.947900	-8.334700	1
62.928000	166.630000	-3.671900	-8.334700	1
62.909000	166.720000	-2.638200	-8.334600	1
62.890000	166.810000	1.832000	-8.334700	1
62.871000	166.890000	-1.608300	-8.334700	1
62.851000	166.980000	-1.616000	-8.334700	1
62.832000	167.070000	-1.264800	-8.334700	1
62.813000	167.150000	-1.948700	-8.334700	1
62.793000	167.240000	-2.306400	-8.334700	1
62.774000	167.320000	-2.992800	-8.334700	1
62.754000	167.410000	-2.642800	-8.334600	1
62.735000	167.500000	-3.669300	-8.334700	1
62.715000	167.580000	-3.336900	-8.334600	1
62.695000	167.670000	-3.340700	-8.334700	1
62.675000	167.750000	-2.307000	-8.334700	1
62.904000	166.500000	-4.057700	-7.578100	1
62.885000	166.590000	-2.691500	-7.578100	1
62.866000	166.680000	0.054850	-7.578100	1
62.846000	166.770000	1.778600	-7.578100	1
62.827000	166.850000	-3.725600	-7.578100	1
62.808000	166.940000	-2.691900	-7.578100	1
62.789000	167.020000	-2.345700	-7.578100	1
62.769000	167.110000	-1.665800	-7.578100	1
62.750000	167.200000	-2.005900	-7.578100	1
62.731000	167.280000	-4.062500	-7.578100	1
62.711000	167.370000	-3.378800	-7.578100	1
62.692000	167.450000	-3.382600	-7.578100	1
62.672000	167.540000	-0.636270	-7.578100	1
62.652000	167.630000	-2.010100	-7.578100	1
62.632000	167.710000	-2.700300	-7.578100	1
62.613000	167.800000	-2.006600	-7.578100	1
62.593000	167.880000	-2.346800	-7.578100	1
62.573000	167.970000	-2.696900	-7.578100	1
62.553000	168.050000	-3.730900	-7.578100	1
62.861000	166.460000	-3.759600	-6.823800	1
62.842000	166.550000	-6.163800	-6.823800	1
62.823000	166.640000	-4.443600	-6.823800	1
62.804000	166.720000	-1.693600	-6.823900	1
62.784000	166.810000	-2.383800	-6.823800	1
62.765000	166.900000	-2.043800	-6.823800	1
62.746000	166.980000	-1.010200	-6.823800	1
62.727000	167.070000	0.029752	-6.823800	1
62.707000	167.160000	-2.044200	-6.823800	1
62.688000	167.240000	-3.074400	-6.823800	1
62.668000	167.330000	-2.384400	-6.823800	1
62.649000	167.410000	-3.772000	-6.823800	1
62.629000	167.500000	-2.724600	-6.823800	1
62.610000	167.580000	-2.048300	-6.823800	1
62.590000	167.670000	-3.414900	-6.823800	1
62.570000	167.750000	-2.388600	-6.823800	1
62.550000	167.840000	-2.038700	-6.823800	1
62.530000	167.920000	-3.758900	-6.823900	1
65.096000	150.490000	-2.827800	-6.069400	1
65.088000	150.590000	-3.517800	-6.069400	1
65.080000	150.700000	-3.167800	-6.069400	1
65.072000	150.800000	-4.207900	-6.069400	1
65.064000	150.900000	-3.167800	-6.069400	1
65.055000	151.000000	-3.514200	-6.069400	1
65.047000	151.110000	-1.797800	-6.069400	1
65.039000	151.210000	-1.107900	-6.069400	1
65.030000	151.310000	-2.828000	-6.069400	1
65.022000	151.410000	-1.458000	-6.069400	1
65.013000	151.510000	-2.488100	-6.069400	1
65.005000	151.620000	-3.168100	-6.069400	1
64.996000	151.720000	-2.488100	-6.069400	1
64.987000	151.820000	-3.518200	-6.069400	1
64.978000	151.920000	-4.544700	-6.069500	1
64.969000	152.020000	-1.104500	-6.069500	1
64.960000	152.120000	0.265530	-6.069400	1
64.951000	152.230000	0.261840	-6.069500	1
64.942000	152.330000	-4.548500	-6.069500	1
64.933000	152.430000	-4.212200	-6.069500	1
64.924000	152.530000	0.254360	-6.069500	1
64.914000	152.630000	-1.805800	-6.069500	1
64.905000	152.730000	-4.892400	-6.069500	1
62.780000	166.600000	-3.531800	-6.069200	1
62.761000	166.680000	0.251960	-6.069200	1
62.742000	166.770000	0.251810	-6.069200	1
62.722000	166.860000	-0.778340	-6.069200	1
62.703000	166.940000	-0.438440	-6.069200	1
62.684000	167.030000	-0.778570	-6.069200	1
62.664000	167.110000	-1.122400	-6.069200	1
62.645000	167.200000	-3.532600	-6.069200	1
62.626000	167.290000	-2.846300	-6.069200	1
62.606000	167.370000	-1.126300	-6.069200	1
62.587000	167.460000	-2.152800	-6.069200	1
62.567000	167.540000	-1.472800	-6.069200	1
62.547000	167.630000	-2.152900	-6.069200	1
62.527000	167.710000	-2.846800	-6.069200	1
62.508000	167.800000	-1.123100	-6.069200	1
65.042000	150.580000	-5.060100	-5.314400	1
65.034000	150.680000	-3.000000	-5.314300	1
65.026000	150.780000	-3.000100	-5.314300	1
65.018000	150.880000	-4.030100	-5.314400	1
65.009000	150.990000	-2.650100	-5.314300	1
65.001000	151.090000	-0.249980	-5.314400	1
64.993000	151.190000	0.099996	-5.314400	1
64.984000	151.290000	-1.620100	-5.314300	1
64.976000	151.390000	-0.940150	-5.314400	1
64.967000	151.500000	-2.650300	-5.314400	1
64.959000	151.600000	-2.650300	-5.314300	1
64.950000	151.700000	-1.970300	-5.314400	1
64.941000	151.800000	-2.650400	-5.314400	1
64.932000	151.900000	-1.970400	-5.314400	1
64.923000	152.000000	-3.340500	-5.314400	1
64.914000	152.100000	-4.030600	-5.314400	1
64.905000	152.210000	-4.370700	-5.314400	1
64.896000	152.310000	-0.250450	-5.314400	1
62.680000	166.810000	-0.600510	-5.314200	1
62.660000	166.900000	0.425790	-5.314200	1
62.641000	166.990000	-2.320800	-5.314100	1
62.622000	167.070000	-2.324500	-5.314200	1
62.602000	167.160000	-3.014700	-5.314200	1
62.583000	167.240000	-0.604680	-5.314100	1
62.564000	167.330000	-1.634800	-5.314200	1
62.544000	167.410000	-0.604810	-5.314200	1
62.524000	167.500000	-0.954910	-5.314200	1
62.505000	167.590000	-1.635000	-5.314200	1
62.485000	167.670000	0.421320	-5.314200	1
62.465000	167.760000	0.084856	-5.314200	1
62.445000	167.840000	-0.958920	-5.314200	1
62.426000	167.920000	-0.959030	-5.314200	1
62.406000	168.010000	-0.609070	-5.314200	1
62.386000	168.090000	-1.299300	-5.314200	1
62.366000	168.180000	-0.959350	-5.314200	1
62.345000	168.260000	-0.613120	-5.314200	1
62.325000	168.350000	-1.296500	-5.314200	1
62.305000	168.430000	-0.963920	-5.314200	1
62.285000	168.510000	0.759700	-5.314300	1
62.265000	168.600000	-0.614130	-5.314200	1
62.675000	166.600000	-1.439100	-4.559300	1
62.656000	166.690000	-2.809300	-4.559300	1
62.637000	166.770000	-0.399340	-4.559300	1
62.618000	166.860000	0.630580	-4.559300	1
62.599000	166.950000	-0.063130	-4.559300	1
62.579000	167.030000	-1.779700	-4.559300	1
62.560000	167.120000	-3.160600	-4.559300	1
62.541000	167.200000	-1.787000	-4.559300	1
62.521000	167.290000	-0.753490	-4.559300	1
62.502000	167.370000	-0.403560	-4.559300	1
62.482000	167.460000	2.686400	-4.559300	1
62.462000	167.540000	0.966360	-4.559300	1
62.443000	167.630000	0.966260	-4.559300	1
62.423000	167.710000	0.962610	-4.559300	1
62.403000	167.800000	-0.407520	-4.559300	1
62.383000	167.880000	0.272370	-4.559300	1
62.363000	167.970000	0.962330	-4.559400	1
62.343000	168.050000	0.272150	-4.559300	1
62.323000	168.140000	-1.098000	-4.559400	1
62.303000	168.220000	0.958370	-4.559400	1
62.283000	168.300000	1.648300	-4.559400	1
62.263000	168.390000	-0.068774	-4.559400	1
62.243000	168.470000	-0.755320	-4.559400	1
62.222000	168.550000	0.270970	-4.559300	1
65.018000	149.620000	-2.390000	-3.803700	1
65.011000	149.730000	-1.353000	-3.803700	1
65.003000	149.830000	-0.659580	-3.803700	1
64.996000	149.930000	-1.353100	-3.803700	1
64.988000	150.030000	-2.379700	-3.803700	1
64.981000	150.130000	-0.319540	-3.803700	1
64.973000	150.240000	-2.716100	-3.803700	1
64.965000	150.340000	-2.036000	-3.803700	1
64.958000	150.440000	-2.379400	-3.803700	1
64.950000	150.540000	-1.345800	-3.803700	1
64.942000	150.650000	-2.375900	-3.803700	1
64.934000	150.750000	-1.685900	-3.803700	1
64.926000	150.850000	-1.345900	-3.803700	1
64.917000	150.950000	-0.995920	-3.803700	1
64.909000	151.050000	0.374110	-3.803700	1
64.901000	151.150000	0.034055	-3.803700	1
64.892000	151.260000	-0.316020	-3.803700	1
64.884000	151.360000	-1.686100	-3.803700	1
64.875000	151.460000	2.433900	-3.803700	1
64.867000	151.560000	-0.996180	-3.803700	1
64.858000	151.660000	-2.036200	-3.803700	1
64.849000	151.760000	-3.416700	-3.803700	1
62.613000	166.650000	-0.666070	-3.803600	1
62.594000	166.730000	-2.386300	-3.803600	1
62.575000	166.820000	1.053700	-3.803600	1
62.556000	166.900000	-2.046500	-3.803500	1
62.537000	166.990000	-3.080100	-3.803600	1
62.517000	167.080000	0.016455	-3.803500	1
62.498000	167.160000	-1.010200	-3.803600	1
62.479000	167.250000	-1.010200	-3.803600	1
62.459000	167.330000	1.389800	-3.803600	1
62.440000	167.420000	2.419700	-3.803600	1
62.420000	167.500000	2.079700	-3.803600	1
62.400000	167.590000	2.079600	-3.803600	1
62.381000	167.670000	1.389500	-3.803600	1
62.361000	167.760000	0.695910	-3.803600	1
62.341000	167.840000	0.695800	-3.803600	1
62.321000	167.920000	1.735700	-3.803600	1
62.301000	168.010000	-0.337890	-3.803600	1
62.281000	168.090000	-2.061500	-3.803600	1
62.261000	168.180000	-2.398200	-3.803600	1
62.241000	168.260000	-0.341700	-3.803700	1
62.221000	168.340000	-1.025300	-3.803600	1
64.965000	149.710000	-1.954800	-3.047600	1
64.957000	149.810000	-2.288200	-3.047600	1
64.950000	149.910000	0.801870	-3.047600	1
64.942000	150.020000	0.108530	-3.047600	1
64.935000	150.120000	-0.568090	-3.047600	1
64.927000	150.220000	-0.918030	-3.047600	1
64.919000	150.320000	-0.917950	-3.047600	1
64.912000	150.420000	-0.564550	-3.047600	1
64.904000	150.530000	-0.564480	-3.047600	1
64.896000	150.630000	-1.594500	-3.047600	1
64.888000	150.730000	0.465460	-3.047600	1
64.880000	150.830000	0.465470	-3.047600	1
64.871000	150.930000	1.835500	-3.047600	1
64.863000	151.030000	1.155400	-3.047600	1
64.855000	151.140000	1.155400	-3.047600	1
64.847000	151.240000	0.115320	-3.047600	1
64.838000	151.340000	-0.564740	-3.047600	1
64.830000	151.440000	0.115220	-3.047600	1
64.821000	151.540000	1.155200	-3.047600	1
64.812000	151.640000	0.465180	-3.047600	1
64.804000	151.740000	1.151800	-3.047600	1
64.795000	151.840000	-1.601600	-3.047600	1
62.571000	166.610000	1.825500	-3.047500	1
62.552000	166.690000	2.175400	-3.047500	1
62.533000	166.780000	0.791960	-3.047500	1
62.514000	166.860000	-2.988300	-3.047500	1
62.494000	166.950000	0.788410	-3.047500	1
62.475000	167.040000	-0.578380	-3.047500	1
62.456000	167.120000	-3.328500	-3.047500	1
62.436000	167.210000	0.451550	-3.047500	1
62.417000	167.290000	3.881600	-3.047500	1
62.397000	167.380000	2.851500	-3.047500	1
62.378000	167.460000	1.481400	-3.047500	1
62.358000	167.540000	1.821300	-3.047500	1
62.338000	167.630000	0.451230	-3.047600	1
62.319000	167.710000	-0.238900	-3.047500	1
62.299000	167.800000	-0.242340	-3.047500	1
62.279000	167.880000	-2.992500	-3.047600	1
62.259000	167.970000	-5.399400	-3.047500	1
62.239000	168.050000	-1.969300	-3.047600	1
62.219000	168.130000	0.780600	-3.047600	1
62.199000	168.220000	1.470500	-3.047600	1
62.179000	168.300000	2.840400	-3.047600	1
62.159000	168.390000	-0.936430	-3.047600	1
62.567000	166.390000	-0.439050	-2.296000	1
62.548000	166.480000	0.940870	-2.296000	1
62.529000	166.570000	5.060800	-2.296000	1
62.510000	166.650000	1.280600	-2.296000	1
62.490000	166.740000	0.250520	-2.296000	1
62.471000	166.820000	-2.846000	-2.296000	1
62.452000	166.910000	-0.092804	-2.296000	1
62.433000	166.990000	-3.873000	-2.296000	1
62.414000	167.080000	-0.782970	-2.296000	1
62.394000	167.160000	1.627000	-2.296000	1
62.375000	167.250000	2.660200	-2.296100	1
62.355000	167.330000	1.276900	-2.296000	1
62.336000	167.420000	0.936890	-2.296100	1
62.316000	167.500000	0.596770	-2.296000	1
62.296000	167.590000	-0.093304	-2.296100	1
62.277000	167.670000	-2.846600	-2.296100	1
62.257000	167.760000	0.240180	-2.296100	1
62.237000	167.840000	-3.543200	-2.296100	1
62.217000	167.930000	-5.946500	-2.296100	1
62.197000	168.010000	-2.853300	-2.296100	1
62.177000	168.090000	3.329800	-2.296100	1
62.157000	168.180000	5.739700	-2.296100	1
62.137000	168.260000	4.369600	-2.296100	1
62.117000	168.340000	2.296300	-2.296200	1
62.097000	168.430000	-4.914000	-2.296100	1
64.851000	149.980000	1.310300	-1.541100	1
64.843000	150.090000	3.030400	-1.541100	1
64.836000	150.190000	4.063400	-1.541100	1
64.828000	150.290000	4.753400	-1.541100	1
64.820000	150.390000	4.403500	-1.541000	1
64.812000	150.490000	2.343500	-1.541000	1
64.804000	150.590000	0.973520	-1.541000	1
64.796000	150.700000	0.623470	-1.541000	1
64.788000	150.800000	3.033500	-1.541100	1
64.780000	150.900000	3.373500	-1.541000	1
64.772000	151.000000	3.033500	-1.541000	1
64.764000	151.100000	4.063400	-1.541100	1
64.755000	151.200000	2.683400	-1.541000	1
64.747000	151.300000	3.373300	-1.541000	1
64.738000	151.400000	4.403300	-1.541100	1
64.730000	151.500000	3.033200	-1.541000	1
64.721000	151.610000	4.063200	-1.541100	1
64.712000	151.710000	1.653200	-1.541100	1
64.704000	151.810000	-0.409790	-1.541100	1
64.695000	151.910000	1.310200	-1.541100	1
64.686000	152.010000	-4.192900	-1.541100	1
64.677000	152.110000	-4.190000	-1.541100	1
64.668000	152.210000	-0.056944	-1.541100	1
64.659000	152.310000	-3.847100	-1.541100	1
64.649000	152.410000	-1.437000	-1.541100	1
64.640000	152.510000	0.282990	-1.541100	1
64.631000	152.610000	0.972960	-1.541100	1
62.524000	166.350000	5.771400	-1.541000	1
62.505000	166.440000	3.024400	-1.541000	1
62.486000	166.530000	5.774300	-1.541000	1
62.467000	166.610000	0.614180	-1.541000	1
62.448000	166.700000	-2.138900	-1.541100	1
62.429000	166.780000	-2.821900	-1.541000	1
62.410000	166.870000	1.991000	-1.541100	1
62.390000	166.950000	1.300900	-1.541000	1
62.371000	167.040000	0.613790	-1.541000	1
62.352000	167.120000	1.993800	-1.541000	1
62.332000	167.210000	3.020800	-1.541100	1
62.313000	167.290000	6.113700	-1.541000	1
62.293000	167.380000	0.610680	-1.541100	1
62.274000	167.460000	-3.512400	-1.541000	1
62.254000	167.550000	-1.112400	-1.541100	1
62.235000	167.630000	-5.235600	-1.541100	1
62.215000	167.720000	-1.458500	-1.541100	1
62.195000	167.800000	0.264330	-1.541100	1
62.175000	167.880000	-0.425770	-1.541100	1
62.155000	167.970000	0.267060	-1.541100	1
62.135000	168.050000	1.637000	-1.541100	1
62.115000	168.130000	3.354000	-1.541100	1
62.095000	168.220000	6.453800	-1.541100	1
62.075000	168.300000	-1.459300	-1.541200	1
64.805000	149.970000	2.325600	-0.792390	1
64.798000	150.070000	6.455600	-0.792390	1
64.790000	150.170000	6.455700	-0.792350	1
64.782000	150.270000	5.765800	-0.792390	1
64.774000	150.370000	4.395800	-0.792360	1
64.767000	150.480000	2.675900	-0.792340	1
64.759000	150.580000	3.705900	-0.792370	1
64.751000	150.680000	3.365800	-0.792310	1
64.743000	150.780000	1.985800	-0.792350	1
64.735000	150.880000	4.045800	-0.792350	1
64.726000	150.980000	5.765800	-0.792330	1
64.718000	151.080000	4.395800	-0.792370	1
64.710000	151.180000	6.795700	-0.792340	1
64.701000	151.280000	3.705700	-0.792330	1
64.693000	151.390000	4.735600	-0.792380	1
64.684000	151.490000	3.705600	-0.792320	1
64.676000	151.590000	4.395500	-0.792370	1
64.667000	151.690000	0.265500	-0.792410	1
62.501000	166.230000	1.984200	-0.792410	1
62.482000	166.310000	9.896800	-0.792380	1
62.463000	166.400000	6.454000	-0.792380	1
62.444000	166.490000	5.423900	-0.792420	1
62.425000	166.570000	-3.166300	-0.792360	1
62.406000	166.660000	-6.271900	-0.792430	1
62.387000	166.740000	0.260890	-0.792390	1
62.368000	166.830000	1.643500	-0.792410	1
62.348000	166.910000	6.453500	-0.792400	1
62.329000	167.000000	4.043400	-0.792410	1
62.310000	167.080000	9.543400	-0.792400	1
62.290000	167.170000	9.546500	-0.792460	1
62.271000	167.250000	6.456400	-0.792380	1
62.251000	167.340000	-0.419090	-0.792480	1
62.232000	167.420000	-0.084610	-0.792430	1
62.212000	167.510000	-3.524700	-0.792450	1
62.193000	167.590000	-2.492100	-0.792460	1
62.173000	167.670000	-4.215000	-0.792470	1
62.153000	167.760000	1.640400	-0.792460	1
62.133000	167.840000	-0.772390	-0.792500	1
62.113000	167.930000	3.360200	-0.792450	1
64.759000	149.950000	2.850400	0.117930	1
64.752000	150.050000	0.793070	0.118110	1
64.744000	150.160000	1.820500	0.117660	1
64.737000	150.260000	4.910600	0.118010	1
64.729000	150.360000	3.200700	0.117880	1
64.721000	150.460000	3.883300	0.117610	1
64.713000	150.560000	10.083000	0.118000	1
64.705000	150.660000	6.633300	0.117590	1
64.697000	150.760000	5.953300	0.117660	1
64.689000	150.860000	6.633300	0.117900	1
64.681000	150.960000	10.083000	0.117450	1
64.673000	151.070000	12.143000	0.117790	1
64.664000	151.170000	22.453000	0.117700	1
64.656000	151.270000	5.953100	0.117440	1
64.647000	151.370000	4.913100	0.117880	1
64.639000	151.470000	1.823000	0.117520	1
64.630000	151.570000	9.393000	0.117570	1
64.622000	151.670000	7.323000	0.117930	1
64.613000	151.770000	3.883000	0.117510	1
64.604000	151.870000	5.603000	0.117850	1
62.440000	166.280000	12.485000	0.118040	1
62.421000	166.360000	8.014900	0.118010	1
62.402000	166.450000	14.195000	0.118340	1
62.383000	166.530000	-2.645400	0.117900	1
62.364000	166.620000	-1.955400	0.118230	1
62.345000	166.700000	3.201900	0.118250	1
62.326000	166.790000	12.824000	0.117940	1
62.306000	166.870000	16.264000	0.118370	1
62.287000	166.960000	15.224000	0.118150	1
62.268000	167.040000	17.294000	0.118100	1
62.248000	167.130000	18.324000	0.118440	1
62.229000	167.210000	6.984100	0.117970	1
62.210000	167.300000	2.511400	0.118270	1
62.190000	167.380000	0.788740	0.118290	1
62.170000	167.460000	-0.581380	0.117930	1
62.151000	167.550000	-0.241440	0.118380	1
62.131000	167.630000	-0.934190	0.118140	1
62.111000	167.720000	4.228400	0.118040	1
62.092000	167.800000	1.818300	0.118390	1
62.072000	167.880000	11.788000	0.117920	1
62.052000	167.970000	7.318100	0.118170	1
62.032000	168.050000	6.628000	0.118230	1
62.012000	168.130000	0.445170	0.117840	1
61.992000	168.220000	4.905200	0.118200	1
61.972000	168.300000	1.812700	0.117960	1
61.951000	168.380000	-5.057400	0.117840	1
61.931000	168.470000	-8.160100	0.118190	1
61.911000	168.550000	10.066000	0.117770	1
64.699000	150.140000	-0.464430	0.732980	1
64.691000	150.240000	3.658400	0.733050	1
64.683000	150.340000	3.658500	0.733040	1
64.675000	150.440000	2.631200	0.732970	1
64.667000	150.540000	5.381300	0.733070	1
64.659000	150.640000	6.071200	0.733000	1
64.651000	150.750000	7.781200	0.732980	1
64.643000	150.850000	8.131200	0.733050	1
64.635000	150.950000	6.071100	0.732940	1
64.627000	151.050000	6.411200	0.733010	1
64.619000	151.150000	9.501100	0.733010	1
64.610000	151.250000	6.071000	0.732930	1
64.602000	151.350000	2.971000	0.733020	1
64.593000	151.450000	1.250900	0.732960	1
64.585000	151.550000	4.350900	0.732940	1
64.576000	151.650000	5.030900	0.733000	1
64.567000	151.750000	4.000800	0.732900	1
64.558000	151.850000	-0.459220	0.732950	1
62.435000	166.060000	9.162400	0.732960	1
62.416000	166.150000	10.880000	0.733080	1
62.397000	166.240000	3.659500	0.733010	1
62.378000	166.320000	-1.150600	0.733000	1
62.359000	166.410000	-1.840700	0.733060	1
62.340000	166.490000	6.069200	0.732990	1
62.321000	166.580000	8.809200	0.733010	1
62.302000	166.660000	9.499100	0.733060	1
62.283000	166.750000	9.159000	0.732940	1
62.264000	166.830000	10.529000	0.733090	1
62.245000	166.920000	12.942000	0.733000	1
62.226000	167.000000	8.131900	0.733000	1
62.206000	167.090000	9.161900	0.733040	1
62.187000	167.170000	0.569040	0.732980	1
62.167000	167.250000	-0.123730	0.732970	1
62.148000	167.340000	0.908930	0.733030	1
64.637000	150.320000	3.351600	1.488100	1
64.629000	150.430000	4.734500	1.488100	1
64.621000	150.530000	5.074600	1.488100	1
64.614000	150.630000	6.107500	1.488100	1
64.606000	150.730000	7.487400	1.488100	1
64.597000	150.830000	7.137400	1.488100	1
64.589000	150.930000	5.767400	1.488000	1
64.581000	151.030000	5.417400	1.488100	1
64.573000	151.130000	6.797400	1.488100	1
64.564000	151.230000	4.737300	1.488000	1
64.556000	151.330000	3.354400	1.488100	1
64.547000	151.430000	2.324300	1.488100	1
64.539000	151.530000	2.664200	1.488000	1
64.530000	151.630000	0.607100	1.488100	1
64.521000	151.730000	1.987100	1.488000	1
64.513000	151.830000	-0.072992	1.488000	1
62.448000	165.770000	3.698700	1.488000	1
62.429000	165.850000	7.125700	1.488000	1
62.411000	165.940000	6.095600	1.488100	1
62.392000	166.020000	1.625500	1.488000	1
62.373000	166.110000	-0.081407	1.488100	1
62.354000	166.190000	-0.434440	1.488000	1
62.336000	166.280000	-4.904700	1.488000	1
62.317000	166.370000	-9.030900	1.488100	1
62.298000	166.450000	-2.491800	1.488000	1
62.279000	166.540000	-3.184900	1.488000	1
62.260000	166.620000	0.258060	1.488100	1
62.241000	166.710000	6.098000	1.488000	1
62.222000	166.790000	6.787900	1.488100	1
62.202000	166.880000	8.847800	1.488000	1
62.183000	166.960000	-1.805300	1.488000	1
62.164000	167.040000	2.998900	1.488000	1
62.144000	167.130000	2.308800	1.488000	1
62.125000	167.210000	0.251640	1.488000	1
62.106000	167.300000	-2.155500	1.488000	1
62.086000	167.380000	-1.808600	1.487900	1
62.066000	167.470000	0.254370	1.488000	1
62.047000	167.550000	-4.558900	1.487900	1
62.027000	167.630000	-4.559000	1.487900	1
62.007000	167.720000	1.621100	1.488000	1
61.988000	167.800000	0.248190	1.487900	1
61.968000	167.880000	-1.131700	1.487900	1
61.948000	167.970000	-2.161500	1.488000	1
61.928000	168.050000	-0.094348	1.487800	1
61.908000	168.130000	-3.194300	1.487900	1
61.888000	168.220000	-4.227100	1.487900	1
64.592000	150.310000	1.527400	2.237200	1
64.584000	150.410000	5.987500	2.237200	1
64.576000	150.510000	5.650700	2.237200	1
64.568000	150.610000	5.310600	2.237200	1
64.560000	150.710000	5.990600	2.237200	1
64.552000	150.810000	7.030600	2.237200	1
64.544000	150.910000	5.990600	2.237200	1
64.536000	151.010000	8.400600	2.237200	1
64.527000	151.110000	5.653700	2.237200	1
64.519000	151.210000	4.963600	2.237200	1
64.511000	151.310000	4.960500	2.237200	1
64.502000	151.410000	3.930400	2.237200	1
64.493000	151.510000	-0.539720	2.237200	1
64.485000	151.610000	-1.909800	2.237200	1
64.476000	151.710000	-0.542930	2.237100	1
62.479000	165.380000	4.615200	2.237100	1
62.460000	165.470000	2.898200	2.237100	1
62.442000	165.550000	4.615000	2.237100	1
62.424000	165.640000	4.955000	2.237100	1
62.405000	165.730000	-0.195220	2.237100	1
62.387000	165.810000	-0.545310	2.237100	1
62.368000	165.900000	-1.915400	2.237200	1
62.350000	165.980000	-0.198660	2.237100	1
62.331000	166.070000	1.171400	2.237200	1
62.312000	166.160000	-2.952000	2.237100	1
62.293000	166.240000	-8.455700	2.237100	1
62.275000	166.330000	-4.669100	2.237100	1
62.256000	166.410000	-0.889090	2.237100	1
62.237000	166.500000	0.140850	2.237100	1
62.218000	166.580000	2.200800	2.237100	1
62.199000	166.670000	7.360700	2.237000	1
62.180000	166.750000	2.203800	2.237200	1
62.160000	166.840000	3.230500	2.237100	1
62.141000	166.920000	-4.672900	2.237100	1
62.122000	167.000000	-3.302900	2.237100	1
62.103000	167.090000	-2.609800	2.237100	1
62.083000	167.170000	-3.643100	2.237000	1
62.064000	167.260000	-2.263100	2.237100	1
62.044000	167.340000	0.139960	2.237000	1
62.025000	167.420000	-0.890040	2.237100	1
62.005000	167.510000	-4.333400	2.237000	1
61.985000	167.590000	-0.553260	2.237000	1
61.966000	167.680000	0.136860	2.237000	1
61.946000	167.760000	-0.556170	2.237000	1
61.926000	167.840000	-2.619300	2.236900	1
61.906000	167.920000	0.481030	2.237000	1
61.886000	168.010000	-0.902060	2.236900	1
61.866000	168.090000	-7.432200	2.237000	1
64.538000	150.390000	0.081845	2.993400	1
64.530000	150.490000	3.868600	2.993500	1
64.522000	150.590000	4.555300	2.993500	1
64.514000	150.690000	6.618600	2.993400	1
64.506000	150.790000	5.938600	2.993500	1
64.498000	150.890000	6.968500	2.993400	1
64.490000	150.990000	2.158500	2.993500	1
64.482000	151.090000	4.218500	2.993500	1
64.473000	151.190000	3.188400	2.993400	1
64.465000	151.290000	6.968500	2.993500	1
64.456000	151.390000	3.528400	2.993400	1
64.448000	151.490000	2.495000	2.993400	1
64.439000	151.590000	-1.621800	2.993400	1
64.430000	151.690000	-0.591820	2.993400	1
64.422000	151.790000	-0.595160	2.993400	1
62.175000	166.540000	0.768410	2.993400	1
62.156000	166.630000	4.548300	2.993300	1
62.137000	166.710000	3.178300	2.993400	1
62.118000	166.790000	3.518100	2.993300	1
62.099000	166.880000	3.518000	2.993300	1
62.080000	166.960000	-0.602130	2.993300	1
62.060000	167.050000	0.424490	2.993300	1
62.041000	167.130000	-0.605630	2.993200	1
62.021000	167.220000	1.457700	2.993300	1
62.002000	167.300000	1.794200	2.993200	1
61.982000	167.380000	-1.295700	2.993300	1
61.963000	167.470000	-0.265570	2.993200	1
61.943000	167.550000	-0.605440	2.993200	1
61.924000	167.630000	-1.295400	2.993200	1
61.904000	167.720000	0.424830	2.993200	1
61.884000	167.800000	-0.958430	2.993200	1
61.864000	167.880000	0.765000	2.993200	1
61.844000	167.970000	-2.328300	2.993100	1
64.492000	150.370000	-3.045600	3.748500	1
64.484000	150.470000	2.111100	3.748500	1
64.476000	150.580000	6.924600	3.748500	1
64.468000	150.680000	8.304600	3.748500	1
64.460000	150.780000	4.864600	3.748500	1
64.452000	150.880000	1.424500	3.748400	1
64.444000	150.980000	3.838000	3.748500	1
64.436000	151.080000	3.838000	3.748500	1
64.427000	151.170000	3.147900	3.748400	1
64.419000	151.270000	4.514500	3.748500	1
64.411000	151.370000	2.457900	3.748500	1
64.402000	151.470000	3.144400	3.748400	1
64.393000	151.570000	-1.322500	3.748400	1
64.385000	151.670000	-0.629060	3.748400	1
64.376000	151.770000	-3.379200	3.748400	1
62.095000	166.670000	0.047423	3.748300	1
62.076000	166.750000	-1.332800	3.748300	1
62.057000	166.840000	-0.642820	3.748300	1
62.037000	166.920000	-0.306380	3.748300	1
62.018000	167.010000	-0.983050	3.748300	1
61.999000	167.090000	0.383440	3.748200	1
61.979000	167.170000	-2.026500	3.748300	1
61.960000	167.260000	-2.710000	3.748200	1
61.940000	167.340000	-4.426400	3.748300	1
61.921000	167.430000	-1.339600	3.748200	1
61.901000	167.510000	0.047227	3.748200	1
61.882000	167.590000	-0.642680	3.748200	1
61.862000	167.670000	-1.672600	3.748200	1
61.842000	167.760000	-0.302410	3.748100	1
61.822000	167.840000	0.727850	3.748200	1
61.802000	167.920000	5.544500	3.748100	1
61.782000	168.010000	6.574800	3.748200	1
61.762000	168.090000	2.791400	3.748100	1
61.742000	168.170000	-5.122300	3.748100	1
64.438000	150.460000	0.222230	4.502100	1
64.431000	150.560000	2.628700	4.502100	1
64.423000	150.660000	5.028700	4.502100	1
64.415000	150.760000	1.942200	4.502100	1
64.406000	150.860000	1.605700	4.502100	1
64.398000	150.960000	3.329300	4.502100	1
64.390000	151.060000	2.299300	4.502100	1
64.382000	151.160000	1.609200	4.502100	1
64.373000	151.260000	0.579210	4.502100	1
64.365000	151.360000	-0.117970	4.502100	1
64.356000	151.460000	2.292000	4.502100	1
64.348000	151.550000	-0.458040	4.502100	1
64.339000	151.650000	-2.521100	4.502000	1
64.330000	151.750000	1.605500	4.502100	1
64.321000	151.850000	1.609100	4.502100	1
64.313000	151.950000	-3.894700	4.502000	1
62.053000	166.630000	-1.154800	4.501900	1
62.033000	166.710000	-1.844900	4.501900	1
62.014000	166.800000	-2.878600	4.501900	1
61.995000	166.880000	-2.535100	4.501900	1
61.976000	166.970000	-1.845100	4.501900	1
61.957000	167.050000	-0.818560	4.501800	1
61.937000	167.130000	-4.598600	4.501900	1
61.918000	167.220000	-5.289100	4.501800	1
61.898000	167.300000	-2.542200	4.501900	1
61.879000	167.380000	-3.908600	4.501800	1
61.859000	167.470000	-1.844700	4.501800	1
61.839000	167.550000	-4.251800	4.501800	1
61.820000	167.630000	-0.814340	4.501800	1
61.800000	167.720000	0.212250	4.501700	1
61.780000	167.800000	-1.507600	4.501800	1
61.760000	167.880000	4.342700	4.501700	1
61.740000	167.960000	3.309400	4.501800	1
61.720000	168.050000	-1.160600	4.501700	1
61.700000	168.130000	-3.224100	4.501700	1
64.377000	150.640000	-5.463800	5.257000	1
64.369000	150.740000	3.143900	5.257000	1
64.361000	150.840000	2.453900	5.257000	1
64.352000	150.940000	1.767500	5.257000	1
64.344000	151.040000	0.737460	5.257000	1
64.336000	151.140000	-0.292620	5.257000	1
64.327000	151.240000	4.181100	5.257000	1
64.319000	151.340000	-0.629050	5.257000	1
64.310000	151.440000	-2.356400	5.256900	1
64.302000	151.540000	0.393670	5.257000	1
64.293000	151.630000	-4.419400	5.256900	1
64.284000	151.730000	-3.039300	5.256900	1
64.276000	151.830000	-3.736600	5.256900	1
62.010000	166.590000	-1.673100	5.256800	1
61.991000	166.670000	-0.303150	5.256700	1
61.972000	166.760000	-1.673200	5.256700	1
61.953000	166.840000	-0.646780	5.256700	1
61.933000	166.920000	-3.396900	5.256700	1
61.914000	167.010000	-3.397300	5.256700	1
61.895000	167.090000	-3.397200	5.256700	1
61.875000	167.180000	-3.737100	5.256600	1
61.856000	167.260000	-5.117000	5.256700	1
61.836000	167.340000	-2.023000	5.256600	1
61.817000	167.430000	-2.366400	5.256700	1
61.797000	167.510000	-2.709800	5.256600	1
61.778000	167.590000	-0.999600	5.256600	1
61.758000	167.670000	1.067000	5.256600	1
61.738000	167.760000	0.724470	5.256700	1
61.718000	167.840000	-2.032800	5.256500	1
61.698000	167.920000	2.794900	5.256600	1
61.794000	167.300000	-3.916000	6.010600	1
61.775000	167.380000	-2.542000	6.010600	1
61.755000	167.470000	-1.165300	6.010600	1
61.735000	167.550000	-2.195200	6.010600	1
61.716000	167.630000	0.555070	6.010500	1
61.696000	167.720000	1.585300	6.010600	1
61.676000	167.800000	1.235500	6.010500	1
61.656000	167.880000	1.589400	6.010600	1
61.636000	167.960000	-0.141490	6.010500	1
61.616000	168.040000	-5.641700	6.010500	1
64.277000	150.700000	-5.574300	6.763000	1
64.269000	150.800000	-1.106600	6.763000	1
64.261000	150.900000	1.307300	6.763000	1
64.252000	151.000000	-1.439200	6.763000	1
64.244000	151.100000	-3.495600	6.762900	1
64.236000	151.200000	-0.749150	6.763000	1
64.227000	151.300000	-1.099200	6.763000	1
64.219000	151.400000	0.624550	6.762900	1
64.210000	151.500000	-1.439300	6.763000	1
64.202000	151.600000	-0.076675	6.762900	1
64.193000	151.690000	-4.189500	6.762900	1
64.184000	151.790000	-3.159400	6.762900	1
64.175000	151.890000	-3.159500	6.762900	1
64.166000	151.990000	-5.215900	6.762900	1
61.791000	167.090000	-3.173300	6.762600	1
61.771000	167.180000	-3.863200	6.762600	1
61.752000	167.260000	-7.293500	6.762600	1
61.732000	167.340000	-0.426190	6.762600	1
61.713000	167.430000	-0.769610	6.762500	1
61.693000	167.510000	-1.455700	6.762500	1
61.674000	167.590000	1.294600	6.762500	1
61.654000	167.670000	1.291100	6.762600	1
61.634000	167.760000	0.261270	6.762400	1
61.614000	167.840000	-1.802300	6.762600	1
64.011000	151.010000	-5.574600	10.547000	1
64.003000	151.100000	-7.303900	10.547000	1
63.994000	151.200000	-3.519200	10.547000	1
63.986000	151.300000	-1.455200	10.547000	1
63.977000	151.400000	-1.455200	10.547000	1
63.969000	151.500000	-3.179200	10.547000	1
63.960000	151.590000	-3.515500	10.547000	1
63.951000	151.690000	-2.831600	10.547000	1
63.943000	151.790000	-4.895700	10.547000	1
63.934000	151.890000	-5.582100	10.547000	1
63.925000	151.990000	-7.300100	10.547000	1
63.916000	152.080000	-7.646600	10.547000	1
61.481000	165.880000	-4.510100	15.087000	1
61.462000	165.970000	-5.894100	15.087000	1
61.444000	166.050000	-4.505800	15.087000	1
61.425000	166.130000	-6.226200	15.087000	1
61.406000	166.210000	-5.893200	15.087000	1
61.387000	166.300000	-3.482200	15.087000	1
61.369000	166.380000	-3.141800	15.087000	1
61.350000	166.460000	-3.824100	15.087000	1
61.331000	166.550000	-3.827500	15.087000	1
61.312000	166.630000	-4.872300	15.087000	1
61.293000	166.710000	-5.204400	15.087000	1
61.273000	166.790000	-4.169800	15.087000	1
61.254000	166.870000	-7.264200	15.087000	1
61.235000	166.960000	-4.866400	15.087000	1