La	Lo	Sig	Theta	Ice
66.275000	149.490000	-6.860800	-18.181000	1
66.274000	149.600000	-7.200900	-18.181000	1
66.273000	149.710000	-6.163000	-18.181000	1
66.272000	149.820000	-6.868100	-18.181000	1
66.271000	149.930000	-5.833600	-18.181000	1
66.270000	150.040000	-6.169800	-18.181000	1
66.268000	150.150000	-6.173500	-18.181000	1
66.267000	150.260000	-5.481900	-18.181000	1
66.266000	150.370000	-6.863700	-18.181000	1
66.264000	150.480000	-5.485500	-18.181000	1
66.263000	150.580000	-5.138900	-18.181000	1
66.261000	150.690000	-5.492700	-18.181000	1
66.259000	150.800000	-5.135000	-18.181000	1
66.257000	150.910000	-5.492400	-18.181000	1
66.255000	151.020000	-5.817800	-18.181000	1
66.253000	151.130000	-6.526600	-18.181000	1
66.251000	151.240000	-4.790800	-18.181000	1
66.249000	151.350000	-5.817700	-18.181000	1
66.247000	151.460000	-5.134700	-18.181000	1
66.245000	151.570000	-5.134500	-18.181000	1
66.242000	151.670000	-5.821300	-18.181000	1
66.240000	151.780000	-5.832400	-18.181000	1
66.237000	151.890000	-7.557200	-18.181000	1
66.235000	152.000000	-6.165000	-18.181000	1
66.232000	152.110000	-7.202900	-18.181000	1
66.229000	152.220000	-6.522800	-18.181000	1
66.226000	152.330000	-3.775300	-18.181000	1
66.223000	152.440000	-5.138200	-18.181000	1
66.220000	152.540000	-4.794600	-18.181000	1
66.217000	152.650000	-4.455600	-18.181000	1
66.214000	152.760000	-5.481100	-18.181000	1
66.211000	152.870000	-7.195800	-18.181000	1
64.955000	167.800000	-6.207800	-18.181000	1
64.941000	167.900000	-3.083400	-18.181000	1
64.927000	168.000000	-4.818800	-18.181000	1
64.913000	168.100000	-2.071900	-18.181000	1
64.898000	168.190000	-3.431100	-18.181000	1
64.884000	168.290000	-4.796900	-18.181000	1
64.870000	168.390000	-5.502000	-18.181000	1
64.855000	168.490000	-6.193400	-18.181000	1
64.841000	168.580000	-4.454300	-18.181000	1
64.826000	168.680000	-6.525100	-18.181000	1
64.811000	168.780000	-6.182300	-18.181000	1
64.797000	168.880000	-6.525200	-18.181000	1
64.782000	168.970000	-3.770500	-18.181000	1
64.767000	169.070000	-4.804500	-18.181000	1
64.752000	169.170000	-4.110600	-18.181000	1
64.737000	169.260000	-5.846100	-18.181000	1
64.722000	169.360000	-7.209500	-18.181000	1
64.707000	169.460000	-6.872700	-18.181000	1
64.692000	169.550000	-5.494900	-18.181000	1
66.221000	149.820000	-6.445000	-17.423000	1
66.220000	149.930000	-5.407200	-17.423000	1
66.219000	150.040000	-5.768400	-17.423000	1
66.218000	150.150000	-6.448600	-17.423000	1
66.216000	150.260000	-6.104400	-17.423000	1
66.215000	150.370000	-5.771900	-17.423000	1
66.213000	150.480000	-6.111700	-17.423000	1
66.212000	150.580000	-6.104300	-17.423000	1
66.210000	150.690000	-5.417600	-17.423000	1
66.208000	150.800000	-5.763800	-17.423000	1
66.207000	150.910000	-5.417300	-17.423000	1
66.205000	151.020000	-5.417200	-17.423000	1
66.203000	151.130000	-5.069600	-17.423000	1
66.201000	151.240000	-6.107300	-17.423000	1
66.199000	151.350000	-5.420900	-17.423000	1
66.196000	151.450000	-6.436400	-17.423000	1
66.194000	151.560000	-6.790300	-17.423000	1
66.192000	151.670000	-4.379300	-17.423000	1
66.189000	151.780000	-5.073300	-17.423000	1
66.187000	151.890000	-8.164900	-17.423000	1
66.184000	152.000000	-7.474400	-17.423000	1
64.778000	168.650000	-4.736200	-17.423000	1
64.763000	168.750000	-3.717100	-17.423000	1
64.748000	168.840000	-6.113000	-17.423000	1
64.733000	168.940000	-6.442100	-17.423000	1
64.719000	169.040000	-5.765700	-17.423000	1
64.704000	169.130000	-7.154900	-17.423000	1
64.689000	169.230000	-6.814700	-17.423000	1
64.674000	169.330000	-6.814500	-17.423000	1
64.659000	169.420000	-5.772900	-17.423000	1
64.644000	169.520000	-5.075100	-17.423000	1
66.172000	149.720000	-6.062200	-16.660000	1
66.171000	149.820000	-7.103700	-16.661000	1
66.169000	149.930000	-7.107600	-16.660000	1
66.168000	150.040000	-6.405800	-16.661000	1
66.167000	150.150000	-5.726500	-16.661000	1
66.166000	150.260000	-6.413200	-16.660000	1
66.164000	150.370000	-5.722500	-16.661000	1
66.163000	150.480000	-6.072600	-16.661000	1
66.161000	150.580000	-6.068700	-16.661000	1
66.159000	150.690000	-5.722200	-16.661000	1
66.158000	150.800000	-5.378200	-16.661000	1
66.156000	150.910000	-5.381200	-16.661000	1
66.154000	151.020000	-5.377500	-16.661000	1
66.152000	151.130000	-5.023500	-16.661000	1
66.150000	151.240000	-5.728600	-16.661000	1
66.148000	151.340000	-6.744300	-16.661000	1
66.146000	151.450000	-6.740400	-16.661000	1
66.143000	151.560000	-5.709900	-16.661000	1
66.141000	151.670000	-5.725000	-16.661000	1
66.138000	151.780000	-5.388400	-16.661000	1
66.136000	151.890000	-5.725000	-16.661000	1
66.133000	151.990000	-7.442000	-16.661000	1
64.758000	168.420000	-5.734900	-16.660000	1
64.744000	168.520000	-2.991500	-16.660000	1
64.729000	168.610000	-5.394700	-16.660000	1
64.714000	168.710000	-4.727000	-16.660000	1
64.700000	168.810000	-0.576340	-16.660000	1
64.685000	168.900000	-6.074100	-16.660000	1
64.670000	169.000000	-6.425500	-16.660000	1
64.655000	169.100000	-5.395000	-16.660000	1
64.641000	169.190000	-5.383800	-16.660000	1
64.626000	169.290000	-4.704600	-16.660000	1
64.611000	169.390000	-4.368300	-16.660000	1
64.595000	169.480000	-4.010700	-16.660000	1
66.119000	149.930000	-6.286700	-15.903000	1
66.118000	150.040000	-4.909900	-15.903000	1
66.117000	150.150000	-5.596200	-15.903000	1
66.116000	150.260000	-5.249700	-15.903000	1
66.114000	150.370000	-4.898300	-15.903000	1
66.113000	150.480000	-5.939600	-15.903000	1
66.111000	150.580000	-5.249400	-15.903000	1
66.109000	150.690000	-4.897900	-15.903000	1
66.108000	150.800000	-4.211300	-15.903000	1
66.106000	150.910000	-5.241500	-15.903000	1
66.104000	151.020000	-4.561300	-15.903000	1
66.102000	151.130000	-5.598900	-15.903000	1
66.100000	151.230000	-5.942700	-15.903000	1
66.098000	151.340000	-5.939000	-15.903000	1
66.096000	151.450000	-6.274200	-15.903000	1
66.093000	151.560000	-5.244900	-15.903000	1
66.091000	151.670000	-4.916000	-15.903000	1
66.088000	151.780000	-5.602600	-15.903000	1
66.086000	151.880000	-4.222200	-15.903000	1
66.083000	151.990000	-6.633100	-15.903000	1
66.081000	152.100000	-4.919900	-15.903000	1
66.078000	152.210000	-6.296700	-15.903000	1
66.075000	152.320000	-6.965800	-15.903000	1
66.072000	152.420000	-5.237600	-15.903000	1
66.069000	152.530000	-2.511900	-15.903000	1
66.066000	152.640000	-6.629600	-15.903000	1
66.063000	152.750000	-7.327400	-15.903000	1
66.060000	152.860000	-5.610300	-15.903000	1
66.056000	152.960000	-6.969800	-15.903000	1
64.878000	167.210000	-3.901700	-15.903000	1
64.864000	167.310000	-1.506400	-15.903000	1
64.851000	167.410000	-5.287300	-15.903000	1
64.837000	167.510000	-4.936000	-15.903000	1
64.823000	167.600000	-3.894600	-15.903000	1
64.809000	167.700000	-5.618900	-15.903000	1
64.795000	167.800000	-4.600000	-15.903000	1
64.781000	167.900000	-4.566400	-15.902000	1
64.767000	168.000000	-6.628100	-15.903000	1
64.753000	168.090000	-5.941500	-15.902000	1
64.739000	168.190000	-5.269900	-15.902000	1
64.724000	168.290000	-2.179300	-15.902000	1
64.710000	168.390000	-3.559500	-15.902000	1
64.696000	168.480000	-3.548400	-15.902000	1
64.681000	168.580000	-5.255200	-15.902000	1
64.667000	168.680000	-3.205900	-15.902000	1
64.652000	168.770000	-1.141900	-15.902000	1
64.637000	168.870000	-4.911500	-15.902000	1
64.622000	168.970000	-4.926500	-15.902000	1
64.608000	169.060000	-5.613100	-15.902000	1
64.593000	169.160000	-5.942100	-15.902000	1
64.578000	169.260000	-4.225000	-15.902000	1
64.563000	169.350000	-4.232500	-15.902000	1
64.548000	169.450000	-1.481900	-15.902000	1
66.065000	150.370000	-3.454300	-15.147000	1
66.063000	150.480000	-4.834400	-15.147000	1
66.062000	150.580000	-6.566300	-15.147000	1
66.060000	150.690000	-4.841800	-15.147000	1
66.058000	150.800000	-4.845400	-15.147000	1
66.056000	150.910000	-5.872000	-15.147000	1
66.054000	151.020000	-5.528700	-15.147000	1
66.052000	151.120000	-5.878700	-15.147000	1
66.050000	151.230000	-5.878600	-15.147000	1
66.048000	151.340000	-5.874800	-15.147000	1
66.046000	151.450000	-6.207400	-15.147000	1
66.044000	151.560000	-4.494300	-15.147000	1
66.041000	151.660000	-4.486800	-15.147000	1
66.039000	151.770000	-4.848200	-15.147000	1
66.036000	151.880000	-5.543400	-15.147000	1
66.034000	151.990000	-5.532200	-15.147000	1
66.031000	152.100000	0.648920	-15.147000	1
66.028000	152.200000	-4.505700	-15.147000	1
66.025000	152.310000	-5.871200	-15.147000	1
66.023000	152.420000	-3.468000	-15.147000	1
66.020000	152.530000	-6.928000	-15.147000	1
66.016000	152.640000	-5.192300	-15.147000	1
64.803000	167.380000	-4.193700	-15.147000	1
64.789000	167.480000	-3.492300	-15.147000	1
64.775000	167.570000	-3.838800	-15.146000	1
64.762000	167.670000	-5.534400	-15.147000	1
64.748000	167.770000	-6.582300	-15.147000	1
64.734000	167.870000	-5.198100	-15.146000	1
64.720000	167.960000	-3.130200	-15.146000	1
64.705000	168.060000	-0.723750	-15.146000	1
64.691000	168.160000	0.650120	-15.146000	1
64.677000	168.260000	-1.070100	-15.146000	1
64.663000	168.350000	-5.546100	-15.146000	1
64.648000	168.450000	-3.459300	-15.146000	1
64.634000	168.550000	-3.470600	-15.146000	1
64.619000	168.640000	-3.839500	-15.146000	1
64.605000	168.740000	-3.820800	-15.146000	1
64.590000	168.840000	-3.474600	-15.146000	1
64.575000	168.930000	-3.467100	-15.146000	1
64.560000	169.030000	-4.851300	-15.146000	1
64.545000	169.120000	-5.881500	-15.146000	1
64.531000	169.220000	-1.410400	-15.146000	1
64.516000	169.320000	-0.406610	-15.146000	1
64.500000	169.410000	-4.508500	-15.146000	1
64.769000	167.250000	-1.036000	-14.392000	1
64.756000	167.350000	-4.140400	-14.392000	1
64.742000	167.440000	-6.185900	-14.392000	1
64.728000	167.540000	-5.163400	-14.392000	1
64.714000	167.640000	-0.017583	-14.392000	1
64.700000	167.740000	-0.356410	-14.392000	1
64.686000	167.830000	-4.122000	-14.392000	1
64.672000	167.930000	-6.895600	-14.392000	1
64.658000	168.030000	-3.443400	-14.392000	1
64.644000	168.130000	-5.863000	-14.392000	1
64.630000	168.220000	0.348290	-14.392000	1
64.616000	168.320000	-3.088500	-14.392000	1
64.601000	168.420000	-3.761100	-14.392000	1
64.587000	168.510000	-2.738500	-14.392000	1
64.572000	168.610000	-3.440600	-14.392000	1
64.558000	168.710000	-5.153500	-14.392000	1
64.543000	168.800000	-4.799800	-14.392000	1
64.528000	168.900000	-6.516700	-14.392000	1
64.513000	168.990000	-6.866900	-14.392000	1
64.499000	169.090000	-7.905000	-14.392000	1
64.484000	169.190000	0.674720	-14.392000	1
64.469000	169.280000	-1.735500	-14.392000	1
64.454000	169.380000	-1.372800	-14.392000	1
65.965000	150.470000	-5.440300	-13.635000	1
65.963000	150.580000	-6.120600	-13.635000	1
65.962000	150.690000	-5.086300	-13.635000	1
65.960000	150.800000	-4.742300	-13.635000	1
65.958000	150.910000	-5.436300	-13.635000	1
65.956000	151.010000	-4.746000	-13.635000	1
65.954000	151.120000	-5.089700	-13.635000	1
65.952000	151.230000	-5.779700	-13.635000	1
65.950000	151.340000	-6.112300	-13.635000	1
65.948000	151.440000	-5.776000	-13.635000	1
65.946000	151.550000	-4.745700	-13.635000	1
65.943000	151.660000	-5.439600	-13.635000	1
65.941000	151.770000	-5.089500	-13.635000	1
65.938000	151.870000	-6.104900	-13.635000	1
65.936000	151.980000	-4.413200	-13.635000	1
65.933000	152.090000	-5.783700	-13.635000	1
65.930000	152.200000	-8.190900	-13.635000	1
65.927000	152.300000	-8.198500	-13.635000	1
64.554000	168.380000	-3.737200	-13.635000	1
64.540000	168.480000	-3.729800	-13.635000	1
64.525000	168.580000	-4.442600	-13.635000	1
64.511000	168.670000	-3.733600	-13.635000	1
64.496000	168.770000	-5.801800	-13.635000	1
64.481000	168.870000	-4.756400	-13.635000	1
64.467000	168.960000	-5.442800	-13.635000	1
64.452000	169.060000	-7.163400	-13.635000	1
64.437000	169.150000	-5.096300	-13.635000	1
64.422000	169.250000	-4.756300	-13.635000	1
64.407000	169.340000	-0.658110	-13.635000	1
65.920000	150.150000	-6.323800	-12.876000	1
65.919000	150.260000	-4.953200	-12.876000	1
65.918000	150.370000	-5.643300	-12.876000	1
65.916000	150.470000	-4.609000	-12.876000	1
65.915000	150.580000	-3.915000	-12.876000	1
65.913000	150.690000	-4.266300	-12.876000	1
65.911000	150.800000	-4.956400	-12.876000	1
65.909000	150.900000	-4.952500	-12.876000	1
65.908000	151.010000	-3.922100	-12.876000	1
65.906000	151.120000	-5.281100	-12.876000	1
65.903000	151.230000	-4.956000	-12.876000	1
65.901000	151.330000	-5.631100	-12.876000	1
65.899000	151.440000	-5.288400	-12.876000	1
65.897000	151.550000	-4.948400	-12.876000	1
65.894000	151.660000	-5.649900	-12.876000	1
65.892000	151.760000	-4.265800	-12.876000	1
65.889000	151.870000	-4.952200	-12.876000	1
65.887000	151.980000	-7.359400	-12.876000	1
65.884000	152.090000	-1.523000	-12.876000	1
65.881000	152.190000	-5.653800	-12.876000	1
65.879000	152.300000	-7.367000	-12.876000	1
64.522000	168.250000	-4.268100	-12.876000	1
64.507000	168.350000	-3.606900	-12.876000	1
64.493000	168.450000	-4.633400	-12.876000	1
64.479000	168.540000	-3.599400	-12.876000	1
64.464000	168.640000	-4.977300	-12.876000	1
64.449000	168.740000	-3.947100	-12.876000	1
64.435000	168.830000	-3.932000	-12.876000	1
64.420000	168.930000	-6.682800	-12.876000	1
64.405000	169.020000	-7.369200	-12.876000	1
64.390000	169.120000	-8.045700	-12.876000	1
64.375000	169.210000	-5.306000	-12.876000	1
64.360000	169.310000	-4.614400	-12.876000	1
65.879000	147.360000	-6.021200	-12.115000	1
65.880000	147.470000	-8.425800	-12.116000	1
65.880000	147.570000	-6.032200	-12.115000	1
65.881000	147.680000	-8.425500	-12.115000	1
65.881000	147.790000	-7.748700	-12.115000	1
65.882000	147.900000	-7.748600	-12.115000	1
65.882000	148.000000	-8.085000	-12.115000	1
65.882000	148.110000	-6.015900	-12.116000	1
65.883000	148.220000	-7.386500	-12.115000	1
65.883000	148.330000	-7.394200	-12.116000	1
65.883000	148.430000	-5.326000	-12.115000	1
65.883000	148.540000	-7.046500	-12.116000	1
65.882000	148.650000	-7.729100	-12.116000	1
65.882000	148.760000	-7.390400	-12.116000	1
65.882000	148.860000	-7.034900	-12.116000	1
65.881000	148.970000	-5.314500	-12.116000	1
65.881000	149.080000	-7.378800	-12.116000	1
65.880000	149.190000	-5.658100	-12.116000	1
65.880000	149.290000	-4.287700	-12.116000	1
65.879000	149.400000	-7.034500	-12.116000	1
65.878000	149.510000	-7.038200	-12.116000	1
65.877000	149.620000	-6.007800	-12.116000	1
65.876000	149.720000	-7.030400	-12.116000	1
65.875000	149.830000	-6.343900	-12.116000	1
65.874000	149.940000	-4.287100	-12.116000	1
65.873000	150.050000	-7.030200	-12.116000	1
65.872000	150.150000	-6.343600	-12.116000	1
65.870000	150.260000	-5.999600	-12.116000	1
65.869000	150.370000	-5.653000	-12.116000	1
65.868000	150.470000	-5.652900	-12.116000	1
65.866000	150.580000	-4.278600	-12.116000	1
65.864000	150.690000	-5.656400	-12.116000	1
65.863000	150.800000	-4.282300	-12.116000	1
65.861000	150.900000	-5.308600	-12.116000	1
65.859000	151.010000	-2.901800	-12.116000	1
65.857000	151.120000	-4.614400	-12.116000	1
65.855000	151.230000	-6.006100	-12.116000	1
65.853000	151.330000	-5.652200	-12.116000	1
65.850000	151.440000	-4.618100	-12.116000	1
65.848000	151.550000	-4.274200	-12.116000	1
65.846000	151.650000	-4.278100	-12.116000	1
65.843000	151.760000	-4.614300	-12.116000	1
65.841000	151.870000	-6.682400	-12.116000	1
64.601000	167.350000	-1.552400	-12.116000	1
64.587000	167.450000	-4.299100	-12.116000	1
64.574000	167.540000	-6.023500	-12.116000	1
64.560000	167.640000	-4.295600	-12.116000	1
64.546000	167.740000	-2.235400	-12.116000	1
64.532000	167.840000	-1.205400	-12.116000	1
64.518000	167.930000	-2.915800	-12.116000	1
64.504000	168.030000	-2.912000	-12.116000	1
64.489000	168.130000	-3.602200	-12.116000	1
64.475000	168.220000	-6.012800	-12.116000	1
64.461000	168.320000	-5.658900	-12.116000	1
64.446000	168.410000	-0.523210	-12.116000	1
64.432000	168.510000	-4.632400	-12.116000	1
64.417000	168.610000	-3.262200	-12.116000	1
64.403000	168.700000	-3.598600	-12.115000	1
64.388000	168.800000	-6.693200	-12.116000	1
64.374000	168.890000	-6.349300	-12.116000	1
64.359000	168.990000	-7.379700	-12.116000	1
64.344000	169.080000	-7.383300	-12.116000	1
64.329000	169.180000	-7.737200	-12.115000	1
64.314000	169.280000	-4.971000	-12.115000	1
65.820000	150.470000	-4.904000	-11.362000	1
65.818000	150.580000	-4.907100	-11.362000	1
65.816000	150.690000	-5.260900	-11.362000	1
65.815000	150.790000	-2.499000	-11.362000	1
65.813000	150.900000	-4.230500	-11.362000	1
65.811000	151.010000	-4.566600	-11.362000	1
65.809000	151.120000	-4.222700	-11.362000	1
65.807000	151.220000	-2.498600	-11.362000	1
65.805000	151.330000	-3.872600	-11.362000	1
65.803000	151.440000	-4.906500	-11.362000	1
65.800000	151.540000	-4.222600	-11.362000	1
65.798000	151.650000	-3.872500	-11.362000	1
65.795000	151.760000	-3.880100	-11.362000	1
65.793000	151.870000	-3.190100	-11.362000	1
65.790000	151.970000	-4.230200	-11.362000	1
65.788000	152.080000	-2.513800	-11.362000	1
65.785000	152.190000	-8.034100	-11.362000	1
65.782000	152.290000	-5.955800	-11.362000	1
64.429000	168.190000	-4.916900	-11.362000	1
64.415000	168.290000	-6.301100	-11.362000	1
64.401000	168.380000	-3.208100	-11.362000	1
64.386000	168.480000	-2.864300	-11.362000	1
64.372000	168.570000	-5.611000	-11.362000	1
64.357000	168.670000	-4.240700	-11.362000	1
64.342000	168.770000	-5.943600	-11.362000	1
64.328000	168.860000	-4.920900	-11.362000	1
64.313000	168.960000	-6.977700	-11.362000	1
64.298000	169.050000	-6.977400	-11.362000	1
64.283000	169.150000	-4.573100	-11.362000	1
64.268000	169.240000	-6.293500	-11.362000	1
65.727000	150.260000	-5.258600	-9.845400	1
65.725000	150.370000	-5.258300	-9.845500	1
65.724000	150.470000	-5.254400	-9.845400	1
65.722000	150.580000	-2.163800	-9.845500	1
65.720000	150.690000	-4.571500	-9.845500	1
65.719000	150.790000	-4.227700	-9.845400	1
65.717000	150.900000	-1.813500	-9.845500	1
65.715000	151.010000	-0.783270	-9.845500	1
65.713000	151.110000	-4.227400	-9.845400	1
65.711000	151.220000	-5.257500	-9.845500	1
65.709000	151.330000	-5.257500	-9.845500	1
65.707000	151.430000	-4.921100	-9.845500	1
65.704000	151.540000	-5.257400	-9.845600	1
65.702000	151.650000	-4.921100	-9.845500	1
65.700000	151.750000	-3.881000	-9.845600	1
65.697000	151.860000	-2.854700	-9.845600	1
65.694000	151.970000	-2.170800	-9.845600	1
65.692000	152.070000	-2.507100	-9.845600	1
65.689000	152.180000	-3.201000	-9.845600	1
65.686000	152.290000	-1.828400	-9.845600	1
65.683000	152.390000	-2.178400	-9.845600	1
65.680000	152.500000	-3.544800	-9.845600	1
65.677000	152.600000	-6.985500	-9.845600	1
65.674000	152.710000	-4.921300	-9.845600	1
65.671000	152.820000	-4.917600	-9.845600	1
65.668000	152.920000	-6.303000	-9.845600	1
64.503000	166.970000	-4.587400	-9.845400	1
64.490000	167.060000	-6.323000	-9.845400	1
64.476000	167.160000	-5.293000	-9.845400	1
64.463000	167.260000	-2.542600	-9.845400	1
64.449000	167.360000	-6.648300	-9.845400	1
64.435000	167.450000	-3.565300	-9.845400	1
64.422000	167.550000	-0.125130	-9.845400	1
64.408000	167.640000	-0.486600	-9.845400	1
64.394000	167.740000	-3.218100	-9.845400	1
64.380000	167.840000	-3.909600	-9.845300	1
64.366000	167.930000	-5.626200	-9.845400	1
64.352000	168.030000	-5.274800	-9.845400	1
64.337000	168.130000	-4.592300	-9.845300	1
64.323000	168.220000	-1.159500	-9.845300	1
64.309000	168.320000	-0.475690	-9.845400	1
64.294000	168.410000	-2.188200	-9.845400	1
64.280000	168.510000	-3.222100	-9.845400	1
64.265000	168.600000	-2.529000	-9.845300	1
64.251000	168.700000	-3.562900	-9.845400	1
64.236000	168.800000	-3.891600	-9.845300	1
64.221000	168.890000	-6.992200	-9.845300	1
64.207000	168.990000	-6.984600	-9.845400	1
64.192000	169.080000	-6.298100	-9.845300	1
64.177000	169.180000	-8.354900	-9.845300	1
65.681000	150.150000	-3.912000	-9.091100	1
65.679000	150.260000	-4.248100	-9.091100	1
65.678000	150.370000	-4.601700	-9.091200	1
65.676000	150.470000	-4.945400	-9.091100	1
65.675000	150.580000	-4.240100	-9.091100	1
65.673000	150.680000	-3.911200	-9.091200	1
65.671000	150.790000	-3.911100	-9.091100	1
65.670000	150.900000	-1.847000	-9.091200	1
65.668000	151.000000	-3.217100	-9.091100	1
65.666000	151.110000	-3.574600	-9.091100	1
65.664000	151.220000	-1.496800	-9.091200	1
65.661000	151.320000	-2.880700	-9.091100	1
65.659000	151.430000	-5.971100	-9.091200	1
65.657000	151.540000	-6.321100	-9.091300	1
65.655000	151.640000	-6.313600	-9.091200	1
64.376000	167.520000	-2.558100	-9.091100	1
64.362000	167.610000	0.195730	-9.091100	1
64.348000	167.710000	-2.208300	-9.091000	1
64.334000	167.810000	-3.249900	-9.091000	1
64.320000	167.900000	-5.985200	-9.091100	1
64.306000	168.000000	-7.373300	-9.091000	1
64.292000	168.090000	-7.023200	-9.091000	1
64.278000	168.190000	-3.250100	-9.091000	1
64.263000	168.290000	-4.265200	-9.091000	1
64.249000	168.380000	-4.268900	-9.091100	1
64.235000	168.480000	-4.611400	-9.091100	1
64.220000	168.570000	-2.895000	-9.091000	1
64.206000	168.670000	-2.558700	-9.091000	1
64.191000	168.760000	-3.238800	-9.091000	1
64.176000	168.860000	-4.265100	-9.091000	1
64.162000	168.950000	-7.354300	-9.091000	1
64.147000	169.050000	-6.667900	-9.091000	1
64.132000	169.140000	-4.261200	-9.091000	1
65.635000	150.050000	-6.082800	-8.334900	1
65.633000	150.150000	-3.672400	-8.334900	1
65.632000	150.260000	-3.672200	-8.334800	1
65.630000	150.360000	-2.988200	-8.334900	1
65.629000	150.470000	-1.951600	-8.334800	1
65.627000	150.580000	-4.021700	-8.334900	1
65.626000	150.680000	-4.021600	-8.334900	1
65.624000	150.790000	-3.671500	-8.334800	1
65.622000	150.900000	-4.353900	-8.334900	1
65.620000	151.000000	-3.327500	-8.334900	1
65.618000	151.110000	-3.327400	-8.334900	1
65.616000	151.220000	-2.637300	-8.334900	1
65.614000	151.320000	-2.987300	-8.334900	1
65.612000	151.430000	-4.361200	-8.334900	1
65.610000	151.530000	-4.017400	-8.335000	1
65.607000	151.640000	-4.028700	-8.335000	1
65.605000	151.750000	-4.701200	-8.335000	1
65.602000	151.850000	-4.705000	-8.335000	1
65.600000	151.960000	0.101620	-8.335000	1
65.597000	152.060000	-1.278500	-8.335100	1
65.594000	152.170000	-1.951000	-8.335000	1
65.592000	152.280000	-3.334900	-8.335000	1
65.589000	152.380000	-0.932250	-8.335000	1
65.586000	152.490000	-4.032600	-8.335000	1
65.583000	152.590000	-6.771700	-8.335000	1
65.579000	152.700000	-5.741500	-8.335000	1
64.289000	167.780000	-3.012600	-8.334800	1
64.275000	167.870000	-1.292500	-8.334800	1
64.261000	167.970000	-0.262560	-8.334800	1
64.247000	168.060000	-3.349100	-8.334800	1
64.232000	168.160000	-4.719200	-8.334800	1
64.218000	168.250000	-2.315200	-8.334800	1
64.204000	168.350000	-2.315300	-8.334800	1
64.189000	168.450000	-2.311400	-8.334800	1
64.175000	168.540000	-5.401900	-8.334700	1
64.160000	168.640000	-4.031700	-8.334800	1
64.146000	168.730000	-4.027900	-8.334800	1
64.131000	168.830000	-4.367900	-8.334800	1
64.116000	168.920000	-4.035200	-8.334800	1
64.102000	169.010000	-2.318800	-8.334700	1
64.087000	169.110000	-3.341300	-8.334800	1
65.591000	149.730000	-5.439900	-7.578300	1
65.590000	149.830000	-5.776200	-7.578300	1
65.589000	149.940000	-3.719700	-7.578200	1
65.587000	150.050000	-4.055900	-7.578300	1
65.586000	150.150000	-2.685600	-7.578300	1
65.585000	150.260000	-2.685500	-7.578200	1
65.583000	150.360000	-4.051600	-7.578300	1
65.582000	150.470000	-3.025100	-7.578200	1
65.580000	150.580000	-5.435200	-7.578300	1
65.579000	150.680000	-4.745000	-7.578300	1
65.577000	150.790000	-1.300900	-7.578200	1
65.575000	150.890000	-3.020900	-7.578300	1
65.573000	151.000000	-3.020800	-7.578300	1
65.571000	151.110000	-3.370800	-7.578300	1
65.569000	151.210000	-2.676900	-7.578400	1
65.567000	151.320000	-5.084700	-7.578300	1
65.565000	151.430000	-4.054500	-7.578300	1
65.563000	151.530000	-4.400800	-7.578400	1
65.560000	151.640000	-3.710800	-7.578400	1
65.558000	151.740000	-4.744600	-7.578400	1
65.555000	151.850000	-5.084700	-7.578400	1
65.553000	151.950000	-3.714500	-7.578400	1
65.550000	152.060000	-5.084700	-7.578500	1
65.547000	152.170000	-3.382000	-7.578400	1
65.544000	152.270000	-5.084700	-7.578400	1
65.541000	152.380000	-4.748400	-7.578400	1
64.353000	166.980000	-7.519500	-7.578200	1
64.340000	167.070000	-6.810700	-7.578300	1
64.326000	167.170000	-2.347700	-7.578200	1
64.313000	167.260000	-5.448100	-7.578200	1
64.299000	167.360000	-3.728000	-7.578300	1
64.285000	167.460000	-2.698100	-7.578200	1
64.271000	167.550000	-5.796000	-7.578200	1
64.258000	167.650000	-6.138700	-7.578200	1
64.244000	167.740000	-6.138700	-7.578200	1
64.230000	167.840000	-6.138800	-7.578200	1
64.216000	167.940000	-3.732300	-7.578200	1
64.201000	168.030000	0.044086	-7.578200	1
64.187000	168.130000	-5.102600	-7.578200	1
64.173000	168.220000	-2.348600	-7.578200	1
64.159000	168.320000	-4.415100	-7.578200	1
64.144000	168.410000	-3.721200	-7.578200	1
64.130000	168.510000	-5.781500	-7.578100	1
64.115000	168.600000	-4.411200	-7.578200	1
64.101000	168.700000	-4.411200	-7.578200	1
64.086000	168.790000	-3.724800	-7.578200	1
64.071000	168.890000	-5.792600	-7.578200	1
64.057000	168.980000	-0.970770	-7.578100	1
64.042000	169.080000	-4.758500	-7.578200	1
65.546000	149.410000	-4.796100	-6.823900	1
65.546000	149.520000	-3.412100	-6.824000	1
65.545000	149.620000	-3.064600	-6.823900	1
65.544000	149.730000	-4.091000	-6.824000	1
65.543000	149.830000	-4.431100	-6.824000	1
65.542000	149.940000	-5.121200	-6.823900	1
65.540000	150.050000	-4.087200	-6.824000	1
65.539000	150.150000	-3.060600	-6.824000	1
65.538000	150.260000	-3.400500	-6.824000	1
65.536000	150.360000	-0.646370	-6.824000	1
65.535000	150.470000	-2.709600	-6.823900	1
65.533000	150.580000	-2.709400	-6.824000	1
65.532000	150.680000	-2.713000	-6.824000	1
65.530000	150.790000	-3.063000	-6.823900	1
65.528000	150.890000	-4.089200	-6.824000	1
65.526000	151.000000	-2.709000	-6.824000	1
65.524000	151.100000	-2.368900	-6.824000	1
65.522000	151.210000	-2.028800	-6.824100	1
65.520000	151.320000	-2.032600	-6.824000	1
65.518000	151.420000	-3.058900	-6.824100	1
65.516000	151.530000	-4.432700	-6.824100	1
65.513000	151.630000	-5.119200	-6.824100	1
65.511000	151.740000	-1.686300	-6.824200	1
64.295000	167.040000	-4.442200	-6.824000	1
64.281000	167.140000	-7.879200	-6.823900	1
64.268000	167.230000	-4.788800	-6.823900	1
64.254000	167.330000	-4.102500	-6.824000	1
64.240000	167.430000	-5.830300	-6.823900	1
64.226000	167.520000	-3.762700	-6.823900	1
64.213000	167.620000	-5.473000	-6.823900	1
64.199000	167.710000	-4.106600	-6.823900	1
64.185000	167.810000	-4.793000	-6.824000	1
64.171000	167.910000	-3.774200	-6.823900	1
64.157000	168.000000	-4.789500	-6.823900	1
64.142000	168.100000	-3.073100	-6.823900	1
64.128000	168.190000	-1.353000	-6.823900	1
64.114000	168.290000	-3.069400	-6.823900	1
64.099000	168.380000	-3.759400	-6.823900	1
64.085000	168.480000	-5.129600	-6.823900	1
64.071000	168.570000	-3.766800	-6.823900	1
64.056000	168.670000	-2.726700	-6.823900	1
64.041000	168.760000	-4.099300	-6.823900	1
64.027000	168.860000	-4.450400	-6.823900	1
64.012000	168.950000	-3.412800	-6.823800	1
63.997000	169.040000	-6.853200	-6.823900	1
65.500000	149.410000	-2.500300	-6.069300	1
65.499000	149.520000	-2.836500	-6.069300	1
65.498000	149.620000	-4.212900	-6.069300	1
65.497000	149.730000	-3.519200	-6.069300	1
65.496000	149.830000	-4.209300	-6.069300	1
65.495000	149.940000	-3.522900	-6.069300	1
65.494000	150.050000	-2.829100	-6.069400	1
65.492000	150.150000	-2.828900	-6.069300	1
65.491000	150.260000	-0.768590	-6.069300	1
65.490000	150.360000	-3.168500	-6.069400	1
65.488000	150.470000	-2.828300	-6.069300	1
65.487000	150.570000	-0.081267	-6.069400	1
65.485000	150.680000	-2.141300	-6.069300	1
65.483000	150.790000	-2.491200	-6.069300	1
65.481000	150.890000	-3.171100	-6.069400	1
65.480000	151.000000	-2.831000	-6.069300	1
65.478000	151.100000	-1.110900	-6.069300	1
65.476000	151.210000	-2.830900	-6.069400	1
65.473000	151.310000	-1.110800	-6.069300	1
65.471000	151.420000	-3.521000	-6.069400	1
65.469000	151.530000	-3.170900	-6.069400	1
65.467000	151.630000	-2.144500	-6.069400	1
65.464000	151.740000	-0.430770	-6.069500	1
65.462000	151.840000	-1.121900	-6.069400	1
65.459000	151.950000	-5.581200	-6.069400	1
65.456000	152.050000	-2.140900	-6.069500	1
65.454000	152.160000	-0.088181	-6.069400	1
65.451000	152.260000	-2.502000	-6.069500	1
65.448000	152.370000	-6.968700	-6.069500	1
64.195000	167.400000	-2.840700	-6.069300	1
64.182000	167.490000	-5.931200	-6.069300	1
64.168000	167.590000	-2.500900	-6.069200	1
64.154000	167.680000	-4.224800	-6.069200	1
64.140000	167.780000	-3.181100	-6.069300	1
64.126000	167.870000	-4.225000	-6.069200	1
64.112000	167.970000	-1.818500	-6.069200	1
64.098000	168.070000	-2.501200	-6.069200	1
64.083000	168.160000	-2.501200	-6.069300	1
64.069000	168.260000	-6.621600	-6.069300	1
64.055000	168.350000	-4.557700	-6.069300	1
64.040000	168.440000	-3.864000	-6.069200	1
64.026000	168.540000	-2.493800	-6.069300	1
64.011000	168.630000	-4.553900	-6.069200	1
63.997000	168.730000	-3.527500	-6.069200	1
63.982000	168.820000	-2.504600	-6.069300	1
63.967000	168.920000	-2.158300	-6.069200	1
63.953000	169.010000	-2.848200	-6.069200	1
65.439000	146.140000	-8.541200	-5.314200	1
65.441000	146.240000	-5.426000	-5.314200	1
65.443000	146.350000	-4.052000	-5.314200	1
65.444000	146.450000	-6.448400	-5.314200	1
65.445000	146.560000	-4.048100	-5.314200	1
65.447000	146.660000	-2.667800	-5.314300	1
65.448000	146.770000	-1.637700	-5.314200	1
65.449000	146.870000	-4.391500	-5.314200	1
65.450000	146.980000	-4.391400	-5.314200	1
65.451000	147.090000	-3.364900	-5.314200	1
65.452000	147.190000	-6.458800	-5.314200	1
65.450000	149.730000	-4.375000	-5.314300	1
65.449000	149.830000	-3.341300	-5.314300	1
65.448000	149.940000	-4.031400	-5.314200	1
65.447000	150.040000	-4.371400	-5.314300	1
65.446000	150.150000	-1.621000	-5.314300	1
65.444000	150.260000	-1.617200	-5.314300	1
65.443000	150.360000	-3.000600	-5.314300	1
65.441000	150.470000	-0.590370	-5.314200	1
65.440000	150.570000	-1.973600	-5.314300	1
65.438000	150.680000	0.776640	-5.314300	1
65.437000	150.780000	-1.619700	-5.314300	1
65.435000	150.890000	-1.279500	-5.314300	1
65.433000	150.990000	-1.969500	-5.314300	1
65.431000	151.100000	-3.343200	-5.314300	1
65.429000	151.210000	-2.313100	-5.314400	1
65.427000	151.310000	-0.593020	-5.314300	1
65.425000	151.420000	-2.313100	-5.314400	1
65.422000	151.520000	-3.003100	-5.314400	1
65.420000	151.630000	-1.623000	-5.314400	1
65.417000	151.730000	-2.313000	-5.314500	1
65.415000	151.840000	-1.634000	-5.314400	1
65.412000	151.940000	-5.066900	-5.314400	1
65.410000	152.050000	-6.104200	-5.314500	1
65.407000	152.150000	-4.737800	-5.314400	1
65.404000	152.260000	-1.973000	-5.314400	1
65.401000	152.360000	-2.664000	-5.314400	1
63.938000	168.790000	-1.632900	-5.314200	1
63.923000	168.890000	-0.259170	-5.314200	1
63.908000	168.980000	-2.322800	-5.314200	1
65.400000	150.040000	-2.800000	-4.559500	1
65.399000	150.150000	-2.109900	-4.559400	1
65.398000	150.260000	-1.429700	-4.559400	1
65.396000	150.360000	-1.429400	-4.559500	1
65.395000	150.470000	-2.462600	-4.559400	1
65.393000	150.570000	0.291220	-4.559500	1
65.392000	150.680000	-1.432300	-4.559400	1
65.390000	150.780000	-1.432200	-4.559400	1
65.388000	150.890000	-2.112100	-4.559500	1
65.386000	150.990000	-2.462100	-4.559400	1
65.384000	151.100000	-1.082000	-4.559400	1
65.382000	151.200000	-0.391880	-4.559500	1
65.380000	151.310000	-1.771900	-4.559400	1
65.378000	151.410000	0.288170	-4.559500	1
65.376000	151.520000	-1.771900	-4.559500	1
65.373000	151.620000	-1.775500	-4.559500	1
65.371000	151.730000	-0.402500	-4.559600	1
65.368000	151.830000	-2.111900	-4.559500	1
65.366000	151.940000	-5.208600	-4.559500	1
65.363000	152.040000	0.284650	-4.559600	1
65.360000	152.150000	-3.495600	-4.559500	1
65.360000	149.410000	-5.137600	-3.803600	1
65.359000	149.520000	-5.474100	-3.803700	1
65.358000	149.620000	-5.820600	-3.803600	1
65.357000	149.730000	-4.780500	-3.803700	1
65.356000	149.830000	-3.070500	-3.803700	1
65.355000	149.940000	-2.720200	-3.803600	1
65.354000	150.040000	-1.690000	-3.803700	1
65.353000	150.150000	-1.689900	-3.803600	1
65.351000	150.250000	-2.039800	-3.803600	1
65.350000	150.360000	-1.689600	-3.803700	1
65.348000	150.460000	-1.349500	-3.803600	1
65.347000	150.570000	-0.999300	-3.803700	1
65.345000	150.670000	-1.349200	-3.803700	1
65.343000	150.780000	0.030882	-3.803600	1
65.342000	150.890000	0.031036	-3.803700	1
65.340000	150.990000	-1.349000	-3.803700	1
65.338000	151.100000	-0.658890	-3.803700	1
65.336000	151.200000	-1.688900	-3.803700	1
65.334000	151.310000	-1.348900	-3.803700	1
65.331000	151.410000	-0.995310	-3.803700	1
65.329000	151.520000	-0.655280	-3.803800	1
65.327000	151.620000	-3.075800	-3.803700	1
65.324000	151.730000	-0.662180	-3.803800	1
65.322000	151.830000	-4.109300	-3.803800	1
63.936000	168.160000	-1.695200	-3.803600	1
63.921000	168.260000	-1.005100	-3.803600	1
63.907000	168.350000	0.364930	-3.803600	1
63.892000	168.440000	1.745100	-3.803600	1
63.878000	168.540000	-0.324950	-3.803600	1
63.863000	168.630000	-0.324850	-3.803600	1
63.849000	168.730000	1.055300	-3.803600	1
63.834000	168.820000	0.365360	-3.803500	1
63.819000	168.910000	0.365500	-3.803600	1
65.309000	149.940000	-1.598700	-3.047500	1
65.307000	150.040000	-1.598600	-3.047600	1
65.306000	150.150000	-0.918460	-3.047600	1
65.305000	150.250000	-0.228300	-3.047600	1
65.303000	150.360000	-0.568130	-3.047600	1
65.302000	150.460000	-0.228030	-3.047500	1
65.300000	150.570000	2.182200	-3.047600	1
65.299000	150.670000	0.462240	-3.047600	1
65.297000	150.780000	2.862400	-3.047600	1
65.295000	150.880000	1.832500	-3.047600	1
65.293000	150.990000	0.462520	-3.047600	1
65.291000	151.090000	1.152600	-3.047600	1
65.289000	151.200000	-0.227370	-3.047600	1
65.287000	151.300000	1.152600	-3.047600	1
65.285000	151.410000	-0.227320	-3.047700	1
65.283000	151.510000	1.496100	-3.047700	1
65.280000	151.620000	-0.920670	-3.047700	1
65.278000	151.720000	-2.290600	-3.047700	1
63.933000	167.850000	-2.296900	-3.047500	1
63.919000	167.940000	-3.323600	-3.047500	1
63.905000	168.040000	-2.643600	-3.047500	1
63.891000	168.130000	0.459890	-3.047500	1
63.877000	168.220000	1.489900	-3.047500	1
63.862000	168.320000	3.889900	-3.047500	1
63.848000	168.410000	1.486700	-3.047500	1
63.834000	168.510000	1.826700	-3.047500	1
63.819000	168.600000	1.146800	-3.047500	1
63.805000	168.700000	0.796930	-3.047500	1
63.790000	168.790000	-0.573000	-3.047500	1
63.775000	168.880000	-0.922880	-3.047500	1
65.257000	146.370000	-9.048700	-2.296100	1
65.259000	146.480000	-2.505000	-2.296000	1
65.260000	146.580000	4.375200	-2.296000	1
65.261000	146.690000	4.375300	-2.296100	1
65.262000	146.790000	2.995300	-2.296000	1
65.263000	146.900000	2.995300	-2.296000	1
65.265000	147.000000	0.242220	-2.296100	1
65.265000	147.110000	2.992300	-2.296000	1
65.266000	147.210000	-2.507700	-2.296100	1
65.267000	147.310000	-10.422000	-2.296000	1
65.268000	147.420000	-6.991000	-2.296000	1
65.261000	150.040000	-1.123400	-2.296100	1
65.260000	150.150000	-1.123400	-2.296100	1
65.259000	150.250000	-0.083206	-2.296100	1
65.257000	150.360000	0.606970	-2.296100	1
65.256000	150.460000	1.637100	-2.296100	1
65.254000	150.570000	2.667300	-2.296100	1
65.253000	150.670000	4.727400	-2.296100	1
65.251000	150.780000	5.417400	-2.296100	1
65.249000	150.880000	4.387600	-2.296100	1
65.247000	150.990000	1.977600	-2.296100	1
65.245000	151.090000	1.287700	-2.296100	1
65.243000	151.200000	1.640900	-2.296200	1
65.241000	151.300000	2.670900	-2.296100	1
65.239000	151.400000	0.607770	-2.296200	1
65.237000	151.510000	1.291000	-2.296200	1
65.234000	151.610000	3.347800	-2.296200	1
65.232000	151.720000	1.977800	-2.296200	1
65.229000	151.820000	3.007800	-2.296200	1
63.945000	167.440000	-4.911300	-2.296000	1
63.931000	167.530000	-4.571300	-2.296000	1
63.917000	167.630000	-1.808100	-2.296100	1
63.903000	167.720000	1.968800	-2.296000	1
63.889000	167.820000	-3.188200	-2.296000	1
63.875000	167.910000	-3.538300	-2.296000	1
63.861000	168.010000	-2.495100	-2.296000	1
63.847000	168.100000	1.281900	-2.296100	1
63.833000	168.190000	2.315000	-2.296000	1
63.818000	168.290000	2.315100	-2.296000	1
63.804000	168.380000	0.945140	-2.296100	1
63.790000	168.480000	1.285200	-2.296000	1
63.775000	168.570000	0.945280	-2.296000	1
63.761000	168.660000	2.662300	-2.296000	1
63.746000	168.760000	1.632400	-2.296000	1
63.731000	168.850000	0.252480	-2.296000	1
65.211000	146.380000	-9.357000	-1.541100	1
65.212000	146.480000	-3.170700	-1.541000	1
65.214000	146.590000	1.989500	-1.541000	1
65.215000	146.690000	1.989500	-1.541100	1
65.216000	146.800000	5.766400	-1.541000	1
65.217000	146.900000	1.986400	-1.541000	1
65.218000	147.000000	4.386500	-1.541100	1
65.219000	147.110000	2.326500	-1.541000	1
65.220000	147.210000	-0.766300	-1.541100	1
65.221000	147.320000	-9.019700	-1.541000	1
65.222000	147.420000	-11.436000	-1.541000	1
65.215000	150.040000	-1.100000	-1.541100	1
65.214000	150.150000	0.970050	-1.541100	1
65.212000	150.250000	1.310200	-1.541100	1
65.211000	150.360000	1.310300	-1.541100	1
65.209000	150.460000	0.280380	-1.541100	1
65.208000	150.570000	5.093500	-1.541100	1
65.206000	150.670000	4.403600	-1.541100	1
65.204000	150.770000	7.500800	-1.541100	1
65.203000	150.880000	5.783800	-1.541100	1
65.201000	150.980000	3.373900	-1.541100	1
65.199000	151.090000	3.723900	-1.541100	1
65.197000	151.190000	2.684000	-1.541200	1
65.195000	151.300000	4.404000	-1.541100	1
65.192000	151.400000	3.034000	-1.541100	1
65.190000	151.510000	3.724100	-1.541200	1
65.188000	151.610000	3.724100	-1.541200	1
65.185000	151.710000	5.094100	-1.541200	1
65.183000	151.820000	3.034100	-1.541200	1
63.955000	167.030000	4.743000	-1.541100	1
63.941000	167.120000	5.423000	-1.541100	1
63.928000	167.220000	-2.474400	-1.541100	1
63.914000	167.310000	2.675600	-1.541000	1
63.900000	167.410000	4.395500	-1.541000	1
63.887000	167.500000	-1.107600	-1.541000	1
63.873000	167.600000	-2.137600	-1.541100	1
63.859000	167.690000	-1.787700	-1.541000	1
63.845000	167.790000	1.645500	-1.541000	1
63.831000	167.880000	1.645500	-1.541000	1
63.817000	167.970000	3.368400	-1.541000	1
63.803000	168.070000	5.428400	-1.541000	1
63.788000	168.160000	6.808500	-1.541000	1
63.774000	168.260000	1.998400	-1.541000	1
63.760000	168.350000	2.338500	-1.541000	1
63.745000	168.440000	1.648600	-1.541000	1
63.731000	168.540000	1.308700	-1.541000	1
63.716000	168.630000	2.678800	-1.541000	1
63.702000	168.730000	1.998900	-1.541000	1
63.687000	168.820000	1.996100	-1.541000	1
65.166000	146.490000	-7.313300	-0.792410	1
65.168000	146.590000	-3.180400	-0.792400	1
65.169000	146.700000	4.039800	-0.792470	1
65.170000	146.800000	2.999800	-0.792430	1
65.171000	146.910000	4.039900	-0.792420	1
65.172000	147.010000	6.099900	-0.792490	1
65.173000	147.110000	6.790000	-0.792390	1
65.174000	147.220000	8.850100	-0.792480	1
65.175000	147.320000	-8.345600	-0.792450	1
65.175000	147.430000	-12.134000	-0.792410	1
65.176000	147.530000	-10.079000	-0.792500	1
65.169000	150.040000	0.952540	-0.792520	1
65.167000	150.150000	1.982600	-0.792460	1
65.166000	150.250000	1.642700	-0.792440	1
65.165000	150.350000	0.615550	-0.792520	1
65.163000	150.460000	0.955640	-0.792420	1
65.162000	150.560000	4.735800	-0.792470	1
65.160000	150.670000	9.215900	-0.792460	1
65.158000	150.770000	5.086000	-0.792400	1
65.157000	150.880000	8.186100	-0.792480	1
65.155000	150.980000	8.526200	-0.792440	1
65.153000	151.090000	6.466200	-0.792410	1
65.151000	151.190000	7.496300	-0.792500	1
65.149000	151.290000	6.116300	-0.792410	1
65.146000	151.400000	7.146300	-0.792470	1
65.144000	151.500000	4.396300	-0.792530	1
65.142000	151.610000	7.836300	-0.792490	1
65.139000	151.710000	8.176400	-0.792560	1
65.137000	151.820000	8.866400	-0.792520	1
65.134000	151.920000	-0.073654	-0.792510	1
63.856000	167.380000	2.318100	-0.792420	1
63.842000	167.470000	9.898000	-0.792360	1
63.829000	167.570000	6.798000	-0.792410	1
63.815000	167.660000	12.648000	-0.792370	1
63.801000	167.760000	11.268000	-0.792330	1
63.787000	167.850000	7.827900	-0.792400	1
63.773000	167.940000	9.207800	-0.792380	1
63.759000	168.040000	11.268000	-0.792370	1
63.744000	168.130000	12.298000	-0.792380	1
63.730000	168.230000	4.387900	-0.792310	1
63.716000	168.320000	4.388000	-0.792380	1
63.701000	168.410000	4.728000	-0.792380	1
63.687000	168.510000	-0.421960	-0.792320	1
63.672000	168.600000	1.978200	-0.792370	1
63.658000	168.690000	5.078300	-0.792340	1
63.643000	168.790000	4.045700	-0.792340	1
65.119000	146.390000	-0.256910	0.118110	1
65.120000	146.490000	-3.691800	0.118450	1
65.122000	146.600000	8.688400	0.118150	1
65.123000	146.700000	4.218400	0.118550	1
65.124000	146.810000	9.381100	0.118600	1
65.125000	146.910000	7.321100	0.118390	1
65.126000	147.010000	12.821000	0.118870	1
65.127000	147.120000	5.591300	0.118620	1
65.128000	147.220000	1.808700	0.118670	1
65.129000	147.330000	-6.441400	0.118990	1
65.117000	150.460000	17.301000	0.118230	1
65.116000	150.560000	10.421000	0.118060	1
65.114000	150.670000	9.730700	0.118410	1
65.112000	150.770000	9.040800	0.117970	1
65.110000	150.870000	10.081000	0.118130	1
65.109000	150.980000	9.041000	0.118250	1
65.107000	151.080000	6.293600	0.117830	1
65.105000	151.190000	16.274000	0.118190	1
65.103000	151.290000	6.293700	0.118010	1
65.100000	151.390000	7.673700	0.117840	1
65.098000	151.500000	9.733800	0.118240	1
65.096000	151.600000	11.804000	0.117850	1
65.093000	151.710000	14.204000	0.117980	1
65.091000	151.810000	11.114000	0.118140	1
65.088000	151.920000	14.554000	0.117720	1
65.086000	152.020000	-0.926220	0.118080	1
63.785000	167.540000	16.609000	0.118000	1
63.771000	167.630000	19.019000	0.118190	1
63.757000	167.730000	21.079000	0.117750	1
63.743000	167.820000	17.639000	0.118090	1
63.729000	167.910000	21.079000	0.118010	1
63.715000	168.010000	19.019000	0.117750	1
63.700000	168.100000	17.639000	0.118150	1
63.686000	168.190000	4.568700	0.117770	1
63.672000	168.290000	0.096108	0.117850	1
63.657000	168.380000	6.976200	0.118090	1
63.643000	168.480000	6.976300	0.117650	1
63.629000	168.570000	7.666500	0.118040	1
63.614000	168.660000	4.906600	0.117990	1
63.599000	168.750000	5.256700	0.117690	1
65.074000	146.500000	-3.227500	0.733130	1
65.075000	146.600000	10.173000	0.733030	1
65.076000	146.710000	10.513000	0.733110	1
65.078000	146.810000	-0.134670	0.733150	1
65.079000	146.910000	6.055400	0.733100	1
65.080000	147.020000	12.585000	0.733180	1
65.081000	147.120000	6.055600	0.733200	1
65.082000	147.230000	-0.477090	0.733120	1
65.082000	147.330000	-1.166900	0.733270	1
65.083000	147.430000	-7.359800	0.733170	1
65.072000	150.350000	1.598100	0.733030	1
65.071000	150.460000	3.998300	0.733050	1
65.069000	150.560000	4.351000	0.732950	1
65.068000	150.660000	9.158500	0.733080	1
65.066000	150.770000	6.748600	0.732990	1
65.064000	150.870000	3.658600	0.732960	1
65.062000	150.980000	4.691400	0.733050	1
65.060000	151.080000	6.071500	0.732930	1
65.058000	151.180000	7.101500	0.732960	1
65.056000	151.290000	5.031500	0.733000	1
65.054000	151.390000	8.131500	0.732860	1
65.052000	151.500000	6.751600	0.732950	1
65.049000	151.600000	6.071500	0.732850	1
65.047000	151.700000	6.411600	0.732830	1
65.045000	151.810000	5.721600	0.732910	1
65.042000	151.910000	8.471600	0.732800	1
65.039000	152.010000	5.381600	0.732840	1
63.726000	167.600000	11.563000	0.733090	1
63.712000	167.690000	12.243000	0.732990	1
63.698000	167.790000	8.803300	0.733020	1
63.684000	167.880000	14.663000	0.733030	1
63.670000	167.980000	16.383000	0.732940	1
63.656000	168.070000	16.723000	0.733060	1
63.642000	168.160000	4.343300	0.733010	1
63.628000	168.260000	0.900660	0.732960	1
63.613000	168.350000	7.433500	0.733040	1
63.599000	168.440000	10.181000	0.732960	1
63.584000	168.540000	5.371000	0.733040	1
63.570000	168.630000	8.463800	0.733050	1
63.555000	168.720000	0.898490	0.732950	1
65.029000	146.610000	-0.092193	1.488000	1
65.030000	146.710000	3.340800	1.488100	1
65.031000	146.810000	-0.779210	1.488100	1
65.032000	146.920000	2.650800	1.488100	1
65.033000	147.020000	6.093800	1.488100	1
65.034000	147.130000	5.404000	1.488200	1
65.035000	147.230000	3.001100	1.488100	1
65.036000	147.330000	-3.878800	1.488200	1
65.037000	147.440000	-7.317900	1.488200	1
65.037000	147.540000	-6.627700	1.488200	1
65.038000	147.650000	-5.947600	1.488200	1
65.031000	149.930000	1.291000	1.488100	1
65.030000	150.040000	0.600990	1.488000	1
65.029000	150.140000	-0.078914	1.488100	1
65.027000	150.250000	1.634000	1.488000	1
65.026000	150.350000	1.634100	1.488100	1
65.024000	150.450000	1.984200	1.488100	1
65.023000	150.560000	1.984300	1.488000	1
65.021000	150.660000	4.384500	1.488100	1
65.019000	150.770000	2.324500	1.488000	1
65.018000	150.870000	1.984600	1.488000	1
65.016000	150.970000	2.664700	1.488100	1
65.014000	151.080000	6.104700	1.488000	1
65.012000	151.180000	6.794800	1.488000	1
65.010000	151.280000	3.354800	1.488000	1
65.007000	151.390000	4.044700	1.487900	1
65.005000	151.490000	4.384800	1.488000	1
65.003000	151.600000	3.704800	1.487900	1
65.000000	151.700000	1.294800	1.487900	1
64.998000	151.800000	1.294800	1.487900	1
64.995000	151.910000	2.664800	1.487900	1
64.993000	152.010000	4.387800	1.487900	1
64.990000	152.110000	1.987800	1.487900	1
63.696000	167.480000	0.262570	1.488000	1
63.682000	167.570000	2.662600	1.488100	1
63.668000	167.660000	1.982500	1.488100	1
63.654000	167.760000	5.762600	1.488100	1
63.640000	167.850000	3.702500	1.488100	1
63.626000	167.950000	5.762500	1.488000	1
63.612000	168.040000	9.542600	1.488100	1
63.597000	168.130000	3.702600	1.488100	1
63.583000	168.230000	-0.770360	1.488000	1
63.569000	168.320000	-0.770240	1.488100	1
63.554000	168.410000	-1.797300	1.488000	1
63.540000	168.500000	2.660000	1.488100	1
63.525000	168.600000	3.010200	1.488100	1
63.511000	168.690000	-1.122700	1.488000	1
64.986000	149.830000	0.493690	2.237200	1
64.985000	149.930000	-0.886340	2.237200	1
64.984000	150.040000	1.176800	2.237100	1
64.983000	150.140000	0.146910	2.237200	1
64.981000	150.240000	-1.223100	2.237100	1
64.980000	150.350000	-0.883040	2.237100	1
64.978000	150.450000	-0.879800	2.237200	1
64.977000	150.560000	0.840270	2.237100	1
64.975000	150.660000	1.870500	2.237200	1
64.973000	150.760000	0.150510	2.237100	1
64.972000	150.870000	2.900600	2.237100	1
64.970000	150.970000	4.280700	2.237200	1
64.968000	151.070000	4.280700	2.237100	1
64.966000	151.180000	3.590800	2.237100	1
64.964000	151.280000	2.560800	2.237100	1
64.961000	151.380000	4.620800	2.237000	1
64.959000	151.490000	2.210800	2.237100	1
64.957000	151.590000	0.840760	2.237000	1
64.955000	151.690000	3.240800	2.237000	1
64.952000	151.800000	2.210800	2.237000	1
64.949000	151.900000	1.870800	2.237000	1
64.947000	152.010000	2.210900	2.237000	1
64.944000	152.110000	3.590900	2.237000	1
64.941000	152.210000	4.280900	2.236900	1
64.938000	152.320000	-1.215900	2.237000	1
63.638000	167.540000	1.525600	2.237200	1
63.624000	167.630000	-0.884510	2.237100	1
63.610000	167.730000	-0.541390	2.237100	1
63.596000	167.820000	0.835490	2.237200	1
63.582000	167.910000	2.205500	2.237100	1
63.568000	168.010000	2.895500	2.237200	1
63.554000	168.100000	-3.634600	2.237200	1
63.539000	168.190000	-2.941400	2.237100	1
63.525000	168.290000	3.238900	2.237200	1
63.511000	168.380000	-1.224300	2.237100	1
63.496000	168.470000	0.145870	2.237200	1
63.482000	168.570000	1.529200	2.237200	1
63.467000	168.660000	-4.327100	2.237100	1
64.940000	149.830000	-0.258860	2.993400	1
64.939000	149.930000	0.434470	2.993400	1
64.937000	150.040000	-1.625600	2.993300	1
64.936000	150.140000	0.437900	2.993400	1
64.935000	150.240000	-0.592140	2.993300	1
64.933000	150.350000	-1.282000	2.993400	1
64.932000	150.450000	-0.591920	2.993400	1
64.930000	150.550000	-1.625200	2.993300	1
64.929000	150.660000	-3.005100	2.993400	1
64.927000	150.760000	-0.591630	2.993400	1
64.925000	150.860000	0.778470	2.993300	1
64.923000	150.970000	2.158600	2.993400	1
64.921000	151.070000	2.498600	2.993300	1
64.919000	151.170000	1.468600	2.993300	1
64.917000	151.280000	-0.251330	2.993400	1
64.915000	151.380000	0.438600	2.993200	1
64.913000	151.480000	1.808700	2.993300	1
64.910000	151.590000	-0.251380	2.993200	1
64.908000	151.690000	1.468700	2.993200	1
64.906000	151.790000	1.808700	2.993300	1
64.903000	151.900000	1.468700	2.993200	1
64.900000	152.000000	-0.591290	2.993200	1
64.898000	152.100000	-0.591240	2.993300	1
64.895000	152.210000	0.088752	2.993200	1
64.892000	152.310000	3.868900	2.993300	1
64.889000	152.410000	1.128900	2.993200	1
64.886000	152.520000	-7.128200	2.993200	1
63.607000	167.420000	-1.626700	2.993400	1
63.593000	167.510000	-1.286700	2.993400	1
63.579000	167.600000	0.083303	2.993400	1
63.566000	167.700000	-0.943430	2.993400	1
63.552000	167.790000	-0.256730	2.993400	1
63.537000	167.880000	-0.256780	2.993300	1
63.523000	167.980000	1.803300	2.993400	1
63.509000	168.070000	-1.286700	2.993400	1
63.495000	168.160000	-0.596670	2.993300	1
63.481000	168.260000	4.903600	2.993400	1
63.466000	168.350000	-2.316500	2.993400	1
63.452000	168.440000	-2.319700	2.993400	1
63.437000	168.530000	1.123900	2.993400	1
63.423000	168.630000	0.774000	2.993300	1
64.891000	150.030000	-1.666500	3.748300	1
64.890000	150.140000	-4.076500	3.748400	1
64.888000	150.240000	-1.662900	3.748300	1
64.887000	150.340000	-3.042800	3.748400	1
64.885000	150.450000	-4.072800	3.748400	1
64.884000	150.550000	-2.692700	3.748300	1
64.882000	150.650000	-3.039100	3.748400	1
64.881000	150.760000	-1.318900	3.748400	1
64.879000	150.860000	-0.628840	3.748300	1
64.877000	150.960000	0.401300	3.748400	1
64.875000	151.070000	-0.628740	3.748300	1
64.873000	151.170000	-0.635440	3.748300	1
64.871000	151.270000	-1.322000	3.748400	1
64.869000	151.380000	-0.632010	3.748200	1
64.866000	151.480000	1.778100	3.748300	1
64.864000	151.580000	-1.662000	3.748200	1
64.862000	151.690000	-2.699000	3.748200	1
64.859000	151.790000	1.774700	3.748300	1
64.857000	151.890000	-0.975390	3.748200	1
64.854000	152.000000	0.058138	3.748200	1
64.851000	152.100000	0.058191	3.748300	1
64.849000	152.200000	-1.661900	3.748200	1
64.846000	152.300000	-1.321800	3.748300	1
64.843000	152.410000	0.738260	3.748200	1
64.840000	152.510000	-0.628290	3.748200	1
64.837000	152.610000	-0.288240	3.748300	1
64.834000	152.720000	-0.288270	3.748200	1
64.830000	152.820000	-4.068500	3.748300	1
63.563000	167.390000	-2.697400	3.748400	1
63.549000	167.480000	-2.017300	3.748400	1
63.535000	167.570000	-0.637360	3.748400	1
63.521000	167.670000	-0.293910	3.748400	1
63.507000	167.760000	-1.667400	3.748400	1
63.493000	167.850000	1.082600	3.748300	1
63.479000	167.950000	0.052697	3.748400	1
63.465000	168.040000	2.112800	3.748400	1
63.451000	168.130000	-2.357300	3.748300	1
63.436000	168.220000	0.732950	3.748400	1
63.422000	168.320000	1.776500	3.748400	1
63.408000	168.410000	-0.976860	3.748400	1
63.393000	168.500000	-2.356800	3.748400	1
63.379000	168.600000	-2.696700	3.748300	1
64.846000	149.930000	-0.808610	4.502000	1
64.845000	150.030000	-3.558800	4.502000	1
64.843000	150.140000	-3.555100	4.502000	1
64.842000	150.240000	-3.555100	4.501900	1
64.841000	150.340000	-1.831300	4.502000	1
64.839000	150.450000	-0.804760	4.502000	1
64.838000	150.550000	-0.454700	4.501900	1
64.836000	150.650000	1.255500	4.502000	1
64.834000	150.750000	-1.144500	4.502000	1
64.832000	150.860000	-2.524500	4.502000	1
64.831000	150.960000	-2.170800	4.502000	1
64.829000	151.060000	-1.494300	4.501900	1
64.827000	151.170000	-2.170800	4.502000	1
64.824000	151.270000	-1.830700	4.502000	1
64.822000	151.370000	-2.864400	4.501900	1
64.820000	151.480000	-0.450680	4.501900	1
64.818000	151.580000	-1.490700	4.501900	1
64.815000	151.680000	-0.800690	4.501900	1
64.813000	151.780000	-1.837800	4.501900	1
64.810000	151.890000	4.002400	4.501800	1
64.808000	151.990000	1.605900	4.501800	1
64.805000	152.090000	3.326000	4.501900	1
64.802000	152.200000	1.256000	4.501800	1
64.799000	152.300000	-2.524100	4.501900	1
64.796000	152.400000	-2.860500	4.501900	1
64.793000	152.500000	-2.860500	4.501800	1
64.790000	152.610000	-2.170400	4.501900	1
64.787000	152.710000	-2.174000	4.501900	1
64.784000	152.810000	1.252800	4.501900	1
63.572000	166.980000	1.933900	4.502000	1
63.559000	167.070000	-2.536300	4.502000	1
63.545000	167.170000	-1.152700	4.502000	1
63.532000	167.260000	-1.842800	4.502000	1
63.518000	167.360000	-2.869400	4.502000	1
63.504000	167.450000	-3.899500	4.502000	1
63.491000	167.540000	-1.839400	4.502000	1
63.477000	167.640000	-1.149400	4.502000	1
63.463000	167.730000	-0.119320	4.502000	1
63.449000	167.820000	1.250700	4.502000	1
63.435000	167.910000	-0.809260	4.502000	1
63.421000	168.010000	-2.529300	4.502000	1
63.406000	168.100000	0.910870	4.502000	1
63.392000	168.190000	2.291000	4.502000	1
63.378000	168.290000	1.941100	4.502000	1
63.364000	168.380000	-0.118790	4.502000	1
63.349000	168.470000	-1.148700	4.502000	1
63.335000	168.560000	-3.902300	4.502000	1
64.799000	149.930000	-1.330600	5.256900	1
64.798000	150.030000	-3.723600	5.256800	1
64.797000	150.130000	-2.693400	5.256900	1
64.795000	150.240000	-3.387100	5.256800	1
64.794000	150.340000	-3.043300	5.256900	1
64.793000	150.440000	-3.043200	5.256900	1
64.791000	150.550000	-4.073200	5.256800	1
64.789000	150.650000	-4.069400	5.256900	1
64.788000	150.750000	-3.733000	5.256800	1
64.786000	150.850000	-3.732900	5.256800	1
64.784000	150.960000	-3.042700	5.256900	1
64.782000	151.060000	-1.662700	5.256800	1
64.780000	151.160000	-1.322600	5.256800	1
64.778000	151.270000	-3.039100	5.256800	1
64.776000	151.370000	-2.702700	5.256700	1
64.774000	151.470000	-2.352600	5.256800	1
64.771000	151.570000	-3.042700	5.256700	1
64.769000	151.680000	-2.012600	5.256700	1
64.766000	151.780000	-2.702600	5.256700	1
64.764000	151.880000	-4.759100	5.256700	1
64.761000	151.990000	-5.463700	5.256700	1
64.758000	152.090000	-3.049800	5.256700	1
64.756000	152.190000	-2.012500	5.256700	1
64.753000	152.290000	-2.352400	5.256800	1
64.750000	152.400000	-1.662400	5.256700	1
64.747000	152.500000	-3.732500	5.256700	1
64.744000	152.600000	-0.632250	5.256800	1
64.741000	152.700000	-1.662300	5.256700	1
64.738000	152.810000	-2.359600	5.256700	1
64.734000	152.910000	-6.836400	5.256800	1
63.555000	166.760000	-3.054600	5.256800	1
63.541000	166.860000	-4.081100	5.256800	1
63.528000	166.950000	-2.711000	5.256900	1
63.514000	167.040000	-2.021100	5.256900	1
63.501000	167.140000	-3.391200	5.256900	1
63.487000	167.230000	-0.991090	5.256900	1
63.474000	167.330000	-3.744900	5.256800	1
63.460000	167.420000	-4.077600	5.256900	1
63.446000	167.510000	-4.077700	5.256800	1
63.432000	167.600000	-2.017600	5.256800	1
63.418000	167.700000	-0.987480	5.256900	1
63.404000	167.790000	-2.017500	5.256800	1
63.390000	167.880000	-0.987430	5.256900	1
63.376000	167.980000	-3.047500	5.256800	1
63.362000	168.070000	-2.357400	5.256800	1
63.348000	168.160000	0.729210	5.256900	1
63.334000	168.250000	-2.020800	5.256800	1
63.319000	168.350000	-2.017000	5.256900	1
63.305000	168.440000	-3.046900	5.256900	1
63.290000	168.530000	-2.016800	5.256800	1
64.754000	149.820000	-3.906700	6.010800	1
64.753000	149.930000	-3.566700	6.010800	1
64.751000	150.030000	-2.536600	6.010800	1
64.750000	150.130000	-1.152800	6.010800	1
64.749000	150.240000	-3.562900	6.010800	1
64.747000	150.340000	-3.209100	6.010800	1
64.746000	150.440000	-2.529000	6.010800	1
64.744000	150.540000	-3.209000	6.010800	1
64.743000	150.650000	-4.929000	6.010800	1
64.741000	150.750000	-3.558800	6.010800	1
64.739000	150.850000	-2.528600	6.010800	1
64.737000	150.950000	-3.204900	6.010800	1
64.735000	151.060000	-2.178500	6.010800	1
64.733000	151.160000	-3.208500	6.010800	1
64.731000	151.260000	-1.838400	6.010800	1
64.729000	151.370000	-1.148500	6.010700	1
64.727000	151.470000	-1.838500	6.010700	1
64.725000	151.570000	-2.178500	6.010700	1
64.722000	151.670000	-0.804690	6.010700	1
64.720000	151.780000	-0.808340	6.010700	1
64.717000	151.880000	-0.118300	6.010700	1
64.715000	151.980000	-0.808280	6.010700	1
64.712000	152.080000	0.571820	6.010700	1
64.709000	152.190000	-2.185700	6.010600	1
64.706000	152.290000	-2.528200	6.010700	1
64.703000	152.390000	-3.208300	6.010700	1
64.700000	152.490000	-2.868300	6.010700	1
64.697000	152.600000	1.602000	6.010700	1
64.694000	152.700000	-0.815440	6.010700	1
64.691000	152.800000	-1.845500	6.010700	1
64.688000	152.900000	-5.622100	6.010800	1
63.601000	166.080000	-6.324000	6.010900	1
63.588000	166.170000	-4.260200	6.010900	1
63.575000	166.260000	-1.853800	6.010800	1
63.562000	166.360000	-4.604000	6.010800	1
63.549000	166.450000	-4.944200	6.010800	1
63.536000	166.550000	-1.513900	6.010800	1
63.523000	166.640000	-1.514000	6.010800	1
63.510000	166.730000	-2.540500	6.010800	1
63.497000	166.830000	-2.880500	6.010800	1
63.483000	166.920000	-2.536800	6.010800	1
63.470000	167.010000	-1.164100	6.010800	1
63.456000	167.110000	-4.608100	6.010800	1
63.443000	167.200000	-4.940800	6.010800	1
63.429000	167.290000	-5.287200	6.010800	1
63.415000	167.390000	-6.317300	6.010900	1
63.402000	167.480000	-3.559700	6.010800	1
63.388000	167.570000	-1.503200	6.010800	1
63.374000	167.670000	-2.873300	6.010800	1
63.360000	167.760000	0.216910	6.010800	1
63.346000	167.850000	-2.536900	6.010800	1
63.332000	167.950000	-2.533200	6.010800	1
63.318000	168.040000	-2.533100	6.010800	1
63.303000	168.130000	2.277200	6.010800	1
63.289000	168.220000	-0.809100	6.010800	1
63.275000	168.310000	-3.216500	6.010800	1
63.260000	168.410000	-3.906400	6.010800	1
63.246000	168.500000	-3.906300	6.010800	1
64.702000	150.230000	-1.103600	6.762700	1
64.701000	150.340000	-4.533800	6.762800	1
64.699000	150.440000	-3.849900	6.762800	1
64.698000	150.540000	-4.189900	6.762800	1
64.696000	150.640000	-3.499700	6.762800	1
64.694000	150.750000	-3.499600	6.762800	1
64.693000	150.850000	-1.779400	6.762800	1
64.691000	150.950000	-2.129300	6.762800	1
64.689000	151.050000	-2.465600	6.762800	1
64.687000	151.160000	-1.779200	6.762800	1
64.685000	151.260000	-2.465600	6.762800	1
64.683000	151.360000	-2.469300	6.762700	1
64.680000	151.460000	-3.159300	6.762700	1
64.678000	151.570000	-3.159400	6.762700	1
64.676000	151.670000	-1.439200	6.762700	1
64.673000	151.770000	-4.529400	6.762700	1
64.671000	151.870000	-4.540500	6.762700	1
64.668000	151.980000	-1.110200	6.762700	1
64.665000	152.080000	-2.144000	6.762700	1
64.663000	152.180000	-2.132800	6.762600	1
64.660000	152.280000	-3.159100	6.762700	1
63.505000	166.420000	-4.541300	6.762800	1
63.492000	166.520000	-1.809700	6.762800	1
63.478000	166.610000	-2.144900	6.762800	1
63.465000	166.700000	-4.545100	6.762800	1
63.452000	166.800000	-1.451200	6.762800	1
63.438000	166.890000	-0.084821	6.762800	1
63.425000	166.980000	-3.515100	6.762800	1
63.412000	167.080000	-6.619200	6.762800	1
63.398000	167.170000	-5.575300	6.762800	1
63.384000	167.260000	-3.854000	6.762800	1
63.371000	167.360000	-3.504000	6.762800	1
63.357000	167.450000	-3.850300	6.762800	1
63.343000	167.540000	-3.164000	6.762800	1
63.329000	167.640000	-2.473900	6.762800	1
63.315000	167.730000	0.616270	6.762800	1
63.301000	167.820000	-2.813900	6.762800	1
63.287000	167.910000	-1.443700	6.762800	1
63.273000	168.010000	-4.193900	6.762800	1
63.259000	168.100000	-2.133600	6.762800	1
63.245000	168.190000	-2.469800	6.762800	1
63.231000	168.280000	-5.917500	6.762800	1
63.216000	168.380000	-4.887200	6.762800	1
63.202000	168.470000	-1.443100	6.762800	1
64.655000	150.230000	-1.287700	7.522300	1
64.654000	150.330000	-4.034100	7.522400	1
64.652000	150.440000	-4.030300	7.522400	1
64.651000	150.540000	-4.030200	7.522400	1
64.649000	150.640000	-2.996200	7.522400	1
64.647000	150.740000	-2.656100	7.522400	1
64.646000	150.850000	-1.625900	7.522400	1
64.644000	150.950000	-0.595800	7.522400	1
64.642000	151.050000	-1.629600	7.522400	1
64.640000	151.150000	-1.625800	7.522400	1
64.638000	151.250000	-1.965800	7.522400	1
64.635000	151.360000	-4.029800	7.522300	1
64.633000	151.460000	-3.349700	7.522300	1
64.631000	151.560000	-2.655900	7.522300	1
64.629000	151.660000	-2.992200	7.522300	1
64.626000	151.770000	-3.693400	7.522300	1
64.624000	151.870000	-4.376000	7.522300	1
64.621000	151.970000	0.094382	7.522300	1
64.618000	152.070000	-7.133900	7.522300	1
64.616000	152.170000	0.773250	7.522200	1
64.613000	152.280000	-2.663100	7.522300	1
64.610000	152.380000	-1.969400	7.522300	1
64.607000	152.480000	-1.969300	7.522300	1
64.604000	152.580000	-4.379500	7.522300	1
63.459000	166.390000	-4.731600	7.522400	1
63.446000	166.490000	-0.615030	7.522400	1
63.433000	166.580000	-2.678900	7.522400	1
63.420000	166.670000	-1.637700	7.522400	1
63.407000	166.770000	0.074932	7.522400	1
63.393000	166.860000	-1.652700	7.522400	1
63.380000	166.950000	-6.115600	7.522400	1
63.366000	167.050000	-6.788300	7.522400	1
63.353000	167.140000	-4.388000	7.522400	1
63.339000	167.230000	-3.354100	7.522400	1
63.326000	167.330000	-1.630300	7.522400	1
63.312000	167.420000	-5.064400	7.522400	1
63.298000	167.510000	-3.000400	7.522400	1
63.284000	167.600000	-0.600220	7.522400	1
63.270000	167.700000	-2.656600	7.522400	1
63.256000	167.790000	-1.280200	7.522400	1
63.242000	167.880000	-3.350300	7.522400	1
63.228000	167.970000	-2.310200	7.522400	1
63.214000	168.070000	-4.033900	7.522400	1
63.200000	168.160000	-4.033900	7.522400	1
63.186000	168.250000	-4.380000	7.522400	1
63.171000	168.340000	-4.723700	7.522400	1
63.157000	168.430000	-1.637100	7.522300	1
64.607000	150.330000	-1.950400	8.275800	1
64.605000	150.430000	-1.946500	8.275800	1
64.604000	150.540000	-3.666700	8.275800	1
64.602000	150.640000	-2.636400	8.275800	1
64.600000	150.740000	-3.318900	8.275800	1
64.599000	150.840000	-1.252300	8.275800	1
64.597000	150.940000	-1.248500	8.275800	1
64.595000	151.050000	-0.554740	8.275800	1
64.593000	151.150000	-1.942300	8.275800	1
64.591000	151.250000	-0.558450	8.275800	1
64.589000	151.350000	-2.286100	8.275700	1
64.586000	151.450000	-1.946000	8.275700	1
64.584000	151.560000	-2.972400	8.275700	1
64.582000	151.660000	-4.692600	8.275700	1
64.579000	151.760000	-5.042600	8.275700	1
63.267000	167.390000	-1.252800	8.275800	1
63.253000	167.480000	-3.670600	8.275800	1
63.240000	167.570000	-0.562770	8.275800	1
63.226000	167.670000	-2.286600	8.275800	1
63.212000	167.760000	-1.946500	8.275800	1
63.198000	167.850000	-0.916440	8.275800	1
63.184000	167.940000	-1.946400	8.275700	1
63.169000	168.040000	-4.012800	8.275800	1
63.155000	168.130000	-5.050400	8.275800	1
63.141000	168.220000	-2.636200	8.275800	1
63.127000	168.310000	-1.596000	8.275800	1
63.112000	168.400000	-3.329800	8.275700	1
64.559000	150.330000	-2.200800	9.034700	1
64.558000	150.430000	-0.819320	9.034700	1
64.556000	150.530000	-3.569500	9.034700	1
64.555000	150.630000	-1.495400	9.034700	1
64.553000	150.740000	-0.469010	9.034700	1
64.551000	150.840000	-1.162800	9.034700	1
64.549000	150.940000	-1.852700	9.034700	1
64.547000	151.040000	-0.815120	9.034700	1
64.545000	151.140000	-2.875200	9.034700	1
64.543000	151.250000	-2.886500	9.034700	1
64.541000	151.350000	-1.158900	9.034600	1
64.539000	151.450000	-0.128790	9.034600	1
64.537000	151.550000	-2.875200	9.034600	1
64.534000	151.650000	-3.565300	9.034600	1
64.532000	151.760000	-5.292600	9.034600	1
64.529000	151.860000	-2.549700	9.034600	1
63.222000	167.360000	-4.253400	9.034700	1
63.208000	167.450000	-3.577100	9.034700	1
63.194000	167.540000	0.203280	9.034700	1
63.180000	167.630000	0.553320	9.034700	1
63.166000	167.730000	-1.162900	9.034700	1
63.152000	167.820000	-3.573100	9.034700	1
63.138000	167.910000	-3.573100	9.034600	1
63.124000	168.000000	-2.542900	9.034700	1
63.110000	168.100000	-4.253000	9.034700	1
63.096000	168.190000	-3.576500	9.034700	1
63.081000	168.280000	-2.542500	9.034700	1
63.067000	168.370000	-4.606500	9.034600	1
64.510000	150.430000	-4.598600	9.789000	1
64.509000	150.530000	-1.508100	9.789000	1
64.507000	150.630000	-1.511200	9.789000	1
64.506000	150.730000	-0.484840	9.789000	1
64.504000	150.830000	-2.541200	9.789000	1
64.502000	150.940000	-3.238700	9.789000	1
64.500000	151.040000	-4.261300	9.789000	1
64.498000	151.140000	-2.541100	9.789000	1
64.496000	151.240000	-2.201000	9.789000	1
64.494000	151.340000	-2.201000	9.788900	1
64.492000	151.450000	-3.907400	9.789000	1
64.489000	151.550000	-4.955100	9.788900	1
64.487000	151.650000	-5.635300	9.788900	1
64.484000	151.750000	-1.854700	9.788900	1
64.482000	151.850000	-1.514700	9.788900	1
64.479000	151.950000	-4.601200	9.788900	1
64.477000	152.060000	-3.234800	9.788900	1
64.474000	152.160000	-3.571100	9.788900	1
64.471000	152.260000	-5.291200	9.788900	1
64.468000	152.360000	-5.988900	9.788900	1
63.190000	167.230000	-5.296000	9.789000	1
63.177000	167.330000	-0.124160	9.789000	1
63.163000	167.420000	-3.564400	9.789000	1
63.149000	167.510000	-4.258300	9.789000	1
63.135000	167.600000	-1.161700	9.789000	1
63.121000	167.700000	-3.571800	9.789000	1
63.107000	167.790000	-3.231900	9.789000	1
63.093000	167.880000	-4.265700	9.789000	1
63.079000	167.970000	-4.601800	9.789000	1
63.065000	168.060000	-3.911600	9.789000	1
63.051000	168.150000	-3.231400	9.789000	1
63.036000	168.250000	-4.605200	9.789000	1
63.022000	168.340000	-7.015800	9.788900	1
64.477000	149.000000	-4.222200	10.547000	1
64.476000	149.100000	-5.935100	10.547000	1
64.476000	149.200000	-4.217900	10.547000	1
64.475000	149.310000	-6.632300	10.547000	1
64.474000	149.410000	-6.282200	10.547000	1
64.473000	149.510000	-7.305000	10.547000	1
64.472000	149.610000	-6.636000	10.547000	1
64.471000	149.710000	-5.236800	10.547000	1
64.470000	149.810000	-5.923100	10.547000	1
64.469000	149.920000	-4.896700	10.547000	1
64.468000	150.020000	-9.033200	10.547000	1
64.467000	150.120000	-9.040600	10.547000	1
64.466000	150.220000	-4.900300	10.547000	1
64.464000	150.320000	-6.960800	10.547000	1
64.463000	150.420000	-4.213800	10.547000	1
64.461000	150.530000	-0.089469	10.547000	1
64.460000	150.630000	0.253100	10.547000	1
64.458000	150.730000	-1.459400	10.547000	1
64.456000	150.830000	-1.805600	10.547000	1
64.454000	150.930000	-3.171900	10.547000	1
64.452000	151.030000	-3.179400	10.547000	1
64.450000	151.140000	-3.519500	10.547000	1
64.448000	151.240000	-0.085310	10.547000	1
64.446000	151.340000	-1.801700	10.547000	1
64.444000	151.440000	-4.213400	10.547000	1
64.442000	151.540000	-3.515700	10.547000	1
64.439000	151.640000	-3.515700	10.547000	1
64.437000	151.740000	-5.239800	10.547000	1
64.434000	151.850000	-5.926100	10.547000	1
64.432000	151.950000	-5.918500	10.547000	1
63.103000	167.480000	-2.490000	10.547000	1
63.090000	167.570000	-3.176300	10.547000	1
63.076000	167.660000	-3.516300	10.547000	1
63.062000	167.760000	-3.512500	10.547000	1
63.048000	167.850000	-4.210100	10.547000	1
63.034000	167.940000	-3.866200	10.547000	1
63.019000	168.030000	-3.866100	10.547000	1
63.005000	168.120000	-4.892400	10.547000	1
62.991000	168.210000	-4.563500	10.547000	1
62.977000	168.300000	-7.307900	10.547000	1
64.430000	148.800000	-6.013900	11.299000	1
64.429000	148.900000	-4.303400	11.299000	1
64.429000	149.000000	-7.044000	11.299000	1
64.428000	149.100000	-6.013700	11.299000	1
64.428000	149.200000	-6.363800	11.299000	1
64.427000	149.300000	-6.367700	11.299000	1
64.426000	149.410000	-6.017600	11.299000	1
64.426000	149.510000	-6.711600	11.299000	1
64.425000	149.610000	-6.013900	11.299000	1
64.424000	149.710000	-7.386700	11.299000	1
64.423000	149.810000	-3.251800	11.299000	1
64.422000	149.910000	-5.322200	11.299000	1
64.421000	150.020000	-4.975900	11.299000	1
64.419000	150.120000	-8.088100	11.299000	1
64.418000	150.220000	-9.451200	11.299000	1
64.417000	150.320000	-8.753300	11.299000	1
64.415000	150.420000	-6.348400	11.299000	1
64.414000	150.520000	-4.303000	11.299000	1
64.412000	150.620000	-1.900100	11.299000	1
64.410000	150.730000	-2.232500	11.299000	1
64.408000	150.830000	-2.213500	11.299000	1
64.407000	150.930000	-2.571100	11.299000	1
64.405000	151.030000	-2.567200	11.299000	1
64.403000	151.130000	-3.593600	11.299000	1
64.401000	151.230000	-2.567200	11.299000	1
64.398000	151.330000	-4.627600	11.299000	1
64.396000	151.440000	-3.597400	11.299000	1
64.394000	151.540000	-4.963900	11.299000	1
64.392000	151.640000	-5.661600	11.299000	1
64.389000	151.740000	-6.680500	11.299000	1
64.370000	150.220000	-6.083700	12.054000	1
64.369000	150.320000	-7.110100	12.054000	1
64.367000	150.420000	-4.359300	12.054000	1
64.366000	150.520000	-6.427100	12.054000	1
64.364000	150.620000	-7.124900	12.054000	1
64.362000	150.720000	-2.982500	12.054000	1
64.360000	150.820000	-1.608500	12.054000	1
64.359000	150.920000	-3.324800	12.054000	1
64.357000	151.030000	-4.015000	12.054000	1
64.355000	151.130000	-3.657300	12.054000	1
64.353000	151.230000	-3.324900	12.054000	1
64.350000	151.330000	-5.048900	12.054000	1
64.348000	151.430000	-4.015100	12.054000	1
64.346000	151.530000	-3.668700	12.054000	1
64.344000	151.630000	-5.733000	12.054000	1
64.341000	151.730000	-6.075500	12.054000	1
63.120000	166.680000	-5.728900	12.054000	1
63.107000	166.770000	-1.940800	12.054000	1
63.093000	166.860000	-2.627100	12.054000	1
63.080000	166.960000	-5.717800	12.054000	1
63.067000	167.050000	-7.445800	12.054000	1
63.053000	167.140000	-4.003500	12.054000	1
63.039000	167.230000	-4.691300	12.054000	1
63.026000	167.320000	-3.653500	12.054000	1
63.012000	167.420000	-4.695000	12.054000	1
62.998000	167.510000	-1.596900	12.054000	1
62.984000	167.600000	-3.661000	12.054000	1
62.971000	167.690000	-3.317100	12.054000	1
62.957000	167.780000	-5.041100	12.054000	1
62.943000	167.870000	-4.691500	12.054000	1
62.928000	167.970000	-4.011300	12.054000	1
62.914000	168.060000	-5.725300	12.054000	1
62.900000	168.150000	-6.415400	12.054000	1
62.886000	168.240000	-6.415400	12.054000	1
63.060000	166.740000	-6.366900	12.815000	1
63.047000	166.830000	-5.011600	12.815000	1
63.034000	166.930000	-5.004000	12.815000	1
63.020000	167.020000	-5.340400	12.815000	1
63.007000	167.110000	-5.340300	12.815000	1
62.993000	167.200000	-3.279900	12.815000	1
62.979000	167.290000	-2.939800	12.815000	1
62.966000	167.380000	-2.593600	12.815000	1
62.952000	167.480000	-4.317600	12.815000	1
62.938000	167.570000	-3.973700	12.815000	1
62.924000	167.660000	-3.287300	12.815000	1
62.910000	167.750000	-4.313600	12.815000	1
62.896000	167.840000	-5.007500	12.815000	1
62.882000	167.930000	-5.701400	12.815000	1
62.868000	168.020000	-6.724000	12.815000	1
62.854000	168.110000	-6.041300	12.815000	1
62.840000	168.210000	-5.701100	12.815000	1
64.282000	149.200000	-8.516800	13.574000	1
64.282000	149.300000	-6.795800	13.574000	1
64.281000	149.400000	-7.157400	13.574000	1
64.280000	149.500000	-6.452100	13.574000	1
64.279000	149.600000	-6.459700	13.574000	1
64.278000	149.700000	-8.176800	13.574000	1
64.277000	149.810000	-7.153600	13.574000	1
64.276000	149.910000	-6.803600	13.574000	1
64.275000	150.010000	-6.117000	13.574000	1
64.274000	150.110000	-7.497500	13.574000	1
64.273000	150.210000	-6.803400	13.574000	1
64.271000	150.310000	-6.803300	13.574000	1
64.270000	150.410000	-4.731300	13.574000	1
64.268000	150.510000	-7.482200	13.574000	1
64.267000	150.610000	-8.860300	13.574000	1
64.265000	150.710000	-6.120400	13.574000	1
64.263000	150.820000	-4.731000	13.574000	1
64.261000	150.920000	-3.014300	13.574000	1
64.259000	151.020000	-5.753800	13.574000	1
64.257000	151.120000	-6.086400	13.574000	1
64.255000	151.220000	-4.719700	13.574000	1
64.253000	151.320000	-6.436500	13.574000	1
64.251000	151.420000	-6.444100	13.574000	1
64.249000	151.520000	-6.109000	13.574000	1
64.246000	151.620000	-6.447800	13.574000	1
64.244000	151.720000	-6.788000	13.574000	1
64.241000	151.820000	-6.090100	13.574000	1
63.014000	166.710000	-4.383700	13.574000	1
63.000000	166.800000	-5.757700	13.574000	1
62.987000	166.890000	-6.090400	13.574000	1
62.973000	166.990000	-4.044900	13.574000	1
62.960000	167.080000	-4.033500	13.574000	1
62.946000	167.170000	-3.353400	13.574000	1
62.933000	167.260000	-3.357000	13.574000	1
62.919000	167.350000	-4.041000	13.574000	1
62.905000	167.440000	-3.007000	13.574000	1
62.892000	167.530000	-3.697100	13.574000	1
62.878000	167.630000	-5.074900	13.574000	1
62.864000	167.720000	-4.037100	13.574000	1
62.850000	167.810000	-4.036900	13.574000	1
62.836000	167.900000	-6.455100	13.574000	1
62.822000	167.990000	-6.458800	13.574000	1
62.807000	168.080000	-7.148800	13.574000	1
62.793000	168.170000	-6.454900	13.574000	1
64.235000	147.690000	-5.206500	14.326000	1
64.235000	147.790000	-6.923200	14.326000	1
64.235000	147.890000	-7.592400	14.326000	1
64.236000	147.990000	-5.527900	14.326000	1
64.236000	148.090000	-5.199100	14.326000	1
64.236000	148.190000	-5.879200	14.326000	1
64.236000	148.290000	-4.512600	14.326000	1
64.236000	148.390000	-6.908400	14.326000	1
64.236000	148.490000	-5.875300	14.326000	1
64.236000	148.590000	-4.837500	14.326000	1
64.236000	148.690000	-6.919500	14.326000	1
64.236000	148.790000	-5.871500	14.326000	1
64.235000	148.900000	-6.550600	14.326000	1
64.235000	149.000000	-6.904200	14.326000	1
64.234000	149.100000	-7.237000	14.326000	1
64.234000	149.200000	-9.302200	14.326000	1
64.233000	149.300000	-7.577100	14.326000	1
64.232000	149.400000	-6.206700	14.326000	1
64.232000	149.500000	-4.830000	14.326000	1
64.231000	149.600000	-4.482300	14.326000	1
64.230000	149.700000	-6.561800	14.326000	1
64.229000	149.800000	-6.229100	14.326000	1
64.228000	149.900000	-6.915600	14.326000	1
64.226000	150.000000	-6.908200	14.326000	1
64.225000	150.110000	-6.550200	14.326000	1
64.224000	150.210000	-4.841100	14.326000	1
64.223000	150.310000	-4.164600	14.326000	1
64.221000	150.410000	-3.463100	14.326000	1
64.220000	150.510000	-5.183400	14.326000	1
64.218000	150.610000	-8.980200	14.326000	1
64.216000	150.710000	-8.629800	14.326000	1
64.214000	150.810000	-5.190900	14.326000	1
64.213000	150.910000	-4.833100	14.326000	1
64.211000	151.010000	-5.863400	14.326000	1
64.209000	151.110000	-7.236300	14.326000	1
64.207000	151.210000	-5.515800	14.326000	1
64.205000	151.310000	-6.206100	14.326000	1
64.202000	151.410000	-5.172000	14.326000	1
64.200000	151.520000	-5.859900	14.326000	1
64.198000	151.620000	-6.202400	14.326000	1
64.195000	151.720000	-5.852200	14.326000	1
64.193000	151.820000	-6.198600	14.326000	1
64.190000	151.920000	-6.881300	14.326000	1
64.188000	152.020000	-6.209700	14.326000	1
62.967000	166.680000	-4.832600	14.326000	1
62.954000	166.770000	-5.866700	14.326000	1
62.940000	166.860000	-5.171400	14.326000	1
62.927000	166.950000	-5.847900	14.326000	1
62.914000	167.050000	-3.791000	14.326000	1
62.900000	167.140000	-3.110900	14.326000	1
62.886000	167.230000	-3.447100	14.326000	1
62.873000	167.320000	-3.450800	14.326000	1
62.859000	167.410000	-4.817400	14.326000	1
62.845000	167.500000	-4.474200	14.326000	1
62.831000	167.590000	-5.519400	14.326000	1
62.818000	167.690000	-5.508200	14.326000	1
62.804000	167.780000	-6.198300	14.326000	1
62.789000	167.870000	-7.228600	14.326000	1
62.775000	167.960000	-6.201900	14.326000	1
62.761000	168.050000	-5.178900	14.326000	1
62.747000	168.140000	-7.572500	14.326000	1
62.906000	166.740000	-6.903200	15.087000	1
62.893000	166.830000	-4.492400	15.087000	1
62.880000	166.920000	-4.499800	15.087000	1
62.866000	167.010000	-4.499800	15.087000	1
62.853000	167.100000	-3.129500	15.087000	1
62.839000	167.200000	-4.159600	15.087000	1
62.826000	167.290000	-4.159600	15.087000	1
62.812000	167.380000	-4.846100	15.087000	1
62.798000	167.470000	-4.857300	15.087000	1
62.784000	167.560000	-5.529900	15.087000	1
62.770000	167.650000	-4.849700	15.087000	1
62.756000	167.740000	-5.529800	15.087000	1
62.742000	167.830000	-6.581400	15.087000	1
62.728000	167.920000	-6.581400	15.087000	1
62.714000	168.010000	-5.193200	15.087000	1
62.700000	168.110000	-7.254100	15.087000	1
64.137000	148.790000	-5.964000	15.844000	1
64.136000	148.890000	-6.299100	15.844000	1
64.136000	148.990000	-8.345500	15.844000	1
64.135000	149.100000	-8.368100	15.844000	1
64.135000	149.200000	-6.972000	15.844000	1
64.134000	149.300000	-8.356600	15.844000	1
64.133000	149.400000	-8.010400	15.844000	1
64.133000	149.500000	-6.961000	15.844000	1
64.132000	149.600000	-7.658700	15.844000	1
64.131000	149.700000	-6.991000	15.844000	1
64.130000	149.800000	-5.616600	15.844000	1
64.129000	149.900000	-4.930100	15.844000	1
64.127000	150.000000	-4.922500	15.844000	1
64.126000	150.100000	-5.620200	15.844000	1
64.125000	150.200000	-5.612700	15.844000	1
64.123000	150.300000	-6.288000	15.844000	1
64.122000	150.400000	-8.017400	15.844000	1
64.120000	150.500000	-9.043100	15.844000	1
64.119000	150.600000	-7.340600	15.844000	1
64.117000	150.700000	-6.635300	15.844000	1
64.115000	150.800000	-9.054500	15.844000	1
64.114000	150.900000	-6.642800	15.844000	1
64.112000	151.000000	-7.314200	15.844000	1
64.110000	151.100000	-6.968000	15.844000	1
64.108000	151.200000	-7.322000	15.844000	1
64.106000	151.300000	-7.318100	15.844000	1
64.103000	151.400000	-7.658300	15.844000	1
64.101000	151.500000	-6.624000	15.844000	1
64.099000	151.600000	-5.243600	15.844000	1
64.096000	151.700000	-6.287700	15.844000	1
64.094000	151.800000	-6.616700	15.844000	1
64.091000	151.900000	-7.310700	15.844000	1
64.089000	152.010000	-7.991100	15.844000	1
64.086000	152.110000	-6.624100	15.844000	1
64.083000	152.210000	-6.284000	15.844000	1
64.080000	152.310000	-6.971700	15.844000	1
64.077000	152.410000	-7.318200	15.844000	1
64.074000	152.510000	-7.325500	15.844000	1
64.071000	152.610000	-7.318000	15.844000	1
64.068000	152.710000	-4.578100	15.844000	1
64.065000	152.810000	-5.608600	15.844000	1
64.062000	152.910000	-8.715200	15.844000	1
64.058000	153.010000	-5.956000	15.844000	1
64.055000	153.110000	-7.669200	15.844000	1
64.051000	153.210000	-5.933400	15.844000	1
64.048000	153.310000	-5.250600	15.844000	1
64.044000	153.400000	-8.352300	15.844000	1
64.040000	153.500000	-8.348200	15.844000	1
64.036000	153.600000	-8.688400	15.844000	1
64.033000	153.700000	-8.696000	15.844000	1
64.029000	153.800000	-8.359400	15.844000	1
64.025000	153.900000	-7.990400	15.844000	1
64.020000	154.000000	-6.974800	15.844000	1
64.016000	154.100000	-6.631000	15.844000	1
62.872000	166.620000	-5.921600	15.844000	1
62.859000	166.710000	-3.185800	15.844000	1
62.846000	166.800000	-4.208500	15.844000	1
62.832000	166.890000	-4.898800	15.844000	1
62.819000	166.980000	-3.887100	15.844000	1
62.805000	167.070000	-4.212900	15.844000	1
62.792000	167.160000	-4.212800	15.844000	1
62.778000	167.250000	-5.243200	15.844000	1
62.765000	167.350000	-5.933300	15.844000	1
62.751000	167.440000	-5.933400	15.844000	1
62.737000	167.530000	-5.937000	15.844000	1
62.723000	167.620000	-5.600700	15.844000	1
62.709000	167.710000	-6.634700	15.844000	1
62.695000	167.800000	-6.634500	15.844000	1
62.681000	167.890000	-8.001700	15.844000	1
62.667000	167.980000	-6.630800	15.844000	1
62.653000	168.070000	-8.695900	15.844000	1
64.076000	150.100000	-7.456100	16.598000	1
64.075000	150.200000	-8.505200	16.598000	1
64.074000	150.300000	-7.818500	16.598000	1
64.072000	150.400000	-8.844000	16.598000	1
64.071000	150.500000	-8.825200	16.598000	1
64.069000	150.600000	-8.840200	16.598000	1
64.068000	150.700000	-8.490100	16.598000	1
64.066000	150.800000	-7.455300	16.598000	1
64.064000	150.900000	-7.806300	16.598000	1
64.062000	151.000000	-8.149300	16.598000	1
64.060000	151.100000	-6.764600	16.598000	1
64.058000	151.200000	-7.443400	16.598000	1
62.825000	166.580000	-7.110600	16.598000	1
62.811000	166.670000	-6.416300	16.598000	1
62.798000	166.770000	-5.386000	16.598000	1
62.785000	166.860000	-5.039600	16.598000	1
62.771000	166.950000	-4.692000	16.598000	1
62.758000	167.040000	-4.695700	16.598000	1
62.744000	167.130000	-5.039500	16.598000	1
62.731000	167.220000	-4.703200	16.598000	1
62.717000	167.310000	-5.729800	16.598000	1
62.704000	167.400000	-5.733400	16.598000	1
62.690000	167.490000	-5.393300	16.598000	1
62.676000	167.590000	-6.423500	16.598000	1
62.662000	167.680000	-4.706700	16.598000	1
62.648000	167.770000	-6.427400	16.598000	1
62.634000	167.860000	-6.760100	16.598000	1
62.620000	167.950000	-6.767400	16.598000	1
62.606000	168.040000	-6.767300	16.598000	1
64.032000	149.490000	-8.178200	17.363000	1
64.031000	149.590000	-7.837900	17.363000	1
64.030000	149.690000	-5.784100	17.363000	1
64.029000	149.790000	-5.422900	17.363000	1
64.028000	149.890000	-8.517600	17.363000	1
64.027000	149.990000	-7.154800	17.363000	1
64.026000	150.090000	-7.484000	17.363000	1
64.024000	150.190000	-6.811200	17.363000	1
64.023000	150.290000	-8.189200	17.363000	1
64.022000	150.390000	-8.547000	17.363000	1
64.020000	150.490000	-5.422700	17.363000	1
64.018000	150.590000	-8.517200	17.363000	1
64.017000	150.690000	-9.888500	17.363000	1
64.015000	150.790000	-8.204300	17.363000	1
64.013000	150.890000	-6.803200	17.363000	1
64.011000	150.990000	-6.795700	17.363000	1
64.009000	151.090000	-7.483500	17.363000	1
64.007000	151.190000	-5.757800	17.363000	1
64.005000	151.290000	-4.044600	17.363000	1
64.003000	151.390000	-6.449400	17.363000	1
64.001000	151.490000	-7.136100	17.363000	1
63.998000	151.590000	-6.105500	17.363000	1
63.996000	151.690000	-7.834000	17.363000	1
63.994000	151.790000	-6.799800	17.363000	1
63.991000	151.890000	-7.483700	17.363000	1
63.988000	151.990000	-7.815300	17.363000	1
63.986000	152.090000	-6.445700	17.363000	1
63.983000	152.190000	-7.128600	17.363000	1
63.980000	152.290000	-6.109200	17.363000	1
63.977000	152.390000	-6.799900	17.363000	1
63.974000	152.490000	-6.438500	17.363000	1
63.971000	152.590000	-6.807100	17.363000	1
62.841000	166.090000	-5.767800	17.363000	1
62.828000	166.180000	-3.017000	17.363000	1
62.815000	166.280000	-3.689700	17.363000	1
62.802000	166.370000	-5.081200	17.363000	1
62.789000	166.460000	-6.440700	17.363000	1
62.776000	166.550000	-5.073700	17.363000	1
62.763000	166.640000	-5.073700	17.363000	1
62.750000	166.730000	-4.383500	17.363000	1
62.736000	166.820000	-4.387200	17.363000	1
62.723000	166.920000	-4.723600	17.363000	1
62.710000	167.010000	-4.720000	17.363000	1
62.696000	167.100000	-4.036000	17.363000	1
62.682000	167.190000	-4.039600	17.363000	1
62.669000	167.280000	-5.767900	17.363000	1
62.655000	167.370000	-5.073700	17.363000	1
62.641000	167.460000	-5.077900	17.363000	1
62.628000	167.550000	-7.483000	17.363000	1
62.614000	167.640000	-6.783700	17.363000	1
62.600000	167.730000	-6.798800	17.363000	1
62.586000	167.820000	-7.127600	17.363000	1
62.572000	167.910000	-6.794700	17.363000	1
62.558000	168.000000	-7.138600	17.363000	1
63.982000	149.390000	-7.265000	18.123000	1
63.981000	149.490000	-7.596500	18.123000	1
63.980000	149.590000	-7.600300	18.123000	1
63.979000	149.690000	-9.329100	18.123000	1
63.978000	149.790000	-8.993600	18.123000	1
63.977000	149.890000	-7.608000	18.123000	1
63.976000	149.990000	-8.971500	18.123000	1
63.975000	150.090000	-9.695500	18.123000	1
63.974000	150.190000	-8.657200	18.123000	1
63.972000	150.290000	-3.483300	18.123000	1
63.971000	150.390000	-5.196400	18.123000	1
63.969000	150.490000	-8.305400	18.123000	1
63.968000	150.590000	-8.963900	18.123000	1
63.966000	150.690000	-8.623200	18.123000	1
63.964000	150.790000	-9.310800	18.123000	1
63.962000	150.890000	-6.208000	18.123000	1
63.961000	150.990000	-6.569300	18.123000	1
63.959000	151.090000	-5.181300	18.123000	1
63.957000	151.190000	-7.615000	18.123000	1
63.954000	151.290000	-6.208100	18.123000	1
63.952000	151.390000	-5.557600	18.123000	1
63.950000	151.490000	-6.227100	18.123000	1
63.948000	151.590000	-6.573100	18.123000	1
63.945000	151.690000	-6.569500	18.123000	1
63.943000	151.790000	-6.569400	18.123000	1
63.940000	151.880000	-7.249900	18.123000	1
63.938000	151.980000	-7.246300	18.123000	1
62.661000	166.970000	-3.456300	18.123000	1
62.648000	167.060000	-4.139100	18.123000	1
62.634000	167.150000	-4.490200	18.123000	1
62.620000	167.250000	-5.530800	18.123000	1
62.607000	167.340000	-4.840200	18.123000	1
62.593000	167.430000	-6.564800	18.123000	1
62.579000	167.520000	-6.897600	18.123000	1
62.565000	167.610000	-5.874400	18.123000	1
62.551000	167.700000	-8.289400	18.123000	1
62.537000	167.790000	-6.214400	18.123000	1
62.523000	167.880000	-6.904800	18.123000	1
62.509000	167.970000	-5.870400	18.123000	1