La	Lo	Sig	Theta	Ice
62.715000	164.400000	-9.302700	-18.178000	1
62.737000	164.480000	-7.588900	-18.177000	1
62.758000	164.570000	-8.289400	-18.177000	1
62.780000	164.650000	-8.958800	-18.177000	1
62.801000	164.740000	-8.625900	-18.177000	1
62.822000	164.820000	-5.881200	-18.177000	1
62.844000	164.910000	-6.567600	-18.177000	1
62.865000	164.990000	-8.288700	-18.177000	1
62.886000	165.070000	-6.907200	-18.178000	1
62.907000	165.160000	-5.182700	-18.177000	1
62.928000	165.240000	-5.167700	-18.177000	1
62.949000	165.330000	-6.238500	-18.178000	1
62.970000	165.410000	-6.555400	-18.177000	1
62.991000	165.500000	-7.239300	-18.177000	1
63.012000	165.580000	-7.239000	-18.178000	1
63.033000	165.670000	-9.991400	-18.177000	1
63.054000	165.750000	-8.612600	-18.178000	1
63.074000	165.840000	-9.991000	-18.178000	1
63.095000	165.930000	-9.986600	-18.177000	1
63.115000	166.010000	-9.646300	-18.178000	1
63.136000	166.100000	-8.962400	-18.177000	1
63.156000	166.180000	-9.992900	-18.178000	1
63.177000	166.270000	-7.605600	-18.178000	1
63.197000	166.360000	-5.186800	-18.177000	1
63.217000	166.440000	-6.213000	-18.178000	1
63.238000	166.530000	-7.232300	-18.178000	1
63.258000	166.620000	-5.861700	-18.177000	1
63.278000	166.700000	-5.857600	-18.178000	1
63.298000	166.790000	-6.884400	-18.177000	1
63.318000	166.880000	-6.197400	-18.178000	1
63.338000	166.970000	-4.480300	-18.178000	1
63.358000	167.050000	-4.830500	-18.177000	1
63.378000	167.140000	-5.170100	-18.178000	1
63.397000	167.230000	-4.147100	-18.178000	1
63.417000	167.320000	-6.546600	-18.178000	1
63.437000	167.400000	-6.192500	-18.178000	1
63.456000	167.490000	-7.226800	-18.178000	1
63.476000	167.580000	-6.557300	-18.178000	1
63.495000	167.670000	-6.896400	-18.178000	1
63.515000	167.760000	-7.579700	-18.178000	1
63.534000	167.840000	-6.556200	-18.178000	1
63.554000	167.930000	-5.854400	-18.178000	1
62.736000	164.710000	-6.843200	-17.420000	1
62.757000	164.790000	-9.252500	-17.419000	1
62.779000	164.880000	-7.175600	-17.420000	1
62.800000	164.960000	-6.156000	-17.420000	1
62.821000	165.040000	-6.507200	-17.419000	1
62.842000	165.130000	-7.869200	-17.420000	1
62.863000	165.210000	-7.537300	-17.420000	1
62.884000	165.300000	-4.767300	-17.420000	1
62.905000	165.380000	-5.807200	-17.420000	1
62.926000	165.470000	-7.872300	-17.419000	1
62.947000	165.550000	-7.868100	-17.420000	1
62.968000	165.640000	-9.231000	-17.420000	1
62.989000	165.720000	-9.928900	-17.419000	1
63.009000	165.810000	-8.897400	-17.420000	1
63.030000	165.890000	-10.623000	-17.420000	1
63.051000	165.980000	-10.276000	-17.419000	1
63.071000	166.070000	-10.615000	-17.421000	1
63.092000	166.150000	-10.265000	-17.420000	1
63.112000	166.240000	-8.892700	-17.420000	1
63.132000	166.320000	-6.834900	-17.420000	1
63.153000	166.410000	-7.865800	-17.419000	1
63.173000	166.500000	-4.090800	-17.421000	1
63.193000	166.580000	-5.465000	-17.420000	1
63.213000	166.670000	-6.147700	-17.420000	1
63.233000	166.760000	-5.116900	-17.421000	1
63.253000	166.840000	-7.510900	-17.420000	1
63.273000	166.930000	-7.166300	-17.421000	1
63.293000	167.020000	-6.837300	-17.420000	1
63.313000	167.110000	-5.806700	-17.420000	1
63.333000	167.190000	-4.757800	-17.421000	1
63.353000	167.280000	-5.451900	-17.420000	1
63.372000	167.370000	-7.172200	-17.421000	1
63.392000	167.460000	-6.474300	-17.421000	1
63.412000	167.540000	-6.831800	-17.420000	1
63.431000	167.630000	-5.443400	-17.421000	1
63.451000	167.720000	-6.827600	-17.421000	1
63.470000	167.810000	-6.148300	-17.420000	1
63.489000	167.900000	-6.144400	-17.421000	1
63.509000	167.990000	-5.800500	-17.421000	1
62.714000	164.850000	-9.230800	-16.657000	1
62.735000	164.930000	-8.535800	-16.657000	1
62.756000	165.020000	-7.138600	-16.657000	1
62.777000	165.100000	-4.402300	-16.657000	1
62.798000	165.180000	-6.809400	-16.658000	1
62.819000	165.270000	-6.140300	-16.657000	1
62.840000	165.350000	-5.446200	-16.657000	1
62.861000	165.440000	-5.767200	-16.658000	1
62.882000	165.520000	-8.537700	-16.657000	1
62.903000	165.610000	-7.831600	-16.657000	1
62.924000	165.690000	-7.831400	-16.658000	1
62.945000	165.780000	-9.212700	-16.657000	1
62.965000	165.860000	-9.910400	-16.658000	1
62.986000	165.950000	-9.906000	-16.658000	1
63.006000	166.030000	-9.895000	-16.657000	1
63.027000	166.120000	-9.555700	-16.658000	1
63.047000	166.210000	-9.544100	-16.657000	1
63.068000	166.290000	-9.890700	-16.658000	1
63.088000	166.380000	-8.859400	-16.658000	1
63.108000	166.460000	-8.863200	-16.657000	1
63.129000	166.550000	-7.492900	-16.658000	1
63.149000	166.640000	-5.070500	-16.658000	1
63.169000	166.720000	-6.801700	-16.657000	1
63.189000	166.810000	-9.209300	-16.658000	1
63.209000	166.900000	-7.144200	-16.657000	1
63.229000	166.980000	-7.506600	-16.658000	1
63.249000	167.070000	-8.525900	-16.658000	1
63.269000	167.160000	-6.800900	-16.657000	1
63.288000	167.250000	-6.120200	-16.658000	1
63.308000	167.330000	-5.079800	-16.658000	1
63.328000	167.420000	-6.108600	-16.658000	1
63.347000	167.510000	-6.108500	-16.658000	1
63.367000	167.600000	-6.119500	-16.658000	1
63.386000	167.680000	-6.799800	-16.658000	1
63.406000	167.770000	-6.107600	-16.658000	1
63.425000	167.860000	-4.390800	-16.658000	1
63.444000	167.950000	-5.074700	-16.658000	1
63.464000	168.040000	-5.768400	-16.658000	1
62.413000	164.120000	-3.869100	-15.144000	1
62.435000	164.210000	-7.646900	-15.143000	1
62.456000	164.290000	-12.794000	-15.143000	1
62.478000	164.370000	-13.144000	-15.144000	1
62.500000	164.450000	-11.064000	-15.144000	1
62.521000	164.540000	-14.847000	-15.143000	1
62.543000	164.620000	-12.442000	-15.144000	1
62.564000	164.700000	-11.071000	-15.143000	1
62.585000	164.790000	-2.833900	-15.144000	1
62.607000	164.870000	-2.139800	-15.144000	1
62.628000	164.960000	-5.928100	-15.143000	1
62.649000	165.040000	-7.291000	-15.144000	1
62.670000	165.120000	-5.237400	-15.144000	1
62.691000	165.210000	-4.543500	-15.143000	1
62.712000	165.290000	-4.549700	-15.144000	1
62.733000	165.380000	-3.504300	-15.144000	1
62.754000	165.460000	-6.258800	-15.143000	1
62.775000	165.540000	-5.564400	-15.144000	1
62.796000	165.630000	-5.914500	-15.143000	1
62.817000	165.710000	-6.604500	-15.144000	1
62.837000	165.800000	-5.227500	-15.144000	1
62.858000	165.880000	-4.883600	-15.143000	1
62.879000	165.970000	-5.555800	-15.144000	1
62.899000	166.050000	-8.307000	-15.144000	1
62.919000	166.140000	-8.664900	-15.143000	1
62.940000	166.230000	-8.664000	-15.145000	1
62.960000	166.310000	-3.502200	-15.144000	1
62.981000	166.400000	-7.272000	-15.144000	1
63.001000	166.480000	-5.897200	-15.144000	1
63.021000	166.570000	-6.248700	-15.143000	1
63.041000	166.650000	-5.915600	-15.144000	1
63.061000	166.740000	-4.881400	-15.144000	1
63.081000	166.830000	-6.617100	-15.144000	1
63.101000	166.910000	-8.991000	-15.145000	1
63.121000	167.000000	-9.349000	-15.144000	1
63.141000	167.090000	-7.281100	-15.144000	1
63.161000	167.170000	-7.631000	-15.144000	1
63.181000	167.260000	-5.895300	-15.144000	1
63.201000	167.350000	-4.185600	-15.145000	1
63.220000	167.440000	-4.868100	-15.144000	1
63.240000	167.520000	-4.525200	-15.144000	1
63.259000	167.610000	-3.848600	-15.144000	1
63.279000	167.700000	-4.878800	-15.144000	1
63.298000	167.790000	-4.524600	-15.144000	1
63.318000	167.870000	-5.214600	-15.144000	1
63.337000	167.960000	-4.878200	-15.144000	1
63.356000	168.050000	-5.550600	-15.144000	1
63.375000	168.140000	-5.557900	-15.144000	1
62.393000	164.260000	-12.386000	-14.389000	1
62.414000	164.340000	-15.501000	-14.390000	1
62.436000	164.430000	-11.705000	-14.390000	1
62.457000	164.510000	-12.763000	-14.390000	1
62.479000	164.590000	-15.849000	-14.389000	1
62.500000	164.670000	-13.426000	-14.390000	1
62.521000	164.760000	-12.060000	-14.389000	1
62.543000	164.840000	-5.853400	-14.390000	1
62.564000	164.920000	-3.815500	-14.390000	1
62.585000	165.010000	-2.445200	-14.389000	1
62.606000	165.090000	-5.539300	-14.390000	1
62.350000	164.310000	-10.640000	-13.632000	1
62.372000	164.400000	-12.014000	-13.632000	1
62.394000	164.480000	-5.819200	-13.632000	1
62.415000	164.560000	-5.819200	-13.632000	1
62.436000	164.640000	-7.199500	-13.632000	1
62.458000	164.730000	-8.917300	-13.633000	1
62.479000	164.810000	-14.072000	-13.632000	1
62.501000	164.890000	-12.349000	-13.633000	1
62.522000	164.980000	-7.534600	-13.633000	1
62.543000	165.060000	-5.131300	-13.632000	1
62.564000	165.140000	-5.813800	-13.632000	1
62.585000	165.230000	-4.805200	-13.633000	1
62.606000	165.310000	-4.111300	-13.632000	1
62.308000	164.370000	-5.336100	-12.873000	1
62.330000	164.450000	-5.002700	-12.873000	1
62.352000	164.530000	-5.681300	-12.873000	1
62.373000	164.610000	-4.998300	-12.873000	1
62.394000	164.700000	-4.998300	-12.873000	1
62.416000	164.780000	-5.680400	-12.874000	1
62.437000	164.860000	-10.848000	-12.873000	1
62.458000	164.950000	-13.949000	-12.873000	1
62.479000	165.030000	-10.492000	-12.874000	1
62.501000	165.110000	-6.710100	-12.873000	1
62.522000	165.200000	-6.706000	-12.873000	1
62.543000	165.280000	-6.023100	-12.874000	1
62.564000	165.360000	-4.989000	-12.873000	1
62.585000	165.450000	-3.275600	-12.874000	1
62.606000	165.530000	-7.064100	-12.873000	1
62.626000	165.620000	-6.037400	-12.873000	1
62.647000	165.700000	-3.968800	-12.874000	1
62.668000	165.780000	-4.316500	-12.873000	1
62.688000	165.870000	-2.938500	-12.873000	1
62.709000	165.950000	-5.341700	-12.874000	1
62.730000	166.040000	-6.737200	-12.873000	1
62.750000	166.120000	-5.341400	-12.874000	1
62.771000	166.210000	-4.679800	-12.874000	1
62.791000	166.290000	-5.345000	-12.873000	1
62.811000	166.380000	-5.694300	-12.874000	1
62.832000	166.460000	-6.717400	-12.873000	1
62.852000	166.550000	-7.049700	-12.873000	1
62.872000	166.640000	-4.302200	-12.874000	1
62.892000	166.720000	-6.022800	-12.873000	1
62.912000	166.810000	-4.644400	-12.874000	1
62.932000	166.890000	-4.301800	-12.874000	1
62.952000	166.980000	-3.958000	-12.873000	1
62.972000	167.070000	-2.919600	-12.874000	1
62.992000	167.150000	-2.923600	-12.873000	1
63.012000	167.240000	-3.613400	-12.874000	1
63.031000	167.320000	-3.613200	-12.874000	1
63.051000	167.410000	-3.263200	-12.873000	1
63.071000	167.500000	-2.918800	-12.874000	1
63.090000	167.590000	-4.642300	-12.874000	1
63.110000	167.670000	-3.951800	-12.874000	1
63.129000	167.760000	-4.645500	-12.874000	1
63.148000	167.850000	-4.295300	-12.874000	1
63.168000	167.930000	-2.920900	-12.874000	1
63.187000	168.020000	-4.648600	-12.874000	1
63.206000	168.110000	-6.011300	-12.874000	1
63.225000	168.200000	-5.678500	-12.874000	1
63.244000	168.280000	-5.324400	-12.874000	1
62.245000	164.340000	-4.321700	-12.114000	1
62.267000	164.420000	-6.042200	-12.113000	1
62.288000	164.500000	-5.695700	-12.113000	1
62.310000	164.580000	-5.351500	-12.113000	1
62.331000	164.670000	-5.691400	-12.113000	1
62.352000	164.750000	-5.014900	-12.113000	1
62.374000	164.830000	-4.660500	-12.114000	1
62.395000	164.910000	-5.690900	-12.113000	1
62.416000	165.000000	-5.354100	-12.113000	1
62.437000	165.080000	-7.413600	-12.114000	1
62.458000	165.160000	-7.417500	-12.113000	1
62.480000	165.250000	-5.349000	-12.113000	1
62.501000	165.330000	-6.375000	-12.114000	1
62.521000	165.420000	-5.344900	-12.113000	1
62.542000	165.500000	-2.941400	-12.114000	1
62.563000	165.580000	-0.194750	-12.113000	1
62.182000	164.310000	-5.648400	-11.359000	1
62.204000	164.390000	-6.689500	-11.360000	1
62.225000	164.470000	-5.311600	-11.360000	1
62.247000	164.550000	-5.972600	-11.360000	1
62.268000	164.630000	-4.269500	-11.360000	1
62.290000	164.720000	-4.949400	-11.360000	1
62.311000	164.800000	-3.919200	-11.359000	1
62.332000	164.880000	-4.264800	-11.361000	1
62.353000	164.970000	-5.639000	-11.360000	1
62.375000	165.050000	-6.668800	-11.360000	1
62.396000	165.130000	-5.298100	-11.360000	1
62.417000	165.220000	-4.600400	-11.360000	1
62.438000	165.300000	-5.974100	-11.360000	1
62.459000	165.380000	-2.185400	-11.361000	1
62.480000	165.470000	-2.890200	-11.359000	1
62.501000	165.550000	-2.897200	-11.360000	1
62.521000	165.630000	-3.233200	-11.360000	1
62.542000	165.720000	-3.927100	-11.360000	1
62.563000	165.800000	-3.225100	-11.361000	1
62.584000	165.890000	-2.541200	-11.360000	1
62.604000	165.970000	-3.911200	-11.360000	1
62.625000	166.050000	-5.642500	-11.361000	1
62.645000	166.140000	-1.179500	-11.360000	1
62.666000	166.220000	-2.559200	-11.360000	1
62.686000	166.310000	-4.596500	-11.361000	1
62.706000	166.390000	-1.853900	-11.360000	1
62.727000	166.480000	-3.223300	-11.361000	1
62.747000	166.560000	-4.936100	-11.360000	1
62.767000	166.650000	-4.932100	-11.360000	1
62.787000	166.730000	-3.222800	-11.361000	1
62.807000	166.820000	-3.569200	-11.360000	1
62.827000	166.910000	-3.568800	-11.361000	1
62.847000	166.990000	-1.508300	-11.361000	1
62.867000	167.080000	-1.161600	-11.360000	1
62.887000	167.160000	-2.537300	-11.361000	1
62.907000	167.250000	-3.225100	-11.360000	1
62.926000	167.340000	-2.537200	-11.361000	1
62.946000	167.420000	-2.536900	-11.361000	1
62.965000	167.510000	-3.911000	-11.360000	1
62.985000	167.600000	-3.208900	-11.361000	1
63.005000	167.680000	-3.914200	-11.360000	1
63.024000	167.770000	-4.260200	-11.361000	1
63.043000	167.860000	-4.943800	-11.361000	1
63.063000	167.940000	-4.940000	-11.360000	1
63.082000	168.030000	-4.599500	-11.361000	1
63.101000	168.120000	-4.251600	-11.361000	1
63.120000	168.210000	-3.568900	-11.361000	1
63.139000	168.290000	-3.912500	-11.361000	1
63.158000	168.380000	-2.878300	-11.361000	1
62.119000	164.280000	-6.723500	-10.600000	1
62.141000	164.360000	-4.305400	-10.599000	1
62.162000	164.440000	-4.991200	-10.600000	1
62.184000	164.520000	-4.994400	-10.599000	1
62.205000	164.600000	-4.650300	-10.599000	1
62.227000	164.690000	-3.265900	-10.600000	1
62.248000	164.770000	-2.231700	-10.600000	1
62.269000	164.850000	-4.642100	-10.599000	1
62.291000	164.930000	-4.645200	-10.600000	1
62.312000	165.020000	-6.008000	-10.599000	1
62.333000	165.100000	-7.381700	-10.600000	1
62.354000	165.180000	-6.351100	-10.600000	1
62.375000	165.270000	-3.260400	-10.600000	1
62.396000	165.350000	-5.670600	-10.600000	1
62.417000	165.430000	-6.006500	-10.600000	1
62.438000	165.520000	-2.912300	-10.599000	1
62.459000	165.600000	-3.266800	-10.600000	1
62.479000	165.680000	-4.983200	-10.600000	1
62.500000	165.770000	-3.952800	-10.599000	1
62.521000	165.850000	-3.613700	-10.600000	1
62.541000	165.940000	-5.001400	-10.600000	1
62.562000	166.020000	-3.970600	-10.600000	1
62.583000	166.100000	-2.242200	-10.600000	1
62.603000	166.190000	-4.298800	-10.599000	1
62.623000	166.270000	-1.898100	-10.600000	1
62.644000	166.360000	-0.853870	-10.600000	1
62.664000	166.440000	-2.234200	-10.599000	1
62.684000	166.530000	-2.569800	-10.600000	1
62.704000	166.610000	-4.290100	-10.600000	1
62.725000	166.700000	-4.293700	-10.600000	1
62.745000	166.780000	-2.919300	-10.600000	1
62.765000	166.870000	-2.915700	-10.600000	1
62.785000	166.950000	-3.259000	-10.600000	1
62.805000	167.040000	-2.922500	-10.600000	1
62.824000	167.130000	-3.266600	-10.599000	1
62.844000	167.210000	-1.888100	-10.601000	1
62.864000	167.300000	-2.910900	-10.600000	1
62.884000	167.380000	-2.914300	-10.600000	1
62.903000	167.470000	-3.948000	-10.600000	1
62.923000	167.560000	-3.594300	-10.600000	1
62.942000	167.640000	-3.600600	-10.600000	1
62.962000	167.730000	-4.294500	-10.600000	1
62.981000	167.820000	-4.640500	-10.600000	1
63.001000	167.900000	-5.324100	-10.600000	1
63.020000	167.990000	-3.950000	-10.600000	1
63.039000	168.080000	-3.949600	-10.600000	1
63.058000	168.170000	-3.949300	-10.600000	1
63.077000	168.250000	-2.915200	-10.600000	1
63.096000	168.340000	-3.948900	-10.600000	1
63.115000	168.430000	-2.918600	-10.600000	1
62.078000	164.330000	-3.269900	-9.843900	1
62.099000	164.410000	-4.994100	-9.843100	1
62.121000	164.490000	-4.292000	-9.844000	1
62.143000	164.570000	-4.288200	-9.843500	1
62.164000	164.650000	-4.981800	-9.843500	1
62.185000	164.740000	-4.619900	-9.843800	1
62.207000	164.820000	-4.283500	-9.843800	1
62.228000	164.900000	-3.592900	-9.843000	1
62.249000	164.980000	-4.282200	-9.844100	1
62.270000	165.070000	-4.622400	-9.843200	1
62.292000	165.150000	-6.338500	-9.843700	1
62.313000	165.230000	-6.334300	-9.844000	1
62.334000	165.320000	-4.285300	-9.843600	1
62.355000	165.400000	-5.311500	-9.843600	1
62.375000	165.480000	-6.677400	-9.844100	1
62.396000	165.570000	-5.993700	-9.843100	1
62.417000	165.650000	-3.242500	-9.844000	1
62.438000	165.730000	-0.492130	-9.843800	1
62.459000	165.820000	-2.563500	-9.843500	1
62.479000	165.900000	-3.925500	-9.844200	1
62.500000	165.990000	-2.899200	-9.843700	1
62.520000	166.070000	-1.536500	-9.843500	1
62.541000	166.150000	-2.222300	-9.844300	1
62.561000	166.240000	-3.928800	-9.843500	1
62.582000	166.320000	-5.304900	-9.843900	1
62.602000	166.410000	-4.277500	-9.844400	1
62.622000	166.490000	-4.277800	-9.843300	1
62.642000	166.580000	-2.553100	-9.844400	1
62.663000	166.660000	-4.273400	-9.843800	1
62.683000	166.750000	-3.583100	-9.843700	1
62.703000	166.830000	-3.246300	-9.844500	1
62.723000	166.920000	-2.552700	-9.843600	1
62.743000	167.000000	-2.896100	-9.844100	1
62.763000	167.090000	-2.208200	-9.844300	1
62.782000	167.170000	-2.552200	-9.843400	1
62.802000	167.260000	-3.581600	-9.844700	1
62.822000	167.350000	-3.914200	-9.843700	1
62.841000	167.430000	-3.929000	-9.844100	1
62.861000	167.520000	-2.891100	-9.844300	1
62.881000	167.610000	-2.895000	-9.843600	1
62.900000	167.690000	-4.267000	-9.844400	1
62.919000	167.780000	-3.928200	-9.844000	1
62.939000	167.860000	-5.644500	-9.844000	1
62.958000	167.950000	-4.270100	-9.844400	1
62.977000	168.040000	-3.927000	-9.843900	1
62.997000	168.130000	-4.963000	-9.844200	1
63.016000	168.210000	-4.272600	-9.844300	1
63.035000	168.300000	-5.310200	-9.844100	1
63.054000	168.390000	-7.030400	-9.844200	1
63.073000	168.470000	-4.283300	-9.844300	1
62.015000	164.300000	-5.686500	-9.089100	1
62.037000	164.380000	-6.376200	-9.089700	1
62.059000	164.460000	-7.399000	-9.088900	1
62.080000	164.540000	-2.927600	-9.089800	1
62.102000	164.620000	-2.587600	-9.089400	1
62.123000	164.700000	-3.949900	-9.089300	1
62.144000	164.790000	-5.329700	-9.089600	1
62.166000	164.870000	-4.650700	-9.089600	1
62.187000	164.950000	-3.263000	-9.088900	1
62.208000	165.030000	-3.612300	-9.089900	1
62.229000	165.120000	-4.288700	-9.089100	1
62.250000	165.200000	-4.977800	-9.089500	1
62.271000	165.280000	-6.361500	-9.089800	1
62.292000	165.370000	-2.577000	-9.089500	1
62.313000	165.450000	-5.663400	-9.089400	1
62.334000	165.530000	-5.670500	-9.090000	1
62.355000	165.620000	-5.330700	-9.088900	1
62.376000	165.700000	-6.352600	-9.089800	1
62.397000	165.780000	-4.975900	-9.089700	1
62.417000	165.870000	-3.601800	-9.089300	1
62.438000	165.950000	-2.578700	-9.090000	1
62.458000	166.030000	-2.228700	-9.089600	1
61.807000	164.120000	-4.466000	-6.822600	1
61.829000	164.200000	-2.084000	-6.822900	1
61.850000	164.280000	-3.796600	-6.822800	1
61.872000	164.360000	-4.143500	-6.822700	1
61.894000	164.450000	-5.169700	-6.822600	1
61.915000	164.530000	-5.859300	-6.823100	1
61.937000	164.610000	-4.829400	-6.822300	1
61.958000	164.690000	-4.471100	-6.823200	1
61.979000	164.770000	-4.138500	-6.822800	1
62.001000	164.850000	-4.134600	-6.822700	1
62.022000	164.940000	-3.797800	-6.823000	1
62.043000	165.020000	-1.043500	-6.823100	1
62.064000	165.100000	-1.723800	-6.822300	1
62.085000	165.180000	-3.439300	-6.823200	1
62.106000	165.260000	-2.756900	-6.822500	1
62.127000	165.350000	-2.412700	-6.822800	1
62.148000	165.430000	-2.076000	-6.823200	1
62.169000	165.510000	-5.166100	-6.822900	1
62.190000	165.600000	-5.158500	-6.822700	1
62.211000	165.680000	-3.787700	-6.823400	1
62.232000	165.760000	-2.751700	-6.822400	1
62.252000	165.840000	-3.448100	-6.823100	1
62.273000	165.930000	-3.790400	-6.823100	1
62.293000	166.010000	-3.444000	-6.822700	1
62.314000	166.100000	-4.466100	-6.823300	1
62.334000	166.180000	-3.439600	-6.823100	1
62.355000	166.260000	-3.789700	-6.822700	1
62.375000	166.350000	-3.098900	-6.823400	1
62.396000	166.430000	-3.095400	-6.822700	1
62.416000	166.510000	-4.125100	-6.822900	1
62.436000	166.600000	-3.788200	-6.823600	1
62.456000	166.680000	-3.442200	-6.822500	1
62.476000	166.770000	-4.124200	-6.823400	1
62.496000	166.850000	-4.817800	-6.823100	1
61.767000	164.170000	-1.154600	-6.068100	1
61.788000	164.250000	-1.154300	-6.068400	1
61.810000	164.330000	-4.930700	-6.068300	1
61.832000	164.410000	-5.284300	-6.068200	1
61.853000	164.490000	-5.974900	-6.068100	1
61.875000	164.580000	-3.906700	-6.068600	1
61.896000	164.660000	-3.906900	-6.067800	1
61.917000	164.740000	-4.256200	-6.068600	1
61.939000	164.820000	-3.212300	-6.068400	1
61.960000	164.900000	-3.562200	-6.068100	1
61.981000	164.980000	-1.497800	-6.068600	1
62.002000	165.070000	-4.251400	-6.068600	1
62.024000	165.150000	-3.211600	-6.067800	1
62.045000	165.230000	-3.210700	-6.068700	1
62.066000	165.310000	-0.810730	-6.068100	1
62.087000	165.400000	-3.210500	-6.068300	1
62.108000	165.480000	-1.839900	-6.068700	1
62.128000	165.560000	-2.869900	-6.068400	1
62.149000	165.640000	-2.187100	-6.068200	1
62.170000	165.730000	-5.963000	-6.068900	1
62.191000	165.810000	-3.213100	-6.067900	1
62.211000	165.890000	-2.185600	-6.068500	1
62.232000	165.980000	-3.565500	-6.068600	1
62.252000	166.060000	-6.666900	-6.068200	1
62.273000	166.140000	-3.908600	-6.068800	1
62.293000	166.230000	-2.538300	-6.068600	1
62.314000	166.310000	-6.658800	-6.068100	1
62.334000	166.390000	-6.314300	-6.068900	1
62.354000	166.480000	-3.210500	-6.068300	1
62.375000	166.560000	-4.930400	-6.068400	1
62.395000	166.650000	-3.563200	-6.069100	1
62.415000	166.730000	-1.149800	-6.068100	1
61.683000	164.060000	1.421000	-5.313600	1
61.705000	164.140000	-4.422800	-5.313400	1
61.726000	164.220000	-2.022500	-5.313300	1
61.748000	164.300000	-4.422300	-5.313500	1
61.770000	164.380000	-6.149500	-5.313500	1
61.791000	164.460000	-5.119400	-5.313300	1
61.813000	164.540000	-5.118700	-5.313200	1
61.834000	164.620000	-3.738000	-5.313700	1
61.856000	164.710000	-3.394600	-5.313000	1
61.877000	164.790000	-4.083800	-5.313800	1
61.898000	164.870000	-3.050000	-5.313500	1
61.920000	164.950000	-3.730000	-5.313300	1
61.941000	165.030000	-2.363000	-5.313700	1
61.962000	165.110000	-1.336300	-5.313700	1
61.983000	165.200000	-4.083000	-5.312900	1
62.004000	165.280000	-3.728500	-5.313800	1
62.025000	165.360000	-0.638480	-5.313200	1
62.046000	165.440000	-1.671800	-5.313400	1
62.067000	165.530000	-2.361300	-5.313800	1
62.088000	165.610000	-4.428700	-5.313600	1
62.108000	165.690000	-3.054800	-5.313300	1
62.129000	165.770000	-2.364000	-5.314100	1
62.150000	165.860000	-3.054400	-5.313100	1
62.170000	165.940000	-3.729800	-5.313600	1
62.191000	166.020000	-3.736800	-5.313700	1
62.212000	166.110000	-5.120600	-5.313300	1
62.232000	166.190000	-5.452700	-5.313900	1
62.252000	166.270000	-2.022300	-5.313800	1
62.273000	166.360000	-0.988710	-5.313300	1
62.293000	166.440000	-1.328000	-5.314000	1
62.313000	166.520000	-3.724700	-5.313400	1
62.333000	166.610000	-3.044300	-5.313500	1
62.354000	166.690000	-3.047200	-5.314300	1
62.374000	166.780000	-2.357600	-5.313200	1
62.394000	166.860000	-3.387000	-5.313900	1
62.414000	166.950000	-2.356800	-5.313800	1
62.434000	167.030000	-3.046800	-5.313400	1
62.130000	166.200000	-1.046400	-3.803000	1
62.150000	166.280000	-1.732300	-3.803500	1
62.171000	166.370000	-2.082100	-3.803500	1
62.191000	166.450000	-2.422300	-3.803000	1
62.211000	166.530000	-0.361430	-3.803700	1
62.231000	166.620000	-1.391600	-3.803200	1
62.251000	166.700000	-1.391400	-3.803100	1
62.271000	166.790000	-0.007035	-3.803900	1
62.291000	166.870000	-1.727600	-3.803000	1
62.311000	166.950000	-2.420500	-3.803500	1
61.497000	163.960000	-1.297300	-3.046900	1
61.519000	164.040000	-4.046900	-3.047400	1
61.541000	164.120000	-3.710300	-3.046900	1
61.563000	164.200000	-3.709500	-3.047400	1
61.584000	164.290000	-3.359500	-3.047200	1
61.606000	164.370000	-5.419300	-3.047200	1
61.627000	164.450000	-5.082200	-3.047200	1
61.649000	164.530000	-4.388400	-3.047400	1
61.670000	164.610000	-3.708400	-3.047000	1
61.692000	164.690000	-7.491800	-3.047100	1
61.713000	164.770000	-6.107700	-3.047500	1
61.735000	164.850000	-7.494900	-3.046800	1
61.756000	164.930000	-9.894500	-3.047500	1
61.777000	165.010000	-9.550800	-3.047400	1
61.798000	165.090000	-8.517300	-3.047000	1
61.819000	165.180000	-5.763100	-3.047500	1
61.840000	165.260000	-7.132900	-3.047600	1
61.861000	165.340000	-7.483300	-3.046800	1
61.882000	165.420000	-4.038800	-3.047500	1
61.903000	165.500000	-4.042200	-3.047100	1
61.924000	165.590000	-0.598450	-3.047100	1
61.945000	165.670000	-3.351200	-3.047600	1
61.966000	165.750000	-5.757900	-3.047400	1
61.986000	165.830000	-5.764500	-3.047100	1
62.007000	165.920000	-6.457100	-3.047900	1
62.027000	166.000000	-1.633900	-3.047000	1
62.048000	166.080000	-1.633300	-3.047300	1
62.069000	166.160000	-1.979600	-3.047500	1
62.089000	166.250000	-4.383100	-3.047100	1
62.109000	166.330000	-4.729200	-3.047500	1
62.130000	166.410000	-6.789100	-3.047700	1
62.150000	166.500000	-0.258990	-3.047100	1
62.170000	166.580000	2.151800	-3.047800	1
62.384000	167.940000	6.445500	-1.541000	1
62.403000	168.020000	3.696200	-1.541600	1
62.423000	168.110000	1.629000	-1.541100	1
62.442000	168.190000	3.696600	-1.541500	1
62.461000	168.280000	4.729800	-1.541500	1
62.480000	168.360000	3.346800	-1.541000	1
62.499000	168.450000	2.660500	-1.541600	1
62.518000	168.530000	7.820400	-1.541200	1
62.537000	168.620000	2.657900	-1.541500	1
62.556000	168.710000	-0.435350	-1.541300	1
62.574000	168.790000	4.374900	-1.541400	1
62.593000	168.880000	4.035000	-1.541200	1
62.612000	168.970000	5.405300	-1.541500	1
61.761000	165.560000	4.366800	-0.792810	1
61.782000	165.640000	10.547000	-0.792610	1
61.803000	165.730000	10.897000	-0.792400	1
61.823000	165.810000	2.647600	-0.792930	1
61.844000	165.890000	6.770500	-0.792810	1
61.865000	165.970000	8.148000	-0.792510	1
61.885000	166.050000	7.798500	-0.793250	1
61.906000	166.140000	7.458500	-0.792480	1
61.926000	166.220000	12.622000	-0.792650	1
61.946000	166.300000	8.831900	-0.792850	1
61.967000	166.380000	14.332000	-0.792530	1
61.987000	166.470000	9.522300	-0.792840	1
62.007000	166.550000	6.772700	-0.793150	1
62.027000	166.630000	7.462600	-0.792450	1
62.048000	166.720000	4.713100	-0.793070	1
62.068000	166.800000	10.210000	-0.792740	1
62.088000	166.880000	11.930000	-0.792550	1
62.108000	166.970000	3.680700	-0.793370	1
62.381000	168.150000	4.374000	-0.792680	1
62.401000	168.240000	3.684400	-0.792970	1
62.420000	168.320000	4.024700	-0.793000	1
62.439000	168.410000	4.021400	-0.792490	1
62.458000	168.490000	3.682000	-0.793120	1
62.476000	168.580000	2.652100	-0.792700	1
62.495000	168.660000	5.742400	-0.792960	1
62.514000	168.750000	2.299900	-0.792840	1
62.533000	168.840000	3.340100	-0.792860	1
62.552000	168.920000	9.180200	-0.792730	1
62.570000	169.010000	8.150500	-0.792960	1
61.446000	164.560000	20.353000	0.118690	1
61.467000	164.640000	20.693000	0.118160	1
61.489000	164.720000	17.603000	0.118400	1
61.510000	164.800000	20.013000	0.118470	1
61.531000	164.880000	21.044000	0.118020	1
61.553000	164.960000	17.604000	0.118510	1
61.574000	165.040000	20.357000	0.118170	1
61.595000	165.120000	19.667000	0.118230	1
61.616000	165.200000	20.017000	0.118590	1
61.637000	165.280000	20.358000	0.118320	1
61.658000	165.360000	21.728000	0.118390	1
61.679000	165.440000	19.668000	0.118620	1
61.700000	165.530000	21.048000	0.118150	1
61.721000	165.610000	21.729000	0.118540	1
61.742000	165.690000	22.076000	0.118360	1
61.762000	165.770000	22.076000	0.118220	1
61.783000	165.850000	21.386000	0.118710	1
61.804000	165.940000	20.696000	0.118450	1
61.824000	166.020000	20.017000	0.118570	1
61.845000	166.100000	21.047000	0.118920	1
61.865000	166.180000	20.697000	0.118230	1
61.886000	166.260000	20.698000	0.118760	1
61.906000	166.350000	20.360000	0.118540	1
61.926000	166.430000	18.991000	0.118550	1
61.946000	166.510000	20.701000	0.118960	1
61.967000	166.600000	13.831000	0.118670	1
61.987000	166.680000	9.021300	0.118740	1
62.007000	166.760000	18.992000	0.118930	1
62.027000	166.850000	16.582000	0.118410	1
62.047000	166.930000	17.272000	0.118930	1
62.067000	167.010000	10.742000	0.118830	1
61.427000	164.680000	15.659000	0.732690	1
61.448000	164.760000	16.692000	0.732120	1
61.470000	164.840000	14.633000	0.732870	1
61.491000	164.920000	16.693000	0.732510	1
61.512000	165.010000	14.633000	0.732360	1
61.533000	165.090000	16.003000	0.732830	1
61.555000	165.170000	16.694000	0.732460	1
61.576000	165.250000	17.724000	0.732340	1
61.597000	165.330000	16.694000	0.732780	1
61.618000	165.410000	13.941000	0.732380	1
61.638000	165.490000	12.911000	0.732230	1
61.659000	165.570000	14.632000	0.732790	1
61.680000	165.650000	15.312000	0.732460	1
61.701000	165.740000	15.312000	0.732490	1
61.722000	165.820000	14.973000	0.732770	1
61.742000	165.900000	13.603000	0.732370	1
61.763000	165.980000	12.223000	0.732340	1
61.783000	166.060000	13.256000	0.732740	1
61.804000	166.150000	16.006000	0.732080	1
61.824000	166.230000	19.107000	0.732560	1
61.845000	166.310000	19.447000	0.732700	1
61.865000	166.390000	14.637000	0.732360	1
61.885000	166.480000	13.947000	0.732680	1
61.906000	166.560000	14.978000	0.732580	1
61.926000	166.640000	16.008000	0.732020	1
61.946000	166.720000	9.478100	0.732830	1
61.966000	166.810000	6.728100	0.732320	1
61.986000	166.890000	7.755100	0.732350	1
62.006000	166.970000	8.785500	0.732860	1
62.026000	167.060000	7.415400	0.731940	1
61.344000	164.570000	9.162000	1.487500	1
61.365000	164.650000	11.572000	1.487400	1
61.387000	164.730000	9.512600	1.487600	1
61.408000	164.810000	8.482400	1.486900	1
61.429000	164.890000	10.203000	1.487700	1
61.450000	164.970000	9.853200	1.487400	1
61.472000	165.050000	11.573000	1.487200	1
61.493000	165.130000	8.826800	1.487700	1
61.514000	165.210000	8.486900	1.487400	1
61.535000	165.290000	10.547000	1.487200	1
61.556000	165.380000	6.427600	1.487600	1
61.577000	165.460000	3.327600	1.487300	1
61.598000	165.540000	4.707800	1.487100	1
61.619000	165.620000	9.518400	1.487600	1
61.639000	165.700000	11.578000	1.487300	1
61.660000	165.780000	8.138700	1.487300	1
61.681000	165.860000	8.136000	1.487600	1
61.701000	165.950000	8.485900	1.487200	1
61.722000	166.030000	12.266000	1.487200	1
61.742000	166.110000	6.426700	1.487600	1
61.763000	166.190000	7.796500	1.486900	1
61.783000	166.270000	9.857100	1.487400	1
61.804000	166.360000	10.547000	1.487600	1
61.824000	166.440000	7.457400	1.487200	1
61.844000	166.520000	5.737900	1.487500	1
61.864000	166.600000	3.328000	1.487400	1
61.885000	166.690000	4.017900	1.486800	1
61.905000	166.770000	4.708700	1.487600	1
61.925000	166.850000	3.328600	1.487200	1
61.945000	166.940000	4.018800	1.487200	1
61.965000	167.020000	4.709400	1.487700	1
61.984000	167.100000	4.019100	1.486800	1
62.004000	167.190000	4.709800	1.487400	1
61.352000	165.400000	-3.611000	4.500800	1
61.373000	165.480000	-3.617800	4.500400	1
61.393000	165.560000	-1.893500	4.500900	1
61.414000	165.640000	-4.980100	4.500600	1
61.435000	165.720000	-7.393800	4.500300	1
61.456000	165.800000	-5.336600	4.500800	1
61.476000	165.880000	-3.259000	4.500700	1
61.497000	165.960000	-3.605400	4.500500	1
61.518000	166.050000	-5.321400	4.501000	1
61.538000	166.130000	-3.944800	4.500600	1
61.559000	166.210000	-0.851020	4.500400	1
61.579000	166.290000	-4.630600	4.500900	1
61.599000	166.370000	-3.247200	4.500300	1
61.332000	165.520000	-6.891800	5.255100	1
61.353000	165.600000	-5.856900	5.255600	1
61.373000	165.690000	-3.450200	5.255300	1
61.394000	165.770000	-5.159400	5.255000	1
61.415000	165.850000	-6.882700	5.255400	1
61.435000	165.930000	-7.565200	5.255500	1
61.456000	166.010000	-5.498500	5.255100	1
61.477000	166.090000	-6.180700	5.255700	1
61.497000	166.170000	-3.430400	5.255300	1
61.517000	166.250000	-3.774000	5.255100	1
61.538000	166.330000	-3.773500	5.255600	1
61.558000	166.420000	-2.399800	5.255000	1
61.578000	166.500000	-1.029500	5.255100	1
61.599000	166.580000	-3.769000	5.255600	1
61.619000	166.660000	-5.152800	5.255200	1
61.639000	166.740000	-4.466100	5.255400	1
61.659000	166.830000	-4.122000	5.255600	1
61.679000	166.910000	-2.395000	5.254700	1
61.699000	166.990000	-1.707800	5.255500	1
61.719000	167.070000	-5.491300	5.255400	1
61.739000	167.160000	-6.867800	5.254900	1
61.758000	167.240000	-6.191500	5.255700	1
61.778000	167.320000	-5.498000	5.254900	1
61.798000	167.410000	-3.437500	5.255100	1
61.817000	167.490000	-2.403100	5.255800	1
61.837000	167.570000	-4.127200	5.254700	1
61.207000	165.250000	-2.239000	6.009000	1
61.228000	165.330000	-8.089400	6.009100	1
61.249000	165.410000	-5.671300	6.009200	1
61.270000	165.490000	-8.081400	6.009300	1
61.291000	165.570000	-7.043800	6.008900	1
61.312000	165.650000	-4.972900	6.009400	1
61.332000	165.730000	-6.356300	6.009100	1
61.353000	165.810000	-5.662300	6.008900	1
61.374000	165.890000	-4.971800	6.009200	1
61.394000	165.970000	-4.964000	6.009300	1
61.415000	166.050000	-2.217500	6.008900	1
61.435000	166.140000	-3.597000	6.009500	1
61.456000	166.220000	-4.630700	6.009200	1
61.476000	166.300000	-3.940500	6.008900	1
61.497000	166.380000	-3.936300	6.009400	1
61.517000	166.460000	-3.943800	6.008900	1
61.537000	166.540000	-3.599800	6.008900	1
61.557000	166.620000	-3.252900	6.009500	1
61.577000	166.710000	-2.219100	6.009000	1
61.598000	166.790000	-1.878800	6.009100	1
61.618000	166.870000	-3.244800	6.009400	1
61.638000	166.950000	-3.598800	6.008600	1
61.657000	167.040000	-2.568100	6.009300	1
61.988000	168.450000	-3.597200	6.008900	1
62.007000	168.540000	-5.324400	6.009000	1
62.026000	168.620000	-6.346800	6.009300	1
62.044000	168.710000	-7.040500	6.008900	1
62.063000	168.790000	-3.946500	6.009500	1
62.082000	168.880000	-6.006700	6.009000	1
62.101000	168.960000	-3.252300	6.009200	1
62.119000	169.050000	-5.662500	6.009000	1
62.138000	169.130000	-3.945600	6.009400	1
62.156000	169.220000	-7.733500	6.009100	1
62.175000	169.300000	-7.049300	6.009300	1
62.193000	169.390000	-3.945200	6.009100	1
61.229000	165.740000	-4.424500	7.520600	1
61.250000	165.820000	-4.074200	7.520400	1
61.270000	165.900000	-4.427900	7.520200	1
61.291000	165.980000	-3.043600	7.520400	1
61.312000	166.060000	-0.643090	7.520600	1
61.332000	166.140000	-1.323100	7.520100	1
61.353000	166.230000	-0.638800	7.520700	1
61.373000	166.310000	0.737680	7.520500	1
61.393000	166.390000	-4.068800	7.520200	1
61.414000	166.470000	-2.702000	7.520600	1
61.434000	166.550000	-5.456000	7.520200	1
61.454000	166.630000	-4.068200	7.520100	1
61.474000	166.710000	-5.784000	7.520700	1
61.494000	166.800000	-6.145300	7.520300	1
61.514000	166.880000	-3.727300	7.520400	1
61.534000	166.960000	-6.481000	7.520700	1
61.554000	167.040000	-6.481200	7.519900	1
61.574000	167.120000	-3.386500	7.520500	1
61.594000	167.210000	-4.069600	7.520500	1
61.614000	167.290000	-2.699500	7.519900	1
61.884000	168.450000	-6.812200	7.520800	1
61.903000	168.540000	-5.088200	7.520200	1
61.922000	168.620000	-4.762800	7.520300	1
61.941000	168.710000	-4.064800	7.520600	1
61.960000	168.790000	-6.145700	7.520200	1
61.979000	168.880000	-6.492700	7.520700	1
61.997000	168.960000	-5.458700	7.520300	1
62.016000	169.050000	-7.171300	7.520500	1
62.034000	169.130000	-5.802100	7.520300	1
62.053000	169.220000	-4.771600	7.520700	1
62.071000	169.300000	-6.148100	7.520400	1
62.090000	169.390000	-5.107600	7.520600	1
62.108000	169.470000	-5.461300	7.520400	1
61.880000	168.670000	-3.702000	8.273500	1
61.899000	168.750000	-4.402300	8.273900	1
61.917000	168.830000	-5.425000	8.273500	1
61.936000	168.920000	-4.738100	8.274000	1
61.955000	169.000000	-7.159700	8.273500	1
61.973000	169.090000	-4.745200	8.273700	1
61.992000	169.170000	-8.185800	8.273600	1
62.010000	169.260000	-7.495200	8.273900	1
62.029000	169.340000	-7.491400	8.273600	1
62.047000	169.430000	-6.132100	8.273900	1
62.065000	169.510000	-7.158400	8.273700	1