La	Lo	Sig	Theta	Ice
66.202000	149.720000	-6.539900	-18.181000	1
66.198000	149.830000	-6.891100	-18.181000	1
66.195000	149.940000	-6.550900	-18.181000	1
66.191000	150.050000	-6.197000	-18.180000	1
66.187000	150.160000	-5.849100	-18.181000	1
66.183000	150.270000	-6.185800	-18.180000	1
66.179000	150.370000	-5.852800	-18.181000	1
66.175000	150.480000	-5.845500	-18.180000	1
66.171000	150.590000	-6.543200	-18.181000	1
66.167000	150.700000	-6.550700	-18.180000	1
66.163000	150.810000	-5.155000	-18.181000	1
66.158000	150.910000	-5.509200	-18.181000	1
66.154000	151.020000	-5.159000	-18.181000	1
66.149000	151.130000	-6.196900	-18.181000	1
66.145000	151.240000	-6.197000	-18.181000	1
66.140000	151.350000	-6.547600	-18.180000	1
66.135000	151.450000	-6.880200	-18.181000	1
66.131000	151.560000	-5.853700	-18.181000	1
66.126000	151.670000	-4.476700	-18.181000	1
66.121000	151.780000	-5.857100	-18.181000	1
66.116000	151.890000	-6.197900	-18.181000	1
66.110000	151.990000	-5.517500	-18.181000	1
66.105000	152.100000	-6.197500	-18.181000	1
66.100000	152.210000	-7.900400	-18.180000	1
66.095000	152.320000	-7.235800	-18.181000	1
66.089000	152.420000	-2.766500	-18.181000	1
66.084000	152.530000	-4.152100	-18.180000	1
66.078000	152.640000	-6.895500	-18.181000	1
64.245000	168.740000	-3.451300	-18.180000	1
64.227000	168.830000	-6.904200	-18.180000	1
64.210000	168.930000	-8.617900	-18.180000	1
64.193000	169.020000	-9.641500	-18.180000	1
64.176000	169.110000	-7.927500	-18.180000	1
64.159000	169.210000	-7.587300	-18.180000	1
64.141000	169.300000	-8.285600	-18.180000	1
64.124000	169.390000	-7.935400	-18.180000	1
64.107000	169.480000	-8.958800	-18.180000	1
64.089000	169.580000	-7.921100	-18.180000	1
64.071000	169.670000	-8.619000	-18.180000	1
64.054000	169.760000	-6.568900	-18.180000	1
66.140000	150.040000	-6.132000	-17.423000	1
66.137000	150.150000	-5.784000	-17.424000	1
66.133000	150.260000	-4.740300	-17.423000	1
66.129000	150.370000	-6.475400	-17.424000	1
66.125000	150.470000	-6.131900	-17.423000	1
66.121000	150.580000	-5.437500	-17.424000	1
66.116000	150.690000	-4.740100	-17.423000	1
66.112000	150.800000	-4.747200	-17.424000	1
66.108000	150.910000	-5.437700	-17.423000	1
66.103000	151.010000	-4.739900	-17.423000	1
66.099000	151.120000	-5.788000	-17.423000	1
66.094000	151.230000	-5.784200	-17.424000	1
66.090000	151.340000	-6.465000	-17.423000	1
66.085000	151.450000	-6.811200	-17.423000	1
66.080000	151.550000	-5.441900	-17.423000	1
66.075000	151.660000	-5.442100	-17.423000	1
66.070000	151.770000	-6.136100	-17.423000	1
66.065000	151.880000	-5.109500	-17.423000	1
66.060000	151.980000	-7.178100	-17.423000	1
66.055000	152.090000	-3.725300	-17.424000	1
66.049000	152.200000	-6.132600	-17.423000	1
66.044000	152.310000	-6.830300	-17.423000	1
66.039000	152.410000	-4.770700	-17.423000	1
66.033000	152.520000	-7.857900	-17.423000	1
66.028000	152.630000	-5.460500	-17.424000	1
66.022000	152.740000	-6.826400	-17.423000	1
64.264000	168.330000	-8.566600	-17.423000	1
64.247000	168.420000	-7.887600	-17.423000	1
64.231000	168.520000	-7.522500	-17.423000	1
64.214000	168.610000	-5.121700	-17.422000	1
64.197000	168.700000	-5.815600	-17.423000	1
64.180000	168.790000	-6.156000	-17.422000	1
64.163000	168.890000	-8.556300	-17.423000	1
64.146000	168.980000	-7.523200	-17.422000	1
64.129000	169.070000	-7.519500	-17.423000	1
64.111000	169.170000	-7.179600	-17.422000	1
64.094000	169.260000	-7.866200	-17.423000	1
64.077000	169.350000	-7.509000	-17.422000	1
64.059000	169.440000	-8.206800	-17.423000	1
64.042000	169.540000	-7.867000	-17.422000	1
64.024000	169.630000	-6.149600	-17.423000	1
64.006000	169.720000	-6.146100	-17.422000	1
66.082000	150.250000	-7.126500	-16.660000	1
66.078000	150.360000	-2.990900	-16.661000	1
66.074000	150.470000	-6.439800	-16.660000	1
66.070000	150.580000	-5.397800	-16.661000	1
66.066000	150.680000	-4.708000	-16.660000	1
66.062000	150.790000	-5.055200	-16.661000	1
66.057000	150.900000	-5.055400	-16.660000	1
66.053000	151.010000	-4.715300	-16.661000	1
66.048000	151.110000	-5.742100	-16.660000	1
66.044000	151.220000	-6.092200	-16.661000	1
66.039000	151.330000	-5.749800	-16.660000	1
66.034000	151.440000	-5.405800	-16.661000	1
66.029000	151.540000	-4.715800	-16.660000	1
66.025000	151.650000	-5.738700	-16.660000	1
66.020000	151.760000	-5.055900	-16.661000	1
66.015000	151.870000	-5.056100	-16.660000	1
66.009000	151.970000	-7.119600	-16.660000	1
66.004000	152.080000	-2.995400	-16.661000	1
65.999000	152.190000	-4.394800	-16.660000	1
65.994000	152.300000	-6.433100	-16.660000	1
65.988000	152.400000	-6.451600	-16.661000	1
64.183000	168.480000	-6.459400	-16.660000	1
64.166000	168.570000	-8.177100	-16.660000	1
64.149000	168.660000	-8.181000	-16.660000	1
64.132000	168.750000	-7.840700	-16.660000	1
64.115000	168.850000	-7.840800	-16.660000	1
64.098000	168.940000	-4.728400	-16.660000	1
64.081000	169.030000	-5.091000	-16.660000	1
64.064000	169.130000	-7.830000	-16.660000	1
64.047000	169.220000	-6.803200	-16.660000	1
64.029000	169.310000	-6.457100	-16.660000	1
64.012000	169.400000	-7.831200	-16.660000	1
63.994000	169.490000	-7.144600	-16.660000	1
63.977000	169.590000	-8.168000	-16.660000	1
63.959000	169.680000	-7.495100	-16.660000	1
66.028000	150.350000	-5.623200	-15.903000	1
66.024000	150.460000	-5.612300	-15.902000	1
66.020000	150.570000	-6.317300	-15.903000	1
66.016000	150.680000	-5.612400	-15.902000	1
66.012000	150.780000	-3.208900	-15.903000	1
66.007000	150.890000	-5.269600	-15.902000	1
66.003000	151.000000	-5.959700	-15.903000	1
65.998000	151.110000	-5.627300	-15.902000	1
65.994000	151.210000	-6.310000	-15.903000	1
65.989000	151.320000	-5.273700	-15.902000	1
65.984000	151.430000	-6.314100	-15.903000	1
65.980000	151.540000	-5.964000	-15.902000	1
65.975000	151.640000	-6.654400	-15.902000	1
65.970000	151.750000	-5.266200	-15.903000	1
65.965000	151.860000	-5.277700	-15.903000	1
65.960000	151.960000	-1.850800	-15.902000	1
65.954000	152.070000	-5.964300	-15.903000	1
65.949000	152.180000	-8.379500	-15.902000	1
65.944000	152.290000	-7.337500	-15.902000	1
65.938000	152.390000	-7.345200	-15.903000	1
65.933000	152.500000	-4.594200	-15.902000	1
65.927000	152.610000	-5.975700	-15.903000	1
65.922000	152.710000	-6.669800	-15.903000	1
65.916000	152.820000	-6.673900	-15.902000	1
65.910000	152.930000	-7.006300	-15.903000	1
65.904000	153.030000	-6.659000	-15.902000	1
64.186000	168.160000	-3.578600	-15.902000	1
64.169000	168.250000	-5.990600	-15.902000	1
64.153000	168.340000	-7.010000	-15.902000	1
64.136000	168.440000	-8.044600	-15.902000	1
64.119000	168.530000	-9.766100	-15.902000	1
64.102000	168.620000	-7.006700	-15.902000	1
64.085000	168.720000	-6.670500	-15.902000	1
64.068000	168.810000	-3.236800	-15.902000	1
64.051000	168.900000	-5.644100	-15.902000	1
64.034000	168.990000	-5.999300	-15.902000	1
64.017000	169.090000	-5.290400	-15.902000	1
64.000000	169.180000	-4.617800	-15.902000	1
63.982000	169.270000	-5.283200	-15.902000	1
63.965000	169.360000	-3.927900	-15.902000	1
63.948000	169.450000	-4.950900	-15.902000	1
63.930000	169.550000	-7.004400	-15.902000	1
63.912000	169.640000	-6.668300	-15.902000	1
65.979000	150.350000	-5.891700	-15.147000	1
65.975000	150.450000	-5.895800	-15.146000	1
65.971000	150.560000	-5.201500	-15.147000	1
65.966000	150.670000	-5.549400	-15.146000	1
65.962000	150.780000	-4.861400	-15.147000	1
65.958000	150.880000	-4.869200	-15.146000	1
65.953000	150.990000	-4.522800	-15.147000	1
65.949000	151.100000	-3.485200	-15.146000	1
65.944000	151.210000	-5.545500	-15.147000	1
65.940000	151.310000	-6.236200	-15.146000	1
65.935000	151.420000	-6.239800	-15.147000	1
65.930000	151.530000	-4.865800	-15.147000	1
65.925000	151.630000	-4.175700	-15.146000	1
65.920000	151.740000	-6.930300	-15.147000	1
65.915000	151.850000	-6.930400	-15.147000	1
65.910000	151.950000	-5.210000	-15.146000	1
65.930000	150.340000	-5.160000	-14.393000	1
65.926000	150.450000	-5.504200	-14.392000	1
65.922000	150.550000	-4.469700	-14.393000	1
65.917000	150.660000	-4.817700	-14.392000	1
65.913000	150.770000	-4.809800	-14.393000	1
65.909000	150.880000	-5.160300	-14.392000	1
65.905000	150.980000	-4.813700	-14.393000	1
65.900000	151.090000	-6.198100	-14.392000	1
65.895000	151.200000	-5.156400	-14.393000	1
65.891000	151.300000	-5.504400	-14.392000	1
65.886000	151.410000	-5.160400	-14.393000	1
65.881000	151.520000	-6.190900	-14.392000	1
65.876000	151.620000	-5.504500	-14.392000	1
65.871000	151.730000	-4.825400	-14.393000	1
65.866000	151.840000	-7.213900	-14.393000	1
65.861000	151.940000	-7.233000	-14.392000	1
64.240000	167.240000	-6.899200	-14.392000	1
64.224000	167.330000	-5.182500	-14.392000	1
64.208000	167.430000	-2.779500	-14.392000	1
64.191000	167.520000	-6.910800	-14.392000	1
64.175000	167.610000	-3.806200	-14.392000	1
64.159000	167.710000	-5.190500	-14.392000	1
64.143000	167.800000	-5.515600	-14.392000	1
64.126000	167.890000	-5.190700	-14.392000	1
64.110000	167.990000	-2.436400	-14.392000	1
64.093000	168.080000	-5.859900	-14.392000	1
64.077000	168.170000	-7.584500	-14.392000	1
64.060000	168.270000	-8.267400	-14.392000	1
64.043000	168.360000	-8.604200	-14.392000	1
64.026000	168.450000	-6.904600	-14.392000	1
64.010000	168.550000	-7.923800	-14.392000	1
63.993000	168.640000	-7.581600	-14.392000	1
63.976000	168.730000	-6.222200	-14.392000	1
63.959000	168.820000	-3.464000	-14.392000	1
63.942000	168.910000	-5.184600	-14.392000	1
63.925000	169.010000	-4.154500	-14.392000	1
63.907000	169.100000	-3.456800	-14.392000	1
63.890000	169.190000	-4.834900	-14.392000	1
63.873000	169.280000	-6.555500	-14.392000	1
63.855000	169.370000	-5.174000	-14.392000	1
63.838000	169.470000	-7.242400	-14.392000	1
63.820000	169.560000	-5.854500	-14.392000	1
65.881000	150.330000	-6.148300	-13.636000	1
65.877000	150.440000	-6.141000	-13.635000	1
65.873000	150.550000	-4.770300	-13.636000	1
65.869000	150.650000	-4.759300	-13.635000	1
65.864000	150.760000	-5.110300	-13.635000	1
65.860000	150.870000	-5.110500	-13.635000	1
65.856000	150.970000	-4.430300	-13.635000	1
65.851000	151.080000	-4.766800	-13.635000	1
65.847000	151.190000	-6.148400	-13.636000	1
65.842000	151.300000	-5.457200	-13.635000	1
65.837000	151.400000	-5.461000	-13.635000	1
65.832000	151.510000	-5.808600	-13.635000	1
65.828000	151.620000	-4.774700	-13.635000	1
65.823000	151.720000	-4.774600	-13.635000	1
65.818000	151.830000	-5.472500	-13.635000	1
65.812000	151.930000	-5.480200	-13.635000	1
65.807000	152.040000	-3.752100	-13.636000	1
65.802000	152.150000	-6.510600	-13.635000	1
65.797000	152.250000	-7.866500	-13.635000	1
65.791000	152.360000	-7.522000	-13.635000	1
65.786000	152.470000	-2.364800	-13.635000	1
64.113000	167.670000	-6.513600	-13.635000	1
64.096000	167.760000	-4.121900	-13.635000	1
64.080000	167.860000	-5.816100	-13.635000	1
64.064000	167.950000	-7.888300	-13.635000	1
64.047000	168.040000	-5.476200	-13.635000	1
64.031000	168.140000	-6.846600	-13.635000	1
64.014000	168.230000	-8.227700	-13.635000	1
63.997000	168.320000	-7.877600	-13.635000	1
63.980000	168.410000	-6.850900	-13.635000	1
63.964000	168.510000	-5.480500	-13.635000	1
63.947000	168.600000	-8.560900	-13.634000	1
63.930000	168.690000	-8.568500	-13.635000	1
63.913000	168.780000	-7.205300	-13.634000	1
63.896000	168.880000	-4.790900	-13.635000	1
63.879000	168.970000	-4.791100	-13.634000	1
63.862000	169.060000	-1.711900	-13.635000	1
63.844000	169.150000	-4.798900	-13.634000	1
63.827000	169.240000	-4.470200	-13.635000	1
63.810000	169.330000	-4.791600	-13.634000	1
63.792000	169.430000	-5.474400	-13.635000	1
63.775000	169.520000	-6.163100	-13.634000	1
65.836000	150.220000	-6.003500	-12.876000	1
65.832000	150.330000	-6.003200	-12.876000	1
65.828000	150.430000	-5.663400	-12.875000	1
65.824000	150.540000	-2.566100	-12.876000	1
65.820000	150.650000	-3.606700	-12.875000	1
65.816000	150.750000	-4.636700	-12.876000	1
65.811000	150.860000	-3.606600	-12.876000	1
65.807000	150.970000	-4.632400	-12.876000	1
65.802000	151.070000	-5.317200	-12.876000	1
65.798000	151.180000	-5.308800	-12.876000	1
65.793000	151.290000	-4.980500	-12.875000	1
65.789000	151.390000	-5.316700	-12.876000	1
65.784000	151.500000	-4.632800	-12.876000	1
65.779000	151.610000	-5.674600	-12.875000	1
65.774000	151.710000	-4.980600	-12.876000	1
65.769000	151.820000	-4.988300	-12.876000	1
65.764000	151.920000	0.176100	-12.876000	1
65.759000	152.030000	-6.033800	-12.876000	1
65.753000	152.140000	-4.309700	-12.875000	1
65.748000	152.240000	-4.298400	-12.876000	1
65.743000	152.350000	-5.686200	-12.876000	1
65.737000	152.460000	-4.660100	-12.875000	1
64.034000	167.820000	-6.030100	-12.875000	1
64.018000	167.910000	-6.018900	-12.876000	1
64.001000	168.010000	-7.399600	-12.875000	1
63.985000	168.100000	-8.076200	-12.875000	1
63.968000	168.190000	-8.430400	-12.875000	1
63.951000	168.280000	-7.743900	-12.875000	1
63.935000	168.380000	-7.053800	-12.875000	1
63.918000	168.470000	-7.050000	-12.875000	1
63.901000	168.560000	-7.054100	-12.875000	1
63.884000	168.650000	-6.363700	-12.875000	1
63.867000	168.750000	-2.590600	-12.875000	1
63.850000	168.840000	-2.929500	-12.875000	1
63.833000	168.930000	-4.299900	-12.875000	1
63.816000	169.020000	-3.956000	-12.875000	1
63.799000	169.110000	-1.907300	-12.875000	1
63.781000	169.200000	-4.646500	-12.875000	1
63.764000	169.300000	-5.688200	-12.875000	1
63.747000	169.390000	-3.631700	-12.875000	1
63.729000	169.480000	-4.647000	-12.875000	1
65.791000	150.110000	-7.057400	-12.116000	1
65.787000	150.210000	-4.642900	-12.116000	1
65.784000	150.320000	-4.638900	-12.116000	1
65.780000	150.430000	-3.962800	-12.115000	1
65.776000	150.530000	-4.646300	-12.116000	1
65.771000	150.640000	-5.669400	-12.115000	1
65.767000	150.750000	-5.000300	-12.116000	1
65.763000	150.850000	-4.295200	-12.116000	1
65.758000	150.960000	-4.302700	-12.116000	1
65.754000	151.070000	-5.333200	-12.115000	1
65.749000	151.170000	-5.332800	-12.116000	1
65.745000	151.280000	-4.989500	-12.115000	1
65.740000	151.380000	-4.643000	-12.116000	1
65.735000	151.490000	-5.669700	-12.116000	1
65.730000	151.600000	-5.666000	-12.115000	1
65.725000	151.700000	-6.027300	-12.116000	1
65.720000	151.810000	-4.643300	-12.116000	1
65.715000	151.920000	-2.250700	-12.115000	1
65.710000	152.020000	-3.970800	-12.116000	1
65.705000	152.130000	-2.594700	-12.115000	1
65.700000	152.230000	-6.711900	-12.115000	1
65.694000	152.340000	-1.228200	-12.116000	1
65.689000	152.440000	-0.870930	-12.115000	1
65.683000	152.550000	-6.375400	-12.116000	1
65.678000	152.660000	-7.756300	-12.116000	1
63.955000	167.970000	-7.405300	-12.115000	1
63.939000	168.060000	-7.405500	-12.115000	1
63.922000	168.150000	-6.719100	-12.115000	1
63.906000	168.250000	-7.763300	-12.115000	1
63.889000	168.340000	-6.719400	-12.115000	1
63.872000	168.430000	-5.337600	-12.115000	1
63.855000	168.520000	-5.349300	-12.115000	1
63.838000	168.620000	-6.383300	-12.115000	1
63.821000	168.710000	-6.039600	-12.115000	1
63.804000	168.800000	-8.440700	-12.115000	1
63.787000	168.890000	-7.402900	-12.115000	1
63.770000	168.980000	-5.682300	-12.115000	1
63.753000	169.070000	-5.693800	-12.115000	1
63.736000	169.170000	-6.724300	-12.115000	1
63.718000	169.260000	-5.354100	-12.115000	1
63.701000	169.350000	-4.660200	-12.115000	1
63.684000	169.440000	-4.324100	-12.115000	1
65.743000	150.100000	-4.923600	-11.363000	1
65.740000	150.210000	-4.587400	-11.362000	1
65.736000	150.310000	-5.277400	-11.363000	1
65.732000	150.420000	-4.923800	-11.362000	1
65.728000	150.530000	-4.243300	-11.363000	1
65.723000	150.630000	-3.897400	-11.362000	1
65.719000	150.740000	-4.583500	-11.363000	1
65.715000	150.840000	-3.897200	-11.362000	1
65.711000	150.950000	-2.523200	-11.362000	1
65.706000	151.060000	-3.901200	-11.362000	1
65.702000	151.160000	-4.927300	-11.363000	1
65.697000	151.270000	-5.277900	-11.362000	1
65.692000	151.380000	-5.277600	-11.362000	1
65.687000	151.480000	-5.610300	-11.362000	1
65.683000	151.590000	-4.931800	-11.362000	1
65.678000	151.690000	-5.618100	-11.362000	1
63.910000	167.930000	-6.999700	-11.362000	1
63.894000	168.020000	-6.663300	-11.362000	1
63.877000	168.120000	-7.007500	-11.362000	1
63.860000	168.210000	-6.323500	-11.362000	1
63.844000	168.300000	-5.969800	-11.362000	1
63.827000	168.390000	-5.962300	-11.362000	1
63.810000	168.490000	-4.599700	-11.362000	1
63.793000	168.580000	-5.977600	-11.362000	1
63.777000	168.670000	-6.328100	-11.362000	1
63.760000	168.760000	-7.000700	-11.362000	1
63.742000	168.850000	-7.008400	-11.362000	1
63.725000	168.940000	-5.630600	-11.362000	1
63.708000	169.040000	-5.630800	-11.362000	1
63.691000	169.130000	-4.261300	-11.362000	1
63.674000	169.220000	-4.945400	-11.362000	1
63.656000	169.310000	-4.605400	-11.362000	1
63.639000	169.400000	-4.609400	-11.362000	1
65.688000	150.310000	-4.277700	-10.602000	1
65.684000	150.410000	-4.628100	-10.601000	1
65.680000	150.520000	-3.583800	-10.602000	1
65.675000	150.620000	-5.304500	-10.601000	1
65.671000	150.730000	-5.315500	-10.602000	1
65.667000	150.840000	-3.934000	-10.602000	1
65.662000	150.940000	-3.247600	-10.602000	1
65.658000	151.050000	-2.221500	-10.601000	1
65.654000	151.160000	-3.591400	-10.602000	1
65.649000	151.260000	-2.904300	-10.601000	1
65.644000	151.370000	-5.308200	-10.602000	1
65.639000	151.470000	-4.968300	-10.602000	1
65.635000	151.580000	-4.278400	-10.601000	1
65.630000	151.680000	-6.006200	-10.602000	1
65.625000	151.790000	-5.662400	-10.602000	1
65.620000	151.900000	-5.666500	-10.601000	1
65.614000	152.000000	-4.301000	-10.602000	1
65.609000	152.110000	-3.267500	-10.601000	1
65.604000	152.210000	-3.600100	-10.601000	1
65.599000	152.320000	-3.259800	-10.602000	1
65.593000	152.420000	-1.547500	-10.601000	1
65.588000	152.530000	-8.425100	-10.602000	1
63.848000	167.990000	-6.354300	-10.601000	1
63.832000	168.080000	-5.666700	-10.601000	1
63.815000	168.170000	-5.670600	-10.601000	1
63.799000	168.260000	-5.674500	-10.601000	1
63.782000	168.360000	-5.674600	-10.601000	1
63.765000	168.450000	-6.705000	-10.601000	1
63.748000	168.540000	-7.045200	-10.601000	1
63.731000	168.630000	-6.705300	-10.601000	1
63.714000	168.720000	-5.317600	-10.601000	1
63.697000	168.810000	-7.382000	-10.601000	1
63.680000	168.910000	-6.359400	-10.601000	1
63.663000	169.000000	-6.015800	-10.601000	1
63.646000	169.090000	-6.359700	-10.601000	1
63.629000	169.180000	-4.982000	-10.601000	1
63.611000	169.270000	-4.661000	-10.601000	1
63.594000	169.360000	-5.683800	-10.601000	1
65.640000	150.300000	-4.255500	-9.845900	1
65.636000	150.410000	-3.221900	-9.845200	1
65.632000	150.510000	-4.255400	-9.846100	1
65.628000	150.620000	-4.592100	-9.845100	1
65.624000	150.720000	-4.941900	-9.845700	1
65.619000	150.830000	-4.248100	-9.845500	1
65.615000	150.930000	-4.941900	-9.845700	1
65.610000	151.040000	-4.942200	-9.845300	1
65.606000	151.150000	-3.554000	-9.846200	1
65.601000	151.250000	-3.905900	-9.845100	1
65.597000	151.360000	-4.934700	-9.845700	1
65.592000	151.460000	-4.946000	-9.845600	1
65.587000	151.570000	-3.222200	-9.845200	1
65.582000	151.670000	-3.222200	-9.845700	1
65.577000	151.780000	-4.259900	-9.845800	1
65.572000	151.890000	-5.976800	-9.845300	1
65.567000	151.990000	-5.634000	-9.846100	1
65.562000	152.100000	-5.630500	-9.845400	1
65.556000	152.200000	-7.354900	-9.845300	1
63.820000	167.860000	-5.983700	-9.845200	1
63.803000	167.950000	-4.607400	-9.845300	1
63.787000	168.040000	-5.297600	-9.845200	1
63.770000	168.140000	-4.267500	-9.845200	1
63.754000	168.230000	-4.607700	-9.845200	1
63.737000	168.320000	-6.338200	-9.845200	1
63.720000	168.410000	-6.334600	-9.845100	1
63.704000	168.500000	-6.674700	-9.845200	1
63.687000	168.590000	-6.338600	-9.845100	1
63.670000	168.690000	-5.652300	-9.845100	1
63.653000	168.780000	-4.954800	-9.845100	1
63.636000	168.870000	-5.648800	-9.845100	1
63.619000	168.960000	-3.922500	-9.845000	1
63.601000	169.050000	0.876530	-9.845200	1
63.584000	169.140000	-5.306800	-9.845000	1
63.567000	169.230000	-4.261600	-9.845100	1
63.549000	169.320000	-3.254400	-9.845000	1
65.608000	149.870000	-5.992100	-9.091200	1
65.604000	149.970000	-4.271800	-9.091200	1
65.600000	150.080000	-4.621700	-9.091400	1
65.597000	150.190000	-4.275400	-9.091300	1
65.593000	150.290000	-3.591400	-9.091600	1
65.589000	150.400000	-3.591700	-9.090900	1
65.585000	150.500000	-4.271400	-9.091800	1
65.581000	150.610000	-4.618100	-9.090900	1
65.576000	150.720000	-3.927700	-9.091400	1
65.572000	150.820000	-2.897700	-9.091200	1
65.568000	150.930000	-3.927700	-9.091400	1
65.563000	151.030000	-3.595500	-9.090900	1
65.559000	151.140000	-4.271400	-9.091900	1
65.554000	151.240000	-3.588200	-9.090800	1
65.549000	151.350000	-4.275600	-9.091400	1
65.545000	151.450000	-5.312100	-9.091300	1
65.540000	151.560000	-4.962300	-9.090900	1
65.535000	151.670000	-4.965900	-9.091400	1
65.530000	151.770000	-3.603300	-9.091500	1
63.872000	167.270000	-4.636300	-9.091000	1
63.856000	167.360000	-4.984000	-9.091000	1
63.840000	167.450000	-3.942600	-9.091000	1
63.824000	167.550000	-3.606500	-9.091000	1
63.808000	167.640000	-4.282900	-9.090900	1
63.792000	167.730000	-4.286700	-9.091000	1
63.775000	167.820000	-4.636900	-9.090900	1
63.759000	167.920000	-5.323400	-9.091000	1
63.742000	168.010000	-5.323500	-9.090900	1
63.726000	168.100000	-4.633400	-9.090900	1
63.709000	168.190000	-4.977400	-9.090900	1
63.693000	168.280000	-4.637500	-9.090900	1
63.676000	168.370000	-4.977700	-9.090800	1
63.659000	168.470000	-5.671500	-9.090900	1
63.642000	168.560000	-4.641600	-9.090800	1
63.625000	168.650000	-5.328100	-9.090800	1
63.608000	168.740000	-6.358500	-9.090800	1
63.591000	168.830000	-4.638200	-9.090800	1
63.574000	168.920000	-3.273300	-9.090800	1
63.557000	169.010000	-0.179390	-9.090900	1
63.540000	169.100000	-3.616100	-9.090700	1
63.523000	169.190000	-4.982600	-9.090900	1
63.505000	169.280000	-2.586300	-9.090700	1
65.557000	149.970000	-5.068500	-8.335100	1
65.553000	150.070000	-4.382000	-8.335100	1
65.549000	150.180000	-3.691900	-8.335100	1
65.546000	150.290000	-4.045600	-8.335300	1
65.542000	150.390000	-1.621900	-8.334700	1
65.538000	150.500000	-3.691600	-8.335500	1
65.533000	150.600000	-3.005800	-8.334700	1
65.529000	150.710000	-3.695600	-8.335100	1
65.525000	150.810000	-4.042000	-8.335000	1
65.521000	150.920000	-4.041900	-8.335200	1
65.516000	151.020000	-3.002000	-8.334700	1
65.512000	151.130000	-4.041700	-8.335700	1
65.507000	151.240000	-2.998400	-8.334600	1
65.502000	151.340000	-2.661900	-8.335200	1
65.498000	151.450000	-4.382200	-8.335100	1
65.493000	151.550000	-4.386200	-8.334700	1
65.488000	151.660000	-5.076200	-8.335100	1
65.483000	151.760000	-3.359800	-8.335300	1
65.478000	151.870000	-7.484700	-8.334700	1
65.473000	151.970000	-4.386200	-8.335500	1
65.467000	152.080000	-0.949950	-8.334900	1
65.462000	152.180000	-1.297600	-8.334700	1
65.537000	149.120000	-5.481800	-7.579300	1
65.534000	149.220000	-2.378200	-7.578000	1
65.531000	149.330000	-2.374100	-7.578700	1
65.527000	149.430000	-4.437000	-7.578200	1
65.524000	149.540000	-4.432900	-7.578800	1
65.521000	149.650000	-5.463400	-7.578100	1
65.517000	149.750000	-5.109200	-7.578800	1
65.514000	149.860000	-4.079300	-7.578300	1
65.510000	149.960000	-4.079100	-7.578500	1
65.506000	150.070000	-4.765400	-7.578500	1
65.502000	150.170000	-4.075200	-7.578600	1
65.498000	150.280000	-3.052500	-7.578700	1
65.494000	150.380000	-2.709000	-7.578100	1
65.490000	150.490000	-2.704800	-7.578900	1
65.486000	150.600000	-3.739100	-7.578100	1
65.482000	150.700000	-3.048800	-7.578500	1
65.478000	150.810000	-3.735300	-7.578400	1
65.473000	150.910000	-3.735100	-7.578600	1
65.469000	151.020000	-4.075400	-7.578100	1
65.465000	151.120000	-4.071200	-7.579100	1
65.460000	151.230000	-4.079300	-7.578000	1
65.455000	151.330000	-2.358900	-7.578600	1
65.451000	151.440000	-3.739100	-7.578500	1
65.446000	151.540000	-4.762000	-7.578100	1
65.441000	151.650000	-3.743000	-7.578500	1
65.436000	151.750000	-3.052900	-7.578700	1
65.431000	151.860000	-2.359500	-7.578100	1
65.426000	151.960000	-5.799500	-7.579000	1
65.420000	152.070000	-6.142500	-7.578400	1
65.415000	152.170000	-5.113700	-7.578200	1
65.410000	152.280000	-3.399500	-7.578800	1
65.404000	152.380000	-3.414900	-7.578100	1
65.399000	152.490000	-0.993250	-7.578500	1
65.393000	152.590000	-5.799900	-7.578800	1
63.703000	167.660000	-2.030000	-7.578200	1
63.686000	167.750000	-3.063900	-7.578200	1
63.670000	167.840000	-4.090400	-7.578200	1
63.654000	167.930000	-3.750400	-7.578200	1
63.637000	168.030000	-1.690400	-7.578100	1
63.620000	168.120000	-3.410600	-7.578200	1
63.604000	168.210000	-3.060700	-7.578100	1
63.587000	168.300000	-3.410900	-7.578000	1
63.570000	168.390000	-3.751000	-7.578100	1
63.554000	168.480000	-4.087400	-7.578000	1
63.537000	168.570000	-2.724800	-7.578100	1
63.520000	168.670000	-1.008600	-7.578000	1
63.503000	168.760000	-2.725100	-7.578000	1
63.486000	168.850000	-2.729000	-7.578000	1
63.469000	168.940000	-2.736500	-7.578100	1
63.452000	169.030000	-1.346100	-7.578000	1
63.434000	169.120000	-2.379900	-7.578100	1
63.417000	169.210000	-2.730200	-7.578000	1
65.467000	149.850000	-4.807400	-6.824000	1
65.463000	149.960000	-4.807300	-6.824300	1
65.459000	150.060000	-4.117200	-6.824100	1
65.456000	150.170000	-2.736900	-6.824300	1
65.452000	150.270000	-2.393100	-6.824400	1
65.448000	150.380000	-2.733400	-6.823900	1
65.444000	150.480000	-2.392900	-6.824600	1
65.440000	150.590000	-2.397100	-6.823900	1
65.435000	150.690000	-0.676790	-6.824200	1
65.431000	150.800000	-4.117000	-6.824100	1
65.427000	150.900000	-2.733100	-6.824300	1
65.422000	151.010000	-4.113600	-6.823800	1
65.418000	151.110000	-4.806800	-6.824800	1
65.413000	151.220000	-2.393500	-6.823800	1
65.409000	151.320000	-2.053300	-6.824300	1
65.404000	151.430000	-2.737100	-6.824300	1
65.399000	151.530000	-4.811300	-6.823900	1
65.394000	151.640000	-4.457400	-6.824200	1
65.389000	151.740000	-0.680760	-6.824400	1
65.384000	151.850000	-1.027500	-6.823800	1
65.379000	151.950000	-3.427200	-6.824700	1
65.374000	152.060000	-3.091300	-6.824100	1
65.369000	152.160000	-3.781500	-6.823900	1
65.363000	152.270000	-5.487700	-6.824500	1
65.358000	152.370000	0.688590	-6.823800	1
65.352000	152.470000	-2.737700	-6.824200	1
65.347000	152.580000	-5.487800	-6.824600	1
65.341000	152.680000	-7.212300	-6.823800	1
65.335000	152.790000	-6.872000	-6.824400	1
65.330000	152.890000	-2.405300	-6.824300	1
65.324000	153.000000	0.680790	-6.823800	1
65.318000	153.100000	-5.162800	-6.824800	1
65.312000	153.200000	-3.796900	-6.823900	1
65.306000	153.310000	-4.465700	-6.824200	1
63.527000	168.360000	-3.098900	-6.823900	1
63.510000	168.450000	-4.132900	-6.823800	1
63.493000	168.540000	-3.439800	-6.823800	1
63.476000	168.630000	-1.383400	-6.823800	1
63.459000	168.720000	2.396600	-6.823800	1
63.442000	168.810000	-0.349870	-6.823800	1
63.425000	168.900000	2.063800	-6.823800	1
63.408000	168.990000	-1.043900	-6.823700	1
63.391000	169.080000	-2.074100	-6.823800	1
63.373000	169.170000	-3.444400	-6.823700	1
65.420000	149.840000	-5.605700	-6.069400	1
65.416000	149.950000	-4.235300	-6.069700	1
65.413000	150.050000	-2.515200	-6.069400	1
65.409000	150.160000	-2.855000	-6.069700	1
65.405000	150.260000	-2.855000	-6.069800	1
65.401000	150.370000	-2.161500	-6.069200	1
65.397000	150.480000	-2.851100	-6.070000	1
65.393000	150.580000	-0.451400	-6.069300	1
65.389000	150.680000	-3.191400	-6.069500	1
65.384000	150.790000	-3.545100	-6.069500	1
65.380000	150.890000	-3.195000	-6.069700	1
65.376000	151.000000	-4.571800	-6.069100	1
65.371000	151.100000	-3.191000	-6.070200	1
65.367000	151.210000	-2.851700	-6.069200	1
65.362000	151.310000	-3.541500	-6.069600	1
65.357000	151.420000	-0.795040	-6.069600	1
65.352000	151.520000	-1.825400	-6.069200	1
65.348000	151.630000	-2.511700	-6.069500	1
65.343000	151.730000	-2.855200	-6.069800	1
65.338000	151.840000	-5.620700	-6.069200	1
63.533000	168.050000	-2.523000	-6.069300	1
63.516000	168.140000	-4.930700	-6.069200	1
63.499000	168.230000	-1.493200	-6.069200	1
63.483000	168.320000	-4.251300	-6.069200	1
63.466000	168.410000	-2.527500	-6.069100	1
63.449000	168.500000	-2.173800	-6.069200	1
63.432000	168.590000	-1.147500	-6.069200	1
63.415000	168.680000	-3.897800	-6.069100	1
63.398000	168.770000	-3.894300	-6.069200	1
63.381000	168.860000	-4.931900	-6.069200	1
63.364000	168.950000	-4.255700	-6.069100	1
63.347000	169.040000	-4.248400	-6.069200	1
63.330000	169.130000	-3.212200	-6.069100	1
65.366000	150.050000	-1.647200	-5.314400	1
65.362000	150.150000	-2.676900	-5.314700	1
65.358000	150.260000	-5.087100	-5.314700	1
65.354000	150.360000	-2.337200	-5.314300	1
65.350000	150.470000	-3.026700	-5.315000	1
65.346000	150.570000	-2.677100	-5.314300	1
65.342000	150.680000	-2.677000	-5.314500	1
65.338000	150.780000	-1.997000	-5.314500	1
65.334000	150.890000	-2.333200	-5.314700	1
65.329000	150.990000	-2.673600	-5.314100	1
65.325000	151.100000	-2.673000	-5.315200	1
65.320000	151.200000	-2.337300	-5.314200	1
65.315000	151.310000	-0.616950	-5.314600	1
65.311000	151.410000	-3.707100	-5.314600	1
65.306000	151.510000	-0.617280	-5.314200	1
65.301000	151.620000	-2.000900	-5.314500	1
65.296000	151.720000	-2.680800	-5.314800	1
65.291000	151.830000	-3.371300	-5.314100	1
63.682000	166.910000	-4.074800	-5.314400	1
63.667000	167.000000	2.104400	-5.314300	1
63.651000	167.090000	-1.675700	-5.314500	1
63.635000	167.190000	0.735060	-5.314300	1
63.619000	167.280000	-2.347800	-5.314400	1
63.603000	167.370000	-4.408100	-5.314300	1
63.587000	167.460000	-4.408100	-5.314400	1
63.571000	167.550000	-3.718200	-5.314300	1
63.554000	167.640000	-1.658200	-5.314300	1
63.538000	167.740000	-2.688400	-5.314200	1
63.522000	167.830000	-2.688400	-5.314300	1
63.505000	167.920000	-3.038600	-5.314200	1
63.489000	168.010000	-0.978460	-5.314300	1
63.472000	168.100000	0.401460	-5.314200	1
63.456000	168.190000	-1.318600	-5.314200	1
63.439000	168.280000	-0.979110	-5.314200	1
63.422000	168.370000	1.094500	-5.314200	1
63.405000	168.460000	-2.685600	-5.314200	1
63.389000	168.560000	-3.035700	-5.314200	1
63.372000	168.650000	-3.379500	-5.314100	1
63.355000	168.740000	-3.035900	-5.314200	1
63.338000	168.830000	-3.379700	-5.314200	1
63.321000	168.920000	-2.693500	-5.314100	1
63.303000	169.010000	-2.693600	-5.314200	1
63.286000	169.100000	0.399940	-5.314100	1
65.334000	149.620000	-5.580100	-4.559200	1
65.331000	149.730000	-4.199300	-4.560100	1
65.327000	149.830000	-3.516100	-4.559500	1
65.323000	149.940000	-3.165600	-4.559900	1
65.320000	150.040000	-2.135800	-4.559500	1
65.316000	150.150000	-3.165500	-4.559900	1
65.312000	150.250000	-2.825500	-4.559900	1
65.308000	150.360000	-1.795700	-4.559400	1
65.304000	150.460000	-3.165300	-4.560100	1
65.300000	150.560000	-1.795600	-4.559500	1
65.296000	150.670000	-2.822000	-4.559600	1
65.291000	150.770000	-0.415500	-4.559600	1
65.287000	150.880000	0.264650	-4.559800	1
65.283000	150.980000	-0.765790	-4.559200	1
65.278000	151.090000	-0.071499	-4.560300	1
65.274000	151.190000	-1.792300	-4.559300	1
65.269000	151.300000	-1.452000	-4.559800	1
65.264000	151.400000	-1.792000	-4.559800	1
65.260000	151.500000	-0.762320	-4.559400	1
65.255000	151.610000	-2.485900	-4.559600	1
63.575000	167.240000	-2.836400	-4.559600	1
63.559000	167.330000	-1.806500	-4.559400	1
63.543000	167.430000	-3.526600	-4.559500	1
63.527000	167.520000	-2.496700	-4.559400	1
63.510000	167.610000	-2.146700	-4.559500	1
63.494000	167.700000	0.253220	-4.559400	1
63.478000	167.790000	1.633300	-4.559500	1
63.461000	167.880000	-0.426880	-4.559400	1
63.445000	167.970000	-1.466800	-4.559500	1
63.428000	168.070000	-1.120600	-4.559300	1
63.412000	168.160000	1.283100	-4.559400	1
63.395000	168.250000	1.973100	-4.559400	1
63.379000	168.340000	-0.423870	-4.559300	1
63.362000	168.430000	0.946130	-4.559300	1
63.345000	168.520000	-0.770380	-4.559400	1
63.328000	168.610000	-1.807700	-4.559300	1
63.311000	168.700000	-2.837800	-4.559400	1
63.294000	168.790000	-3.181600	-4.559300	1
63.277000	168.880000	-2.501700	-4.559300	1
63.260000	168.970000	-1.808200	-4.559400	1
63.243000	169.060000	-0.428400	-4.559300	1
65.273000	150.030000	-2.742400	-3.803700	1
65.269000	150.140000	-5.492200	-3.804200	1
65.266000	150.240000	-3.772100	-3.804100	1
65.262000	150.350000	-1.022200	-3.803700	1
65.258000	150.450000	-1.021800	-3.804300	1
65.254000	150.560000	0.007855	-3.803800	1
65.249000	150.660000	2.411400	-3.803900	1
65.245000	150.770000	4.128000	-3.803900	1
65.241000	150.870000	1.378100	-3.804100	1
65.236000	150.970000	-1.709000	-3.803500	1
65.232000	151.080000	-2.061700	-3.804500	1
65.227000	151.180000	-0.338900	-3.803600	1
65.223000	151.290000	-1.712100	-3.804000	1
65.218000	151.390000	-0.342100	-3.804000	1
65.213000	151.500000	-1.712500	-3.803700	1
65.208000	151.600000	0.011127	-3.803800	1
65.203000	151.700000	2.761400	-3.804200	1
65.198000	151.810000	-0.342660	-3.803500	1
63.515000	167.300000	-3.443100	-3.803700	1
63.499000	167.390000	-3.103000	-3.803800	1
63.483000	167.480000	-2.753200	-3.803700	1
63.467000	167.570000	-2.073100	-3.803800	1
63.450000	167.670000	-1.723200	-3.803700	1
63.434000	167.760000	0.676950	-3.803800	1
63.418000	167.850000	1.026800	-3.803600	1
63.401000	167.940000	0.676890	-3.803800	1
63.385000	168.030000	-0.353290	-3.803600	1
63.368000	168.120000	3.776800	-3.803700	1
63.352000	168.210000	1.716700	-3.803600	1
63.335000	168.300000	-0.349900	-3.803600	1
63.318000	168.390000	-0.693430	-3.803600	1
63.301000	168.480000	-0.693430	-3.803600	1
63.285000	168.570000	-0.690400	-3.803500	1
63.268000	168.660000	-3.794100	-3.803600	1
63.251000	168.750000	-7.241500	-3.803600	1
63.234000	168.840000	-3.107900	-3.803600	1
63.217000	168.930000	-2.074500	-3.803600	1
63.199000	169.020000	0.675410	-3.803600	1
65.310000	146.470000	-3.704200	-3.047700	1
65.309000	146.570000	0.422670	-3.047700	1
65.308000	146.680000	-0.957360	-3.047600	1
65.306000	146.780000	1.112700	-3.047500	1
65.305000	146.890000	0.762930	-3.047700	1
65.303000	146.990000	-1.637000	-3.047700	1
65.302000	147.100000	0.069819	-3.047700	1
65.300000	147.200000	1.109900	-3.047600	1
65.298000	147.310000	-5.423500	-3.047800	1
65.297000	147.410000	-9.900600	-3.047900	1
65.295000	147.520000	-9.220500	-3.047600	1
65.231000	149.920000	-3.690200	-3.048200	1
65.227000	150.030000	-2.660600	-3.047600	1
65.223000	150.130000	-0.590030	-3.048200	1
65.219000	150.240000	-1.620200	-3.048000	1
65.215000	150.340000	-0.250300	-3.047700	1
65.211000	150.450000	-2.306600	-3.048200	1
65.207000	150.550000	1.133100	-3.047700	1
65.203000	150.650000	-0.940220	-3.047800	1
65.199000	150.760000	2.843200	-3.047800	1
65.194000	150.860000	1.133300	-3.048000	1
65.190000	150.970000	-1.280600	-3.047400	1
65.186000	151.070000	1.133600	-3.048400	1
65.181000	151.170000	0.092868	-3.047600	1
65.176000	151.280000	1.813200	-3.047900	1
65.172000	151.380000	0.439810	-3.048000	1
65.167000	151.490000	-0.250490	-3.047600	1
65.162000	151.590000	-1.280500	-3.047700	1
65.157000	151.690000	0.443150	-3.048100	1
65.152000	151.800000	3.532600	-3.047500	1
63.439000	167.450000	-3.011000	-3.047600	1
63.423000	167.540000	-0.260860	-3.047700	1
63.407000	167.630000	-0.261000	-3.047600	1
63.390000	167.720000	1.119100	-3.047800	1
63.374000	167.810000	1.799000	-3.047600	1
63.358000	167.900000	0.769060	-3.047700	1
63.341000	167.990000	-0.951160	-3.047500	1
63.325000	168.080000	1.798900	-3.047600	1
63.308000	168.180000	7.298900	-3.047600	1
63.291000	168.270000	1.458800	-3.047600	1
63.275000	168.360000	-0.601290	-3.047500	1
63.258000	168.450000	-1.631300	-3.047600	1
63.241000	168.540000	-1.634800	-3.047500	1
63.224000	168.630000	-3.358200	-3.047600	1
63.207000	168.720000	-2.328400	-3.047600	1
63.190000	168.810000	-2.675400	-3.047500	1
63.173000	168.900000	1.797900	-3.047600	1
63.156000	168.990000	2.827800	-3.047600	1
65.265000	146.360000	-8.385200	-2.295900	1
65.264000	146.460000	-3.571200	-2.296300	1
65.263000	146.570000	3.999000	-2.296300	1
65.261000	146.670000	2.969000	-2.296200	1
65.260000	146.780000	0.218990	-2.296100	1
65.259000	146.880000	1.939300	-2.296200	1
65.257000	146.990000	-1.500700	-2.296200	1
65.256000	147.090000	0.219470	-2.296300	1
65.254000	147.200000	-1.500600	-2.296100	1
65.252000	147.300000	-9.420400	-2.296400	1
65.251000	147.410000	-9.077100	-2.296400	1
65.188000	149.810000	-2.515200	-2.296100	1
65.185000	149.920000	-2.864500	-2.296800	1
65.181000	150.020000	-3.205000	-2.296100	1
65.177000	150.130000	-2.514400	-2.296700	1
65.173000	150.230000	0.235480	-2.296500	1
65.169000	150.330000	-1.484700	-2.296300	1
65.165000	150.440000	-2.514300	-2.296700	1
65.161000	150.540000	0.238570	-2.296300	1
65.157000	150.650000	4.708600	-2.296300	1
65.153000	150.750000	1.958600	-2.296400	1
65.148000	150.850000	1.955600	-2.296600	1
65.144000	150.960000	2.988300	-2.295900	1
65.140000	151.060000	2.299100	-2.297000	1
65.135000	151.170000	2.648400	-2.296100	1
65.130000	151.270000	0.928580	-2.296500	1
65.126000	151.370000	1.268600	-2.296500	1
65.121000	151.480000	2.648300	-2.296200	1
65.116000	151.580000	4.368300	-2.296200	1
65.111000	151.680000	1.268600	-2.296700	1
65.106000	151.790000	0.928050	-2.296000	1
65.101000	151.890000	1.618600	-2.296700	1
65.096000	151.990000	-2.868000	-2.296600	1
63.396000	167.410000	-1.495100	-2.296200	1
63.380000	167.500000	1.255100	-2.296300	1
63.363000	167.600000	1.944900	-2.296100	1
63.347000	167.690000	3.665100	-2.296300	1
63.331000	167.780000	5.034900	-2.296100	1
63.314000	167.870000	3.668200	-2.296300	1
63.298000	167.960000	4.694800	-2.296100	1
63.281000	168.050000	1.254900	-2.296200	1
63.265000	168.140000	6.068000	-2.296100	1
63.248000	168.230000	1.254800	-2.296100	1
63.231000	168.320000	-1.155400	-2.296100	1
63.215000	168.410000	-1.498500	-2.296200	1
63.198000	168.500000	0.914560	-2.296000	1
63.181000	168.590000	-2.881900	-2.296200	1
63.164000	168.680000	-2.532100	-2.296100	1
63.147000	168.770000	-0.472170	-2.296100	1
63.130000	168.860000	0.570860	-2.296100	1
63.113000	168.950000	4.690700	-2.296100	1
65.219000	146.360000	-10.423000	-1.540900	1
65.218000	146.460000	-4.226400	-1.541300	1
65.216000	146.570000	1.613800	-1.541300	1
65.215000	146.670000	0.933820	-1.541200	1
65.214000	146.780000	4.713900	-1.541100	1
65.212000	146.880000	0.584050	-1.541300	1
65.211000	146.990000	1.614200	-1.541300	1
65.209000	147.090000	0.244300	-1.541300	1
65.208000	147.200000	2.304300	-1.541100	1
65.206000	147.300000	-9.379000	-1.541400	1
65.204000	147.410000	-12.138000	-1.541400	1
65.145000	149.700000	-3.870900	-1.541900	1
65.142000	149.810000	-2.831300	-1.541100	1
65.138000	149.910000	-0.770560	-1.541900	1
65.135000	150.010000	-1.461000	-1.541100	1
65.131000	150.120000	-2.490500	-1.541800	1
65.127000	150.220000	-2.490700	-1.541500	1
65.123000	150.330000	-3.867900	-1.541300	1
65.119000	150.430000	-1.117500	-1.541700	1
65.115000	150.530000	1.632300	-1.541400	1
65.111000	150.640000	3.012300	-1.541300	1
65.106000	150.740000	3.009400	-1.541400	1
65.102000	150.850000	5.072500	-1.541600	1
65.098000	150.950000	4.382000	-1.540900	1
65.093000	151.050000	3.012700	-1.542000	1
65.089000	151.160000	4.732100	-1.541200	1
65.084000	151.260000	1.982300	-1.541500	1
65.079000	151.360000	4.042300	-1.541500	1
65.075000	151.470000	3.702100	-1.541200	1
65.070000	151.570000	4.042100	-1.541200	1
65.065000	151.670000	3.352400	-1.541700	1
65.060000	151.780000	3.011900	-1.541000	1
65.055000	151.880000	2.322300	-1.541700	1
65.050000	151.980000	3.702200	-1.541600	1
65.045000	152.090000	-4.901300	-1.541100	1
63.368000	167.290000	-4.220700	-1.541400	1
63.352000	167.380000	1.619300	-1.541200	1
63.336000	167.470000	1.282300	-1.541300	1
63.320000	167.560000	4.372200	-1.541100	1
63.304000	167.650000	4.369400	-1.541400	1
63.287000	167.740000	5.402100	-1.541100	1
63.271000	167.830000	5.062300	-1.541300	1
63.254000	167.920000	4.722100	-1.541100	1
63.238000	168.010000	3.692200	-1.541200	1
63.221000	168.100000	4.719200	-1.541100	1
63.205000	168.190000	2.309100	-1.541200	1
63.188000	168.280000	2.309000	-1.541100	1
63.171000	168.370000	4.369100	-1.541200	1
63.155000	168.460000	-2.844100	-1.541000	1
63.138000	168.550000	-5.597100	-1.541200	1
63.121000	168.640000	-3.197300	-1.541100	1
63.104000	168.730000	-1.134500	-1.541100	1
63.087000	168.820000	2.305400	-1.541200	1
63.070000	168.910000	7.115300	-1.541200	1
65.065000	150.630000	5.411900	-0.792650	1
65.061000	150.730000	7.811900	-0.792710	1
65.056000	150.840000	4.382000	-0.792980	1
65.052000	150.940000	3.691700	-0.792300	1
65.047000	151.040000	2.662100	-0.793320	1
65.043000	151.150000	6.781800	-0.792570	1
65.038000	151.250000	6.441800	-0.792820	1
65.034000	151.350000	7.811900	-0.792930	1
65.029000	151.460000	5.411700	-0.792610	1
65.024000	151.560000	6.441700	-0.792550	1
65.019000	151.660000	6.441900	-0.793070	1
65.014000	151.770000	6.101500	-0.792390	1
65.009000	151.870000	7.471800	-0.793070	1
65.004000	151.970000	7.471800	-0.793070	1
64.999000	152.080000	5.061500	-0.792530	1
64.993000	152.180000	3.351600	-0.793050	1
64.988000	152.280000	-3.538700	-0.792660	1
63.309000	167.340000	4.025400	-0.792550	1
63.293000	167.430000	7.125500	-0.792730	1
63.276000	167.530000	12.625000	-0.792470	1
63.260000	167.620000	12.626000	-0.792750	1
63.244000	167.710000	10.555000	-0.792450	1
63.228000	167.800000	14.335000	-0.792670	1
63.211000	167.890000	11.245000	-0.792460	1
63.195000	167.980000	9.875400	-0.792570	1
63.178000	168.070000	7.805400	-0.792490	1
63.162000	168.160000	2.652600	-0.792570	1
63.145000	168.250000	7.122500	-0.792430	1
63.128000	168.340000	8.832600	-0.792580	1
63.111000	168.430000	-0.450340	-0.792400	1
63.095000	168.520000	-1.833100	-0.792570	1
63.078000	168.610000	0.239480	-0.792510	1
63.061000	168.700000	8.489300	-0.792480	1
63.044000	168.790000	12.619000	-0.792530	1
63.027000	168.880000	10.209000	-0.792550	1
65.125000	146.460000	-5.777100	0.118310	1
65.124000	146.570000	2.135900	0.118560	1
65.123000	146.670000	1.796000	0.118780	1
65.122000	146.780000	12.106000	0.118190	1
65.120000	146.880000	4.546200	0.118740	1
65.119000	146.980000	14.856000	0.118520	1
65.117000	147.090000	8.666400	0.118450	1
65.116000	147.190000	0.416390	0.118780	1
65.114000	147.300000	-4.406300	0.118460	1
65.112000	147.400000	-7.839100	0.118590	1
65.027000	150.410000	-1.289900	0.118250	1
65.023000	150.520000	0.090213	0.118490	1
65.019000	150.620000	10.060000	0.118270	1
65.015000	150.730000	10.060000	0.118050	1
65.010000	150.830000	5.252800	0.118630	1
65.006000	150.930000	3.872800	0.117970	1
65.002000	151.040000	9.372800	0.118670	1
64.997000	151.140000	8.002800	0.118480	1
64.992000	151.240000	13.503000	0.118300	1
64.988000	151.340000	6.972800	0.118570	1
64.983000	151.450000	10.403000	0.118150	1
64.978000	151.550000	7.652700	0.118160	1
64.973000	151.650000	15.903000	0.118580	1
64.968000	151.760000	11.093000	0.118210	1
64.963000	151.860000	9.372700	0.118660	1
64.958000	151.960000	10.753000	0.118630	1
64.953000	152.070000	14.183000	0.118380	1
64.948000	152.170000	17.283000	0.118680	1
64.942000	152.270000	15.902000	0.118390	1
64.937000	152.380000	-0.257680	0.118420	1
64.931000	152.480000	-7.823300	0.118770	1
63.297000	167.130000	10.051000	0.118190	1
63.281000	167.220000	16.581000	0.117780	1
63.265000	167.310000	15.893000	0.118030	1
63.249000	167.400000	19.673000	0.118150	1
63.233000	167.490000	18.643000	0.117720	1
63.217000	167.580000	21.053000	0.118250	1
63.201000	167.670000	20.363000	0.117830	1
63.184000	167.760000	20.023000	0.117770	1
63.168000	167.850000	16.923000	0.118040	1
63.152000	167.940000	14.173000	0.117680	1
63.135000	168.030000	13.141000	0.117920	1
63.118000	168.120000	10.741000	0.118130	1
63.102000	168.210000	8.670600	0.117720	1
63.085000	168.300000	4.890600	0.118180	1
63.068000	168.390000	7.297900	0.117920	1
63.052000	168.480000	-3.714900	0.117860	1
63.035000	168.570000	11.418000	0.118230	1
63.018000	168.660000	18.988000	0.117800	1
63.001000	168.750000	15.887000	0.118020	1
62.984000	168.840000	15.887000	0.118080	1
64.993000	150.100000	-1.522700	0.732180	1
64.989000	150.200000	-0.142420	0.732690	1
64.985000	150.300000	3.297700	0.732680	1
64.981000	150.410000	3.637600	0.732390	1
64.977000	150.510000	2.257700	0.732610	1
64.973000	150.610000	10.518000	0.732800	1
64.968000	150.720000	2.950400	0.732630	1
64.964000	150.820000	2.950300	0.732530	1
64.960000	150.920000	2.950500	0.733050	1
64.955000	151.030000	7.090200	0.732250	1
64.951000	151.130000	4.330400	0.732880	1
64.946000	151.230000	6.400300	0.732620	1
64.942000	151.340000	7.427000	0.732570	1
64.937000	151.440000	9.147000	0.732710	1
64.932000	151.540000	8.797100	0.732890	1
64.927000	151.640000	7.426900	0.732440	1
64.922000	151.750000	9.147100	0.733000	1
64.917000	151.850000	9.486900	0.732540	1
64.912000	151.950000	10.517000	0.732410	1
64.907000	152.060000	5.016900	0.732910	1
64.901000	152.160000	7.766700	0.732530	1
64.896000	152.260000	12.587000	0.732730	1
64.891000	152.360000	9.146800	0.732930	1
64.885000	152.470000	5.356500	0.732340	1
63.254000	167.090000	0.541000	0.732830	1
63.238000	167.180000	1.908200	0.732460	1
63.222000	167.270000	2.251000	0.732790	1
63.206000	167.370000	10.861000	0.732600	1
63.190000	167.460000	12.231000	0.732780	1
63.173000	167.550000	14.641000	0.732620	1
63.157000	167.640000	14.291000	0.732850	1
63.141000	167.730000	11.201000	0.732550	1
63.124000	167.820000	10.861000	0.732900	1
63.108000	167.910000	11.891000	0.732610	1
63.092000	168.000000	3.288400	0.732830	1
63.075000	168.090000	3.628300	0.732770	1
63.058000	168.180000	3.628300	0.732810	1
63.042000	168.270000	1.908200	0.732780	1
63.025000	168.360000	-5.657400	0.732920	1
63.008000	168.450000	-5.657500	0.732690	1
62.991000	168.530000	6.385300	0.732900	1
62.975000	168.620000	12.575000	0.732760	1
62.958000	168.710000	6.384900	0.732800	1
62.941000	168.800000	9.134700	0.732770	1
65.030000	146.670000	2.974900	1.487900	1
65.029000	146.770000	1.595000	1.488000	1
65.027000	146.880000	-1.492100	1.487900	1
65.026000	146.980000	7.448100	1.487900	1
65.024000	147.080000	7.788000	1.487700	1
65.023000	147.190000	1.258400	1.488200	1
65.021000	147.290000	-1.835000	1.487600	1
65.019000	147.400000	-2.864900	1.487700	1
65.017000	147.500000	-7.338000	1.487800	1
65.015000	147.600000	-2.870600	1.487700	1
65.013000	147.710000	-4.590600	1.487800	1
64.957000	149.780000	0.236970	1.488000	1
64.954000	149.880000	-1.480700	1.487000	1
64.950000	149.990000	0.240270	1.488200	1
64.946000	150.090000	-2.170400	1.487200	1
64.942000	150.190000	-1.817100	1.487700	1
64.938000	150.300000	-0.097043	1.487600	1
64.934000	150.400000	2.992900	1.487400	1
64.930000	150.500000	2.643000	1.487600	1
64.926000	150.610000	0.933170	1.487800	1
64.922000	150.710000	0.583040	1.487700	1
64.918000	150.810000	-0.097070	1.487500	1
64.913000	150.910000	2.303300	1.488100	1
64.909000	151.020000	3.332800	1.487300	1
64.904000	151.120000	1.273200	1.487800	1
64.900000	151.220000	2.645900	1.487600	1
64.895000	151.330000	-0.444160	1.487600	1
64.890000	151.430000	5.393100	1.487700	1
64.886000	151.530000	4.023200	1.487900	1
64.881000	151.630000	1.615700	1.487400	1
64.876000	151.740000	0.583160	1.488000	1
64.871000	151.840000	1.272900	1.487600	1
64.866000	151.940000	3.682700	1.487400	1
64.860000	152.040000	3.686000	1.487900	1
64.855000	152.150000	4.025700	1.487500	1
64.850000	152.250000	3.685700	1.487700	1
64.844000	152.350000	4.365900	1.487900	1
64.839000	152.450000	6.085500	1.487300	1
64.833000	152.560000	4.715600	1.487700	1
64.828000	152.660000	7.115700	1.487800	1
64.822000	152.760000	6.435200	1.487100	1
64.816000	152.860000	4.365900	1.488100	1
63.210000	167.060000	-0.796350	1.487800	1
63.194000	167.150000	-1.483700	1.487500	1
63.178000	167.240000	0.926620	1.487800	1
63.162000	167.330000	7.796500	1.487600	1
63.146000	167.420000	6.426700	1.487800	1
63.130000	167.510000	7.106600	1.487600	1
63.113000	167.600000	6.763900	1.487900	1
63.097000	167.690000	5.046500	1.487600	1
63.081000	167.780000	4.703900	1.487900	1
63.064000	167.870000	0.233610	1.487600	1
63.048000	167.960000	1.603800	1.487900	1
63.031000	168.050000	2.293700	1.487800	1
63.015000	168.140000	0.923710	1.487900	1
62.998000	168.230000	-1.149300	1.487800	1
62.982000	168.320000	-3.902300	1.487900	1
62.965000	168.410000	-4.582600	1.487700	1
62.948000	168.500000	1.600500	1.487900	1
62.931000	168.590000	4.010300	1.487800	1
62.914000	168.680000	1.600100	1.487800	1
62.897000	168.760000	0.566920	1.487800	1
64.985000	146.560000	-1.260900	2.236900	1
64.984000	146.670000	4.579300	2.236900	1
64.983000	146.770000	-1.260600	2.237000	1
64.981000	146.880000	-1.260600	2.237000	1
64.980000	146.980000	1.489600	2.237000	1
64.978000	147.080000	2.169500	2.236700	1
64.977000	147.190000	1.143000	2.237200	1
64.975000	147.290000	-1.607500	2.236700	1
64.973000	147.390000	-4.013700	2.236800	1
64.971000	147.500000	-5.733800	2.236800	1
64.970000	147.600000	-2.293500	2.236800	1
64.908000	149.880000	-0.568700	2.236000	1
64.904000	149.980000	0.475570	2.237300	1
64.900000	150.080000	1.154800	2.236200	1
64.896000	150.180000	-1.934700	2.236800	1
64.893000	150.290000	-0.901630	2.236700	1
64.889000	150.390000	-1.931700	2.236500	1
64.885000	150.490000	-0.901610	2.236600	1
64.880000	150.600000	-1.931400	2.236900	1
64.876000	150.700000	0.478530	2.236700	1
64.872000	150.800000	1.848400	2.236600	1
64.868000	150.910000	3.218900	2.237100	1
64.863000	151.010000	1.508300	2.236400	1
64.859000	151.110000	2.188700	2.236900	1
64.854000	151.210000	0.128510	2.236700	1
64.849000	151.320000	-0.211580	2.236600	1
64.845000	151.420000	1.508500	2.236700	1
64.840000	151.520000	2.878800	2.237000	1
64.835000	151.620000	1.508300	2.236500	1
64.830000	151.730000	-3.648300	2.237000	1
64.825000	151.830000	-1.244800	2.236700	1
64.820000	151.930000	-0.564980	2.236400	1
64.815000	152.030000	0.818570	2.236900	1
64.809000	152.140000	1.508300	2.236600	1
64.804000	152.240000	0.478320	2.236700	1
64.799000	152.340000	1.508600	2.237000	1
64.793000	152.440000	0.128040	2.236400	1
64.788000	152.550000	1.158300	2.236700	1
64.782000	152.650000	1.508400	2.236900	1
64.776000	152.750000	0.817800	2.236100	1
64.771000	152.850000	1.848600	2.237200	1
64.765000	152.950000	5.628000	2.236300	1
64.759000	153.060000	0.821260	2.236600	1
63.166000	167.020000	-4.001000	2.236900	1
63.151000	167.110000	0.118820	2.236500	1
63.135000	167.210000	0.122250	2.236900	1
63.119000	167.300000	0.468970	2.236600	1
63.103000	167.390000	5.279200	2.236900	1
63.086000	167.480000	3.559100	2.236600	1
63.070000	167.570000	2.179300	2.237000	1
63.054000	167.660000	4.589100	2.236600	1
63.038000	167.750000	2.869300	2.237000	1
63.021000	167.840000	3.899100	2.236700	1
63.005000	167.930000	-0.220790	2.236900	1
62.988000	168.020000	-1.600900	2.236800	1
62.972000	168.110000	0.466020	2.236900	1
62.955000	168.190000	-4.357400	2.236800	1
62.939000	168.280000	-5.037400	2.237000	1
62.922000	168.370000	-4.007600	2.236800	1
62.905000	168.460000	0.805740	2.237000	1
62.888000	168.550000	2.525700	2.236800	1
62.871000	168.640000	-0.574560	2.236900	1
62.854000	168.730000	0.115200	2.236800	1
64.861000	149.870000	1.098400	2.992200	1
64.858000	149.970000	-1.307200	2.993500	1
64.854000	150.070000	-0.968000	2.992400	1
64.850000	150.180000	-0.967430	2.993000	1
64.846000	150.280000	-1.304200	2.992800	1
64.842000	150.380000	-0.274200	2.992800	1
64.838000	150.490000	0.065817	2.992700	1
64.834000	150.590000	0.416130	2.993100	1
64.830000	150.690000	0.062670	2.992900	1
64.826000	150.790000	-1.994200	2.992800	1
64.821000	150.900000	-1.303700	2.993300	1
64.817000	151.000000	-1.304300	2.992600	1
64.812000	151.100000	0.756150	2.993100	1
64.808000	151.200000	0.756040	2.992900	1
64.803000	151.310000	0.065930	2.992800	1
64.798000	151.410000	0.066004	2.992900	1
64.794000	151.510000	1.446300	2.993200	1
64.789000	151.610000	0.065816	2.992700	1
63.123000	166.990000	-6.123800	2.993100	1
63.107000	167.080000	-2.693800	2.992700	1
63.091000	167.170000	-0.973490	2.993100	1
63.075000	167.260000	0.056380	2.992800	1
63.059000	167.350000	1.436700	2.993100	1
63.043000	167.440000	1.096500	2.992800	1
63.027000	167.530000	3.156800	2.993200	1
63.010000	167.620000	2.806500	2.992800	1
62.994000	167.710000	-0.283280	2.993200	1
62.978000	167.800000	-2.000300	2.992900	1
62.961000	167.890000	-1.310100	2.993100	1
62.945000	167.980000	-0.623480	2.993000	1
62.928000	168.070000	-0.283420	2.993100	1
62.912000	168.160000	-4.757100	2.993000	1
62.895000	168.250000	-5.787100	2.993200	1
62.878000	168.340000	-3.727200	2.992900	1
62.862000	168.430000	-3.033800	2.993200	1
62.845000	168.510000	-1.317300	2.993000	1
62.828000	168.600000	-2.007500	2.993100	1
62.811000	168.690000	-0.627720	2.993000	1
64.815000	149.860000	-1.356300	3.747100	1
64.811000	149.960000	1.058400	3.748500	1
64.808000	150.070000	-1.349000	3.747300	1
64.804000	150.170000	-0.658440	3.748000	1
64.800000	150.270000	-1.348600	3.747800	1
64.796000	150.370000	-1.348500	3.747800	1
64.792000	150.480000	-2.038600	3.747700	1
64.788000	150.580000	-3.064900	3.748100	1
64.784000	150.680000	-2.034900	3.747900	1
64.779000	150.790000	0.035007	3.747700	1
64.775000	150.890000	-1.684600	3.748300	1
64.771000	150.990000	-2.375100	3.747600	1
64.766000	151.090000	0.035269	3.748000	1
64.762000	151.190000	-1.344800	3.747900	1
64.757000	151.300000	-0.654910	3.747800	1
64.752000	151.400000	-0.318310	3.747900	1
64.747000	151.500000	-0.654570	3.748200	1
64.743000	151.600000	-1.685100	3.747700	1
64.738000	151.710000	-2.714700	3.748200	1
64.733000	151.810000	-1.684900	3.747900	1
64.728000	151.910000	-1.348700	3.747600	1
64.722000	152.010000	1.061800	3.748100	1
64.717000	152.110000	-1.688400	3.747900	1
64.712000	152.220000	-2.722000	3.747800	1
64.706000	152.320000	-0.998140	3.748200	1
64.701000	152.420000	-3.065200	3.747700	1
64.695000	152.520000	-4.098600	3.747800	1
64.690000	152.620000	1.058400	3.748200	1
64.684000	152.730000	-1.695800	3.747300	1
64.678000	152.830000	-3.071600	3.748300	1
64.672000	152.930000	-7.192500	3.747600	1
64.667000	153.030000	-5.468800	3.747700	1
64.661000	153.130000	-4.098400	3.748000	1
64.655000	153.230000	-2.038800	3.747400	1
64.648000	153.340000	1.061700	3.747900	1
64.642000	153.440000	2.435300	3.748000	1
64.636000	153.540000	0.371170	3.747100	1
64.630000	153.640000	-2.038000	3.748300	1
64.623000	153.740000	-2.042300	3.747100	1
64.617000	153.840000	-4.441700	3.748000	1
64.610000	153.940000	-5.818400	3.747900	1
64.603000	154.040000	0.034803	3.747100	1
63.111000	166.770000	-2.727900	3.748100	1
63.095000	166.860000	-1.004800	3.747600	1
63.079000	166.960000	-2.724500	3.748100	1
63.063000	167.050000	-2.724700	3.747700	1
63.047000	167.140000	-1.691200	3.748000	1
63.031000	167.230000	-0.321240	3.747800	1
63.015000	167.320000	0.369060	3.748100	1
62.999000	167.410000	1.058900	3.747800	1
62.983000	167.500000	1.059200	3.748100	1
62.967000	167.590000	0.028893	3.747800	1
62.951000	167.680000	-1.690900	3.748200	1
62.934000	167.770000	-2.381200	3.747800	1
62.918000	167.850000	-2.384400	3.748100	1
62.902000	167.940000	-0.664500	3.747900	1
62.885000	168.030000	-3.754600	3.748100	1
62.868000	168.120000	-6.861900	3.748000	1
62.852000	168.210000	-4.108100	3.748200	1
62.835000	168.300000	-2.044800	3.747900	1
62.818000	168.390000	-1.694700	3.748100	1
62.802000	168.480000	-2.728500	3.748000	1
62.785000	168.570000	-3.418700	3.748000	1
62.768000	168.660000	-1.698800	3.748000	1
64.772000	149.750000	-3.584600	4.501900	1
64.769000	149.850000	-3.581800	4.500700	1
64.765000	149.960000	-0.484080	4.502100	1
64.761000	150.060000	-0.834880	4.500900	1
64.758000	150.160000	-1.520800	4.501600	1
64.754000	150.260000	-2.891000	4.501300	1
64.750000	150.370000	-1.860800	4.501400	1
64.746000	150.470000	-2.200900	4.501200	1
64.742000	150.570000	-3.920700	4.501700	1
64.737000	150.670000	-3.920800	4.501500	1
64.733000	150.780000	-2.547300	4.501300	1
64.729000	150.880000	-1.166700	4.501900	1
64.724000	150.980000	-1.517200	4.501300	1
64.720000	151.080000	-1.860500	4.501600	1
64.715000	151.190000	-1.520600	4.501500	1
64.711000	151.290000	-0.830610	4.501400	1
64.706000	151.390000	-0.477020	4.501400	1
64.701000	151.490000	-1.516700	4.501900	1
64.696000	151.590000	-1.857200	4.501300	1
64.691000	151.700000	-2.546900	4.501800	1
64.686000	151.800000	-3.580700	4.501600	1
64.681000	151.900000	-2.894500	4.501100	1
64.676000	152.000000	-0.144010	4.501700	1
64.671000	152.100000	-1.867800	4.501500	1
64.666000	152.200000	-0.140680	4.501400	1
64.660000	152.310000	-0.830330	4.501900	1
64.655000	152.410000	-2.200800	4.501300	1
64.649000	152.510000	-4.260900	4.501400	1
63.067000	166.740000	-4.617100	4.501700	1
63.051000	166.830000	-4.271000	4.501200	1
63.035000	166.920000	-2.206900	4.501700	1
63.020000	167.010000	-1.170000	4.501300	1
63.004000	167.100000	-0.143230	4.501600	1
62.988000	167.190000	0.886640	4.501400	1
62.972000	167.280000	0.546900	4.501700	1
62.956000	167.370000	0.883160	4.501400	1
62.940000	167.460000	-0.483010	4.501700	1
62.923000	167.550000	-1.173300	4.501400	1
62.907000	167.640000	-1.526600	4.501800	1
62.891000	167.730000	-1.863300	4.501400	1
62.875000	167.820000	-0.486620	4.501700	1
62.858000	167.910000	-2.206800	4.501500	1
62.842000	168.000000	-5.314000	4.501700	1
62.825000	168.090000	-6.344300	4.501600	1
62.808000	168.180000	-4.964100	4.501800	1
62.792000	168.260000	-3.930700	4.501500	1
62.775000	168.350000	-3.590600	4.501700	1
62.758000	168.440000	-3.590900	4.501500	1
62.741000	168.530000	-3.931000	4.501600	1
62.725000	168.620000	-2.901200	4.501500	1
64.711000	150.150000	-1.012800	5.256500	1
64.707000	150.260000	-1.693000	5.256100	1
64.703000	150.360000	-3.753000	5.256300	1
64.699000	150.460000	-3.409500	5.256000	1
64.695000	150.560000	-3.069100	5.256500	1
64.691000	150.670000	-2.719100	5.256300	1
64.687000	150.770000	-2.039200	5.256200	1
64.682000	150.870000	0.034918	5.256700	1
64.678000	150.970000	-1.349100	5.256100	1
64.674000	151.070000	-2.038900	5.256400	1
64.669000	151.180000	-1.005300	5.256400	1
64.664000	151.280000	-1.689000	5.256300	1
64.660000	151.380000	-1.349000	5.256200	1
64.655000	151.480000	0.034990	5.256700	1
64.650000	151.580000	-2.715500	5.256200	1
64.645000	151.690000	-1.352400	5.256600	1
64.640000	151.790000	-1.008900	5.256500	1
64.635000	151.890000	-5.129500	5.256000	1
64.630000	151.990000	-5.826400	5.256500	1
64.625000	152.090000	-5.136500	5.256400	1
64.619000	152.190000	0.703730	5.256200	1
64.614000	152.300000	-2.046000	5.256700	1
64.609000	152.400000	-1.692700	5.256200	1
64.603000	152.500000	-1.692700	5.256200	1
64.597000	152.600000	-3.068800	5.256700	1
63.039000	166.620000	-4.459500	5.256100	1
63.023000	166.710000	-2.045400	5.256500	1
63.007000	166.800000	-2.382100	5.256000	1
62.992000	166.890000	-3.761800	5.256500	1
62.976000	166.980000	1.394600	5.256100	1
62.960000	167.070000	0.368460	5.256500	1
62.944000	167.160000	-0.321720	5.256200	1
62.928000	167.250000	0.024930	5.256500	1
62.912000	167.340000	-0.321630	5.256200	1
62.896000	167.430000	-1.015000	5.256600	1
62.880000	167.520000	-2.041600	5.256200	1
62.864000	167.600000	-1.695000	5.256600	1
62.847000	167.690000	-2.385300	5.256200	1
62.831000	167.780000	-1.695100	5.256500	1
62.815000	167.870000	-4.459000	5.256300	1
62.798000	167.960000	-4.802600	5.256500	1
62.782000	168.050000	-4.802700	5.256400	1
62.765000	168.140000	-5.489100	5.256600	1
62.748000	168.230000	-3.075500	5.256300	1
62.732000	168.320000	-4.459200	5.256600	1
62.715000	168.410000	-3.419300	5.256400	1
62.698000	168.490000	-4.799500	5.256400	1
62.681000	168.580000	-2.739600	5.256400	1
64.661000	150.250000	-0.502600	6.010000	1
64.657000	150.350000	-2.208800	6.010200	1
64.653000	150.450000	-3.585400	6.009900	1
64.649000	150.550000	-2.895000	6.010500	1
64.645000	150.660000	-2.205000	6.010200	1
64.640000	150.760000	-1.175000	6.010100	1
64.636000	150.860000	-0.144600	6.010600	1
64.632000	150.960000	0.198810	6.010100	1
64.627000	151.060000	-0.834770	6.010300	1
64.623000	151.170000	-1.171100	6.010300	1
64.618000	151.270000	-1.861200	6.010200	1
64.613000	151.370000	-1.864900	6.010200	1
64.609000	151.470000	-2.204600	6.010600	1
64.604000	151.570000	-0.494840	6.010100	1
64.599000	151.670000	-3.238400	6.010500	1
64.594000	151.780000	-3.921200	6.010400	1
62.995000	166.580000	-4.621700	6.010000	1
62.979000	166.670000	-3.248600	6.010400	1
62.963000	166.760000	-0.845120	6.009900	1
62.948000	166.850000	-3.587600	6.010400	1
62.932000	166.940000	-4.274200	6.010000	1
62.916000	167.030000	2.252800	6.010400	1
62.900000	167.120000	1.572600	6.010100	1
62.884000	167.210000	1.222800	6.010400	1
62.868000	167.300000	-0.837420	6.010100	1
62.852000	167.390000	-1.867200	6.010500	1
62.836000	167.480000	-2.211100	6.010100	1
62.820000	167.570000	-2.210800	6.010500	1
62.804000	167.660000	-3.591200	6.010100	1
62.787000	167.750000	-2.214600	6.010500	1
62.771000	167.840000	-3.594800	6.010300	1
62.754000	167.930000	-7.722600	6.010400	1
62.738000	168.010000	-6.688900	6.010300	1
62.721000	168.100000	-4.281100	6.010500	1
62.705000	168.190000	-4.961500	6.010200	1
62.688000	168.280000	-5.315100	6.010500	1
62.671000	168.370000	-6.349200	6.010300	1
62.655000	168.460000	-3.595200	6.010400	1
62.638000	168.550000	-3.595400	6.010300	1
64.614000	150.240000	-1.814000	6.762000	1
64.611000	150.340000	-1.470100	6.762200	1
64.607000	150.440000	-0.776470	6.761900	1
64.602000	150.550000	-1.806200	6.762400	1
64.598000	150.650000	-0.772480	6.762200	1
64.594000	150.750000	-1.462100	6.762100	1
64.590000	150.850000	0.594580	6.762600	1
64.585000	150.950000	-0.095633	6.762100	1
64.581000	151.050000	3.344600	6.762300	1
64.576000	151.160000	-1.125500	6.762300	1
64.572000	151.260000	1.620800	6.762200	1
64.567000	151.360000	1.624500	6.762100	1
64.562000	151.460000	-1.461600	6.762600	1
64.557000	151.560000	-3.875800	6.762100	1
64.552000	151.660000	-2.495500	6.762400	1
64.547000	151.770000	-5.249500	6.762400	1
62.935000	166.640000	-5.248500	6.762400	1
62.920000	166.730000	-5.588900	6.761900	1
62.904000	166.820000	-0.434400	6.762400	1
62.888000	166.910000	-0.098295	6.761900	1
62.872000	167.000000	-3.878300	6.762300	1
62.856000	167.090000	-1.468200	6.762000	1
62.841000	167.180000	-0.097940	6.762400	1
62.825000	167.270000	0.251910	6.762000	1
62.808000	167.360000	-1.471600	6.762500	1
62.792000	167.440000	-2.501800	6.762100	1
62.776000	167.530000	-3.188000	6.762500	1
62.760000	167.620000	-4.565800	6.762100	1
62.744000	167.710000	-4.565600	6.762400	1
62.727000	167.800000	-5.595800	6.762200	1
62.711000	167.890000	-5.599500	6.762400	1
62.694000	167.980000	-6.278500	6.762200	1
62.678000	168.070000	-4.911900	6.762500	1
62.661000	168.160000	-4.565900	6.762200	1
62.645000	168.240000	-5.595900	6.762400	1
62.628000	168.330000	-5.252400	6.762200	1
62.611000	168.420000	-5.256200	6.762300	1
62.594000	168.510000	-4.222500	6.762200	1
64.563000	150.330000	-2.000000	7.521900	1
64.559000	150.430000	0.067421	7.521400	1
64.555000	150.540000	-2.682400	7.522000	1
64.551000	150.640000	0.067698	7.521800	1
64.547000	150.740000	-0.622350	7.521700	1
64.543000	150.840000	-0.275760	7.522100	1
64.538000	150.940000	0.067851	7.521800	1
64.534000	151.040000	2.818000	7.521800	1
64.529000	151.150000	-1.652100	7.521900	1
64.525000	151.250000	-1.298400	7.521800	1
64.520000	151.350000	0.407890	7.521600	1
64.515000	151.450000	0.060702	7.522200	1
64.510000	151.550000	-5.090000	7.521700	1
64.505000	151.650000	-3.716000	7.522000	1
64.500000	151.750000	-2.332100	7.522000	1
64.495000	151.860000	-3.708700	7.521500	1
64.490000	151.960000	0.396810	7.521900	1
64.485000	152.060000	0.064307	7.521900	1
64.480000	152.160000	-3.022300	7.521600	1
62.891000	166.600000	-4.058600	7.522000	1
62.875000	166.690000	-3.017600	7.521400	1
62.859000	166.780000	-1.297200	7.521900	1
62.844000	166.870000	-4.745100	7.521500	1
62.828000	166.960000	0.751820	7.521900	1
62.812000	167.050000	-0.964660	7.521600	1
62.796000	167.140000	-1.658200	7.521900	1
62.780000	167.230000	-3.378500	7.521600	1
62.764000	167.320000	-5.088500	7.522000	1
62.748000	167.410000	-3.024600	7.521600	1
62.732000	167.500000	-4.062000	7.522000	1
62.716000	167.590000	-4.058500	7.521600	1
62.700000	167.680000	-4.412100	7.522000	1
62.683000	167.760000	-5.438600	7.521800	1
62.667000	167.850000	-6.468700	7.522000	1
62.650000	167.940000	-5.088600	7.521800	1
62.634000	168.030000	-5.088500	7.522000	1
62.617000	168.120000	-6.128900	7.521700	1
62.601000	168.210000	-4.062200	7.522000	1
62.584000	168.300000	-4.752600	7.521800	1
62.567000	168.380000	-4.752600	7.521900	1
62.550000	168.470000	-0.628680	7.521800	1
64.517000	150.320000	-7.477300	8.275300	1
64.513000	150.430000	-3.693100	8.274800	1
64.509000	150.530000	-0.252440	8.275400	1
64.504000	150.630000	0.101290	8.275100	1
64.500000	150.730000	1.127600	8.275000	1
64.496000	150.830000	-0.942270	8.275500	1
64.492000	150.930000	-1.968700	8.275200	1
64.487000	151.030000	-3.341200	8.275200	1
64.483000	151.140000	-1.964800	8.275300	1
64.478000	151.240000	-1.274800	8.275100	1
64.473000	151.340000	-2.316200	8.275000	1
64.468000	151.440000	-3.002200	8.275600	1
64.464000	151.540000	-2.654900	8.275100	1
64.459000	151.640000	-4.031100	8.275300	1
64.454000	151.740000	-4.722400	8.275500	1
64.449000	151.840000	-5.072800	8.274900	1
62.688000	167.460000	-4.721000	8.275400	1
62.672000	167.550000	-4.381200	8.275000	1
62.656000	167.640000	-6.108800	8.275400	1
62.639000	167.730000	-4.728700	8.275100	1
62.623000	167.820000	-4.724800	8.275300	1
62.607000	167.910000	-4.384800	8.275200	1
62.590000	167.990000	-5.414900	8.275400	1
62.574000	168.080000	-5.071300	8.275100	1
62.557000	168.170000	-4.048700	8.275400	1
62.540000	168.260000	-6.453000	8.275100	1
62.524000	168.350000	-5.769100	8.275200	1
62.507000	168.430000	-4.049000	8.275200	1
64.469000	150.320000	-5.999900	9.034200	1
64.465000	150.420000	-3.943500	9.033600	1
64.461000	150.520000	1.211100	9.034300	1
64.457000	150.620000	2.247300	9.034000	1
64.453000	150.720000	1.561000	9.033900	1
64.449000	150.820000	-1.192600	9.034300	1
64.444000	150.920000	-1.875100	9.034100	1
64.440000	151.020000	-1.181300	9.034000	1
64.435000	151.130000	-1.875100	9.034200	1
64.431000	151.230000	0.185040	9.034000	1
64.426000	151.330000	0.871240	9.033800	1
64.421000	151.430000	-4.271300	9.034400	1
64.416000	151.530000	-4.282900	9.034000	1
64.412000	151.630000	-3.602700	9.034200	1
64.407000	151.730000	-6.681800	9.034400	1
62.644000	167.430000	-3.604900	9.034300	1
62.627000	167.520000	-6.355500	9.033900	1
62.611000	167.600000	-5.317500	9.034200	1
62.595000	167.690000	-4.627600	9.034000	1
62.579000	167.780000	-4.631300	9.034200	1
62.562000	167.870000	-4.971400	9.034000	1
62.546000	167.960000	-4.635000	9.034300	1
62.529000	168.050000	-5.325300	9.034000	1
62.513000	168.130000	-5.325300	9.034200	1
62.496000	168.220000	-4.975500	9.034000	1
62.479000	168.310000	-4.635400	9.034100	1
62.463000	168.400000	-5.665700	9.034000	1
64.414000	150.510000	-3.605700	9.788600	1
64.410000	150.610000	-1.893100	9.788300	1
64.406000	150.710000	-2.568000	9.788200	1
64.401000	150.810000	-1.537600	9.788600	1
64.397000	150.910000	-1.183800	9.788400	1
64.393000	151.010000	-2.567700	9.788300	1
64.388000	151.120000	-1.870000	9.788500	1
64.384000	151.220000	-2.231400	9.788300	1
64.379000	151.320000	-4.295600	9.788100	1
64.374000	151.420000	-1.537400	9.788700	1
64.369000	151.520000	-2.563900	9.788300	1
64.364000	151.620000	-4.624100	9.788400	1
64.360000	151.720000	-4.620200	9.788700	1
62.615000	167.300000	-3.943400	9.788100	1
62.599000	167.390000	-4.633300	9.788600	1
62.583000	167.480000	-5.656200	9.788100	1
62.567000	167.570000	-5.320100	9.788500	1
62.551000	167.660000	-5.660300	9.788200	1
62.534000	167.740000	-6.010200	9.788500	1
62.518000	167.830000	-5.664100	9.788300	1
62.502000	167.920000	-5.660200	9.788500	1
62.485000	168.010000	-5.320200	9.788200	1
62.468000	168.100000	-6.010300	9.788500	1
62.452000	168.180000	-6.014200	9.788300	1
62.435000	168.270000	-6.010500	9.788400	1
62.418000	168.360000	-6.350700	9.788300	1
64.371000	150.400000	-4.586900	10.546000	1
64.367000	150.500000	-4.934200	10.546000	1
64.362000	150.600000	-7.342400	10.546000	1
64.358000	150.700000	-2.520000	10.546000	1
64.354000	150.800000	-0.459620	10.546000	1
64.350000	150.900000	-2.175900	10.546000	1
64.345000	151.000000	-4.232400	10.546000	1
64.341000	151.110000	-3.888500	10.546000	1
64.336000	151.210000	-4.232400	10.546000	1
64.331000	151.310000	-2.847100	10.546000	1
64.327000	151.410000	-4.929800	10.546000	1
64.322000	151.510000	-5.948800	10.546000	1
64.317000	151.610000	-3.202100	10.546000	1
64.312000	151.710000	-3.892100	10.546000	1
64.307000	151.810000	-3.542300	10.546000	1
64.302000	151.910000	-5.948800	10.546000	1
62.554000	167.350000	-4.583900	10.546000	1
62.538000	167.440000	-5.264300	10.546000	1
62.522000	167.530000	-3.547600	10.546000	1
62.506000	167.620000	-4.927900	10.546000	1
62.490000	167.710000	-4.924000	10.546000	1
62.473000	167.800000	-4.587700	10.546000	1
62.457000	167.880000	-4.237600	10.546000	1
62.440000	167.970000	-4.587800	10.546000	1
62.424000	168.060000	-6.294300	10.546000	1
62.407000	168.150000	-5.618100	10.546000	1
62.391000	168.230000	-5.954500	10.546000	1
62.374000	168.320000	-8.015700	10.546000	1
64.331000	150.190000	-4.662500	11.298000	1
64.327000	150.290000	-4.998500	11.299000	1
64.323000	150.390000	-4.994900	11.298000	1
64.319000	150.490000	-7.058900	11.299000	1
64.315000	150.590000	-7.771900	11.299000	1
64.311000	150.690000	-5.696000	11.299000	1
64.306000	150.790000	-4.665600	11.299000	1
64.302000	150.890000	-4.314000	11.299000	1
64.298000	150.990000	-5.340500	11.299000	1
64.293000	151.090000	-4.310200	11.299000	1
64.289000	151.200000	-3.631400	11.299000	1
64.284000	151.300000	-6.032100	11.298000	1
64.279000	151.400000	-2.597300	11.299000	1
64.274000	151.500000	-5.336600	11.299000	1
64.270000	151.600000	-4.310100	11.299000	1
64.265000	151.700000	-6.370500	11.299000	1
64.260000	151.800000	-6.370800	11.298000	1
64.255000	151.900000	-4.310200	11.299000	1
64.249000	152.000000	-6.370500	11.299000	1
62.542000	167.140000	-3.972900	11.299000	1
62.526000	167.230000	-6.022300	11.298000	1
62.510000	167.320000	-5.678200	11.299000	1
62.494000	167.410000	-6.018400	11.298000	1
62.478000	167.490000	-4.315300	11.299000	1
62.461000	167.580000	-6.029600	11.298000	1
62.445000	167.670000	-5.685600	11.299000	1
62.429000	167.760000	-4.319100	11.299000	1
62.412000	167.850000	-6.723400	11.299000	1
62.396000	167.930000	-5.349400	11.299000	1
62.380000	168.020000	-6.029500	11.299000	1
62.363000	168.110000	-6.376000	11.299000	1
62.346000	168.200000	-6.720000	11.299000	1
62.330000	168.280000	-5.697400	11.299000	1
64.263000	150.680000	-6.461300	12.054000	1
64.259000	150.780000	-4.721800	12.054000	1
64.254000	150.880000	-1.631100	12.054000	1
64.250000	150.980000	-3.680100	12.054000	1
64.245000	151.080000	-5.400300	12.054000	1
64.241000	151.180000	-4.370100	12.054000	1
64.236000	151.290000	-4.374000	12.053000	1
64.231000	151.390000	-6.438100	12.054000	1
64.227000	151.490000	-6.423000	12.054000	1
64.222000	151.590000	-5.071500	12.054000	1
64.217000	151.690000	-5.747700	12.054000	1
62.481000	167.190000	-5.763200	12.053000	1
62.465000	167.280000	-5.415400	12.054000	1
62.449000	167.370000	-5.759300	12.053000	1
62.433000	167.460000	-4.725100	12.054000	1
62.417000	167.550000	-6.113100	12.053000	1
62.400000	167.630000	-6.793200	12.054000	1
62.384000	167.720000	-6.113100	12.054000	1
62.368000	167.810000	-6.445600	12.054000	1
62.351000	167.900000	-4.729000	12.053000	1
62.335000	167.990000	-5.076400	12.054000	1
62.318000	168.070000	-3.348800	12.054000	1
62.302000	168.160000	-5.759400	12.054000	1
62.285000	168.250000	-5.423200	12.054000	1
64.253000	149.670000	-5.027300	12.815000	1
64.250000	149.770000	-5.729200	12.813000	1
64.246000	149.870000	-5.378500	12.815000	1
64.242000	149.970000	-6.409300	12.814000	1
64.239000	150.070000	-5.042200	12.815000	1
64.235000	150.170000	-5.732600	12.814000	1
64.231000	150.270000	-3.325500	12.814000	1
64.227000	150.370000	-3.318100	12.814000	1
64.223000	150.470000	-5.732100	12.814000	1
64.219000	150.570000	-6.758700	12.814000	1
64.215000	150.670000	-9.167300	12.814000	1
64.210000	150.770000	-4.362800	12.814000	1
64.206000	150.870000	-4.693900	12.814000	1
64.202000	150.970000	-6.754400	12.814000	1
64.197000	151.070000	-8.109800	12.814000	1
64.192000	151.170000	-6.060300	12.814000	1
64.188000	151.270000	-6.743100	12.814000	1
64.183000	151.370000	-6.750500	12.815000	1
64.178000	151.470000	-6.396700	12.814000	1
64.174000	151.570000	-6.064100	12.814000	1
64.169000	151.670000	-4.685900	12.815000	1
64.164000	151.770000	-2.965800	12.814000	1
64.159000	151.870000	-6.750400	12.814000	1
64.153000	151.970000	-7.086600	12.815000	1
64.148000	152.070000	-6.746900	12.814000	1
64.143000	152.170000	-6.059900	12.815000	1
64.137000	152.270000	-6.060100	12.814000	1
64.132000	152.370000	-5.724000	12.814000	1
64.127000	152.470000	-6.403800	12.815000	1
64.121000	152.570000	-7.087200	12.814000	1
62.451000	167.070000	-4.341200	12.814000	1
62.435000	167.160000	-5.031400	12.814000	1
62.419000	167.240000	-4.687800	12.814000	1
62.403000	167.330000	-5.031800	12.814000	1
62.387000	167.420000	-5.725500	12.814000	1
62.371000	167.510000	-5.721700	12.814000	1
62.355000	167.600000	-4.687600	12.814000	1
62.339000	167.680000	-5.371500	12.814000	1
62.322000	167.770000	-6.061600	12.814000	1
62.306000	167.860000	-3.990000	12.814000	1
62.289000	167.950000	-0.918380	12.814000	1
62.273000	168.030000	-5.046800	12.814000	1
62.256000	168.120000	-6.413500	12.814000	1
62.240000	168.210000	-2.979100	12.814000	1
64.224000	149.060000	-6.823100	13.573000	1
64.221000	149.160000	-7.502500	13.572000	1
64.218000	149.260000	-8.536400	13.573000	1
64.215000	149.360000	-6.125500	13.572000	1
64.211000	149.460000	-5.448600	13.573000	1
64.208000	149.560000	-6.830600	13.572000	1
64.204000	149.660000	-5.456000	13.573000	1
64.201000	149.760000	-7.528700	13.572000	1
64.197000	149.860000	-7.860600	13.574000	1
64.194000	149.960000	-7.509600	13.572000	1
64.190000	150.060000	-5.102000	13.573000	1
64.186000	150.160000	-6.845500	13.572000	1
64.182000	150.260000	-6.829900	13.573000	1
64.178000	150.360000	-7.176500	13.572000	1
64.174000	150.460000	-6.822100	13.573000	1
64.170000	150.560000	-5.803100	13.573000	1
64.166000	150.660000	-7.187400	13.573000	1
64.162000	150.760000	-9.233400	13.573000	1
64.157000	150.860000	-6.821900	13.573000	1
64.153000	150.960000	-7.164400	13.573000	1
64.148000	151.060000	-6.462800	13.573000	1
64.144000	151.160000	-6.120100	13.573000	1
64.139000	151.260000	-7.160500	13.573000	1
64.135000	151.360000	-7.833300	13.573000	1
64.130000	151.460000	-7.168000	13.573000	1
64.125000	151.560000	-7.164100	13.573000	1
64.120000	151.660000	-5.779700	13.573000	1
64.096000	149.940000	-6.620700	15.086000	1
64.092000	150.040000	-9.018200	15.087000	1
64.088000	150.140000	-6.945700	15.086000	1
64.084000	150.240000	-7.643100	15.087000	1
64.081000	150.340000	-7.983400	15.086000	1
64.076000	150.440000	-8.666100	15.087000	1
64.072000	150.540000	-9.693200	15.086000	1
64.068000	150.640000	-8.315600	15.086000	1
64.064000	150.740000	-8.688300	15.086000	1
64.060000	150.840000	-6.243000	15.087000	1
64.055000	150.940000	-7.277100	15.086000	1
64.051000	151.040000	-5.902500	15.087000	1
64.046000	151.140000	-5.898900	15.087000	1
64.042000	151.240000	-6.929300	15.086000	1
64.037000	151.340000	-7.277000	15.087000	1
64.032000	151.440000	-7.963500	15.087000	1
64.027000	151.540000	-7.273100	15.086000	1
64.022000	151.640000	-6.596500	15.087000	1
64.018000	151.740000	-6.925400	15.086000	1
64.013000	151.840000	-6.592900	15.086000	1
64.007000	151.940000	-8.311000	15.087000	1
64.002000	152.040000	-6.929300	15.086000	1
63.997000	152.140000	-7.276800	15.087000	1
63.992000	152.230000	-6.238800	15.087000	1
62.499000	165.890000	-6.259400	15.087000	1
62.484000	165.980000	-5.562100	15.086000	1
62.469000	166.070000	-5.214000	15.087000	1
62.454000	166.160000	-4.187600	15.086000	1
62.438000	166.250000	-4.535000	15.087000	1
62.423000	166.340000	-4.183700	15.086000	1
62.407000	166.430000	-2.470600	15.087000	1
62.392000	166.520000	-3.497100	15.086000	1
62.376000	166.600000	-2.820500	15.087000	1
62.361000	166.690000	-6.609200	15.086000	1
62.345000	166.780000	-5.907400	15.087000	1
62.329000	166.870000	-6.597600	15.086000	1
62.314000	166.960000	-5.914600	15.087000	1
62.298000	167.050000	-4.880700	15.086000	1
62.282000	167.130000	-4.190200	15.087000	1
62.266000	167.220000	-4.522900	15.086000	1
62.250000	167.310000	-4.541400	15.087000	1
62.234000	167.400000	-0.424550	15.086000	1
62.218000	167.480000	-1.114500	15.087000	1
62.201000	167.570000	-2.484700	15.086000	1
62.185000	167.660000	-2.819700	15.087000	1
62.169000	167.750000	-4.197700	15.086000	1
62.152000	167.830000	-7.288800	15.087000	1
62.136000	167.920000	-5.903700	15.086000	1
62.120000	168.010000	-7.285500	15.087000	1
62.103000	168.090000	-6.598000	15.086000	1
64.061000	149.530000	-7.678300	15.842000	1
64.057000	149.630000	-8.022100	15.843000	1
64.054000	149.730000	-6.315200	15.842000	1
64.050000	149.830000	-6.658600	15.844000	1
64.047000	149.930000	-8.041100	15.842000	1
64.043000	150.030000	-6.662400	15.843000	1
64.039000	150.130000	-7.356900	15.842000	1
64.035000	150.230000	-7.685200	15.843000	1
64.031000	150.330000	-7.013700	15.842000	1
64.027000	150.430000	-8.734400	15.843000	1
64.023000	150.530000	-7.685000	15.843000	1
64.019000	150.630000	-8.715500	15.843000	1
64.015000	150.730000	-9.413400	15.843000	1
64.010000	150.830000	-6.657600	15.843000	1
64.006000	150.930000	-6.997800	15.843000	1
64.002000	151.030000	-6.302300	15.843000	1
63.997000	151.130000	-5.974700	15.843000	1
63.992000	151.230000	-4.589300	15.843000	1
63.988000	151.330000	-4.235300	15.843000	1
63.983000	151.430000	-4.925600	15.843000	1
63.978000	151.530000	-6.650000	15.843000	1
63.973000	151.630000	-5.276700	15.844000	1
63.968000	151.730000	-5.967200	15.843000	1
63.963000	151.820000	-8.009400	15.843000	1
63.958000	151.920000	-7.680300	15.844000	1
63.953000	152.020000	-7.336600	15.843000	1
62.452000	165.860000	-5.965000	15.843000	1
62.437000	165.950000	-4.587300	15.843000	1
62.422000	166.040000	-3.206700	15.843000	1
62.407000	166.130000	-4.233300	15.843000	1
62.392000	166.210000	-3.567800	15.843000	1
62.376000	166.300000	-4.240600	15.843000	1
62.361000	166.390000	-2.870000	15.843000	1
62.345000	166.480000	-3.206400	15.843000	1
62.330000	166.570000	-4.590200	15.843000	1
62.314000	166.660000	-4.926600	15.843000	1
62.299000	166.740000	-4.590000	15.843000	1
62.283000	166.830000	-5.627700	15.843000	1
62.267000	166.920000	-5.627700	15.843000	1
62.251000	167.010000	-4.933700	15.843000	1
62.235000	167.100000	-3.895600	15.843000	1
62.220000	167.180000	-4.239600	15.843000	1
62.204000	167.270000	-4.243000	15.843000	1
62.188000	167.360000	-0.823740	15.843000	1
62.171000	167.450000	-2.189900	15.843000	1
62.155000	167.530000	-3.570300	15.843000	1
62.139000	167.620000	-3.910400	15.843000	1
62.123000	167.710000	-6.313800	15.843000	1
62.106000	167.790000	-7.351700	15.843000	1
62.090000	167.880000	-6.990600	15.843000	1
62.073000	167.970000	-5.631400	15.843000	1
62.057000	168.060000	-5.975400	15.843000	1
64.021000	149.230000	-8.194800	16.598000	1
64.018000	149.330000	-6.455500	16.597000	1
64.015000	149.430000	-8.168900	16.597000	1
64.011000	149.530000	-7.830000	16.597000	1
64.008000	149.630000	-8.512700	16.598000	1
64.004000	149.720000	-6.799400	16.596000	1
64.001000	149.820000	-7.833400	16.598000	1
63.997000	149.920000	-8.195000	16.597000	1
63.993000	150.020000	-9.211000	16.598000	1
63.990000	150.120000	-5.776200	16.597000	1
63.986000	150.220000	-5.420700	16.598000	1
63.982000	150.320000	-5.424500	16.597000	1
63.978000	150.420000	-7.145200	16.597000	1
63.974000	150.520000	-8.175500	16.597000	1
63.969000	150.620000	-8.512000	16.597000	1
63.965000	150.720000	-8.854700	16.597000	1
63.961000	150.820000	-8.492800	16.598000	1
63.957000	150.920000	-5.752800	16.597000	1
63.952000	151.020000	-5.062100	16.597000	1
63.948000	151.120000	-5.066000	16.597000	1
63.943000	151.220000	-4.032100	16.597000	1
63.938000	151.320000	-5.416000	16.597000	1
63.934000	151.420000	-7.136800	16.597000	1
63.929000	151.510000	-4.726000	16.597000	1
63.924000	151.610000	-7.473000	16.598000	1
63.919000	151.710000	-8.174900	16.597000	1
63.914000	151.810000	-7.136800	16.597000	1
63.957000	149.620000	-7.166700	17.362000	1
63.954000	149.720000	-4.072000	17.361000	1
63.950000	149.820000	-5.449500	17.362000	1
63.946000	149.910000	-6.830500	17.361000	1
63.943000	150.010000	-5.105600	17.362000	1
63.939000	150.110000	-7.846100	17.361000	1
63.935000	150.210000	-9.922100	17.362000	1
63.931000	150.310000	-8.197700	17.361000	1
63.927000	150.410000	-5.788100	17.362000	1
63.923000	150.510000	-5.445500	17.362000	1
63.919000	150.610000	-6.475800	17.362000	1
63.915000	150.710000	-6.468300	17.362000	1
63.910000	150.810000	-7.494800	17.362000	1
63.906000	150.910000	-7.165800	17.362000	1
63.902000	151.010000	-4.078100	17.362000	1
63.897000	151.110000	-2.353800	17.362000	1
63.893000	151.210000	-7.494800	17.362000	1
63.888000	151.300000	-3.742800	17.362000	1
63.883000	151.400000	-6.131300	17.362000	1
63.878000	151.500000	-6.825400	17.362000	1
63.873000	151.600000	-6.134800	17.362000	1
63.868000	151.700000	-7.844800	17.362000	1
62.388000	165.610000	-7.857200	17.362000	1
62.373000	165.700000	-8.543900	17.361000	1
62.358000	165.790000	-7.158900	17.362000	1
62.343000	165.880000	-5.442000	17.362000	1
62.327000	165.960000	-6.823100	17.362000	1
62.312000	166.050000	-5.113400	17.362000	1
62.297000	166.140000	-4.079100	17.362000	1
62.282000	166.230000	-7.178000	17.361000	1
62.266000	166.320000	-7.147800	17.362000	1
62.251000	166.410000	-6.128500	17.361000	1
62.236000	166.490000	-7.151300	17.362000	1
62.220000	166.580000	-5.437700	17.362000	1
62.204000	166.670000	-5.101300	17.362000	1
62.189000	166.760000	-5.784200	17.362000	1
62.173000	166.850000	-5.093600	17.362000	1
62.157000	166.930000	-3.384200	17.362000	1
62.141000	167.020000	-4.088900	17.362000	1
62.126000	167.110000	-5.459600	17.362000	1
62.110000	167.200000	-4.417800	17.362000	1
62.094000	167.280000	-5.436900	17.362000	1
62.078000	167.370000	-5.096700	17.362000	1
62.061000	167.460000	-5.783200	17.362000	1
62.045000	167.540000	-5.455300	17.362000	1
62.029000	167.630000	-5.108000	17.362000	1
62.013000	167.720000	-7.497800	17.362000	1
61.996000	167.800000	-7.169200	17.362000	1
61.980000	167.890000	-6.475200	17.362000	1
61.963000	167.980000	-6.833000	17.362000	1
63.903000	149.710000	-6.596700	18.121000	1
63.899000	149.810000	-6.940100	18.123000	1
63.896000	149.900000	-7.303100	18.122000	1
63.892000	150.000000	-7.649200	18.123000	1
63.888000	150.100000	-6.600300	18.122000	1
63.884000	150.200000	-7.970900	18.123000	1
63.881000	150.300000	-8.324900	18.122000	1
63.877000	150.400000	-8.657500	18.122000	1
63.872000	150.500000	-6.603400	18.122000	1
63.868000	150.600000	-7.276200	18.122000	1
63.864000	150.700000	-6.928500	18.122000	1
63.860000	150.800000	-7.970100	18.123000	1
63.855000	150.900000	-7.607700	18.122000	1
63.851000	151.000000	-6.252400	18.122000	1
63.846000	151.090000	-6.263800	18.122000	1
63.842000	151.190000	-3.840500	18.122000	1
63.837000	151.290000	-7.614800	18.122000	1
63.833000	151.390000	-5.916000	18.122000	1
63.828000	151.490000	-4.188000	18.122000	1
63.823000	151.590000	-6.938900	18.123000	1
63.818000	151.690000	-7.264600	18.122000	1
63.813000	151.790000	-9.000400	18.122000	1
62.354000	165.480000	-8.650900	18.122000	1
62.340000	165.570000	-8.303100	18.122000	1
62.325000	165.660000	-7.273400	18.122000	1
62.310000	165.750000	-5.895200	18.122000	1
62.295000	165.840000	-6.936900	18.122000	1
62.280000	165.930000	-4.868200	18.122000	1
62.264000	166.020000	-2.121300	18.122000	1
62.249000	166.100000	-4.875500	18.122000	1
62.234000	166.190000	-3.491400	18.122000	1
62.219000	166.280000	-5.565600	18.122000	1
62.203000	166.370000	-6.234700	18.122000	1
62.188000	166.460000	-4.524800	18.122000	1
62.172000	166.540000	-5.894200	18.122000	1
62.157000	166.630000	-4.871000	18.122000	1
62.141000	166.720000	-5.207400	18.122000	1
62.125000	166.810000	-4.870800	18.122000	1
62.110000	166.890000	-3.836700	18.122000	1
62.094000	166.980000	-6.248600	18.122000	1
62.078000	167.070000	-6.241000	18.122000	1
62.062000	167.160000	-6.237200	18.122000	1
62.046000	167.240000	-4.180000	18.122000	1
62.030000	167.330000	-4.873900	18.122000	1
62.014000	167.420000	-5.896900	18.122000	1
61.998000	167.500000	-6.586900	18.122000	1
61.982000	167.590000	-5.560600	18.122000	1
61.965000	167.680000	-6.587300	18.122000	1
61.949000	167.760000	-6.949900	18.122000	1
61.933000	167.850000	-5.225300	18.122000	1
61.916000	167.940000	-6.938900	18.122000	1