La	Lo	Sig	Theta	Ice
63.503000	165.280000	-2.166200	-15.143000	1
63.522000	165.370000	-2.863600	-15.144000	1
63.541000	165.460000	-1.139600	-15.143000	1
63.559000	165.550000	-3.886100	-15.143000	1
63.578000	165.640000	-2.494500	-15.143000	1
63.597000	165.730000	-0.105330	-15.143000	1
63.615000	165.820000	-3.531800	-15.144000	1
63.633000	165.910000	0.241130	-15.143000	1
63.652000	166.000000	-0.120040	-15.143000	1
63.670000	166.090000	-1.486300	-15.143000	1
63.688000	166.180000	-2.523900	-15.143000	1
63.706000	166.270000	-4.221200	-15.144000	1
63.724000	166.360000	-4.557600	-15.143000	1
63.742000	166.450000	-4.572500	-15.144000	1
63.592000	166.500000	-5.358400	-12.873000	1
63.610000	166.590000	-4.331600	-12.873000	1
63.628000	166.680000	-4.331300	-12.874000	1
63.646000	166.770000	-4.681600	-12.873000	1
63.663000	166.860000	-5.021500	-12.873000	1
63.681000	166.950000	-4.681000	-12.873000	1
63.699000	167.040000	-1.573000	-12.873000	1
63.716000	167.130000	0.808890	-12.874000	1
63.734000	167.220000	-3.654100	-12.874000	1
63.751000	167.310000	-1.236300	-12.873000	1
63.769000	167.410000	-2.948400	-12.874000	1
63.786000	167.500000	-3.974900	-12.873000	1
63.803000	167.590000	-6.031800	-12.872000	1
63.820000	167.680000	-6.720700	-12.874000	1
63.838000	167.770000	-6.389500	-12.873000	1
63.855000	167.860000	-7.075700	-12.873000	1
63.872000	167.960000	-5.350900	-12.874000	1
63.889000	168.050000	-5.704900	-12.873000	1
63.439000	166.010000	-6.417200	-12.113000	1
63.458000	166.090000	-4.024300	-12.113000	1
63.476000	166.180000	-5.046700	-12.113000	1
63.494000	166.270000	-3.333800	-12.113000	1
63.512000	166.360000	0.454150	-12.113000	1
63.530000	166.450000	-4.344600	-12.114000	1
63.548000	166.540000	-4.680200	-12.113000	1
63.566000	166.630000	-4.011200	-12.113000	1
63.584000	166.720000	-4.691000	-12.114000	1
63.602000	166.810000	-3.657200	-12.113000	1
63.619000	166.910000	-3.301700	-12.113000	1
63.637000	167.000000	-1.944000	-12.113000	1
63.655000	167.090000	-0.573930	-12.113000	1
63.672000	167.180000	-1.252000	-12.114000	1
63.690000	167.270000	-3.312200	-12.114000	1
63.707000	167.360000	-6.391800	-12.113000	1
63.724000	167.450000	-7.085300	-12.114000	1
63.742000	167.540000	-6.399000	-12.113000	1
63.759000	167.630000	-6.395400	-12.112000	1
63.776000	167.720000	-5.708200	-12.114000	1
63.793000	167.820000	-5.708200	-12.113000	1
63.810000	167.910000	-5.704400	-12.113000	1
63.827000	168.000000	-5.363500	-12.114000	1
63.844000	168.090000	-6.050300	-12.113000	1
63.360000	165.870000	-3.253800	-11.360000	1
63.378000	165.960000	-3.596100	-11.360000	1
63.396000	166.050000	-5.996400	-11.360000	1
63.414000	166.140000	-4.633600	-11.360000	1
63.433000	166.230000	-3.607100	-11.360000	1
63.451000	166.320000	-4.304600	-11.360000	1
63.469000	166.410000	-2.916800	-11.359000	1
63.487000	166.500000	0.166330	-11.360000	1
63.505000	166.590000	-1.550000	-11.360000	1
63.523000	166.680000	-3.934900	-11.360000	1
63.540000	166.770000	-4.636000	-11.360000	1
63.558000	166.860000	-2.916000	-11.359000	1
63.576000	166.950000	-7.032900	-11.360000	1
63.594000	167.040000	-4.616800	-11.360000	1
63.611000	167.130000	-1.873300	-11.360000	1
63.629000	167.220000	-1.536500	-11.361000	1
63.646000	167.310000	-5.653300	-11.361000	1
63.663000	167.400000	-7.714200	-11.359000	1
63.681000	167.490000	-8.059900	-11.360000	1
63.698000	167.590000	-6.339500	-11.360000	1
63.715000	167.680000	-4.286800	-11.359000	1
63.732000	167.770000	-4.958500	-11.360000	1
63.750000	167.860000	-5.648900	-11.360000	1
63.767000	167.950000	-5.308700	-11.360000	1
63.784000	168.040000	-3.927700	-11.361000	1
63.800000	168.140000	-5.312000	-11.360000	1
63.371000	166.190000	-5.014000	-10.599000	1
63.389000	166.280000	-5.032800	-10.599000	1
63.407000	166.370000	-3.983400	-10.599000	1
63.425000	166.460000	-3.297200	-10.599000	1
63.443000	166.540000	-1.934200	-10.600000	1
63.461000	166.630000	-2.956700	-10.599000	1
63.479000	166.720000	-3.288800	-10.600000	1
63.497000	166.810000	-4.322400	-10.600000	1
63.515000	166.900000	-3.621200	-10.599000	1
63.532000	166.990000	-2.590800	-10.599000	1
63.550000	167.090000	-1.910400	-10.600000	1
63.567000	167.180000	-3.978500	-10.599000	1
63.585000	167.270000	-4.664200	-10.600000	1
63.602000	167.360000	-5.690400	-10.600000	1
63.620000	167.450000	-7.755200	-10.599000	1
63.637000	167.540000	-7.056700	-10.600000	1
63.654000	167.630000	-5.336500	-10.599000	1
63.671000	167.720000	-3.966500	-10.598000	1
63.689000	167.810000	-5.342900	-10.600000	1
63.706000	167.900000	-5.002800	-10.599000	1
63.723000	168.000000	-4.662800	-10.599000	1
63.740000	168.090000	-5.692200	-10.601000	1
63.756000	168.180000	-4.304600	-10.600000	1
63.328000	166.230000	-3.947700	-9.843500	1
63.346000	166.320000	-4.308900	-9.843400	1
63.364000	166.410000	-4.640700	-9.843500	1
63.382000	166.500000	-1.565500	-9.843000	1
63.400000	166.590000	-2.580000	-9.843700	1
63.418000	166.680000	-3.606200	-9.843500	1
63.436000	166.770000	-4.288500	-9.843500	1
63.454000	166.860000	-4.307100	-9.844100	1
63.471000	166.950000	-3.258200	-9.843100	1
63.489000	167.040000	-2.579300	-9.843200	1
63.507000	167.130000	0.174990	-9.843700	1
63.524000	167.220000	-3.597900	-9.843000	1
63.542000	167.310000	-4.283700	-9.844000	1
63.559000	167.400000	-5.653800	-9.844200	1
63.576000	167.490000	-5.317700	-9.842900	1
63.594000	167.580000	-5.657300	-9.844000	1
63.611000	167.670000	-4.977200	-9.843600	1
63.628000	167.760000	-4.623800	-9.842200	1
63.645000	167.860000	-3.932900	-9.843700	1
63.662000	167.950000	-3.936700	-9.843400	1
63.679000	168.040000	-0.846420	-9.842900	1
63.696000	168.130000	-3.255800	-9.844500	1
63.713000	168.220000	-3.596100	-9.843700	1
63.304000	166.370000	-3.980800	-9.089300	1
63.322000	166.460000	-3.980600	-9.089400	1
63.339000	166.540000	-3.640600	-9.088800	1
63.357000	166.630000	-5.002900	-9.089400	1
63.375000	166.720000	1.517100	-9.089400	1
63.393000	166.810000	4.607400	-9.089300	1
63.411000	166.900000	-0.538560	-9.089900	1
63.428000	166.990000	-2.952800	-9.089000	1
63.446000	167.080000	-3.288900	-9.089000	1
63.464000	167.170000	-5.351300	-9.089500	1
63.481000	167.260000	-4.997700	-9.088900	1
63.499000	167.350000	-4.303300	-9.089700	1
63.516000	167.440000	-4.997000	-9.090000	1
63.533000	167.530000	-4.653600	-9.088800	1
63.550000	167.630000	-4.996700	-9.089800	1
63.568000	167.720000	-5.686900	-9.089500	1
63.585000	167.810000	-5.347300	-9.088100	1
63.602000	167.900000	-3.622500	-9.089500	1
63.619000	167.990000	-2.928600	-9.089200	1
63.636000	168.080000	-2.932500	-9.088700	1
63.653000	168.170000	-3.625500	-9.090300	1
63.669000	168.260000	-1.559300	-9.089600	1
46.639000	132.810000	-7.415600	-6.817600	1
46.675000	132.850000	-7.075000	-6.817700	1
46.711000	132.890000	-6.040800	-6.817500	1
46.747000	132.920000	-7.074500	-6.817600	1
46.783000	132.960000	-5.353900	-6.817600	1
46.819000	133.000000	-3.293400	-6.817500	1
46.855000	133.030000	-1.909200	-6.817600	1
46.891000	133.070000	-1.572600	-6.817600	1
46.927000	133.110000	-5.348900	-6.817600	1
46.963000	133.150000	-4.658400	-6.817700	1
46.999000	133.180000	-5.011300	-6.817700	1
47.035000	133.220000	-4.320900	-6.817500	1
47.071000	133.260000	-6.380800	-6.817500	1
47.107000	133.300000	-7.410500	-6.817400	1
47.143000	133.330000	-7.764000	-6.817400	1
47.179000	133.370000	-7.759900	-6.817400	1
47.215000	133.410000	-3.625100	-6.817300	1
47.250000	133.450000	-5.344900	-6.817400	1
47.286000	133.490000	-7.754900	-6.817300	1
47.322000	133.520000	-7.404500	-6.817300	1
47.358000	133.560000	-7.757500	-6.817400	1
47.394000	133.600000	-7.406900	-6.817600	1
47.430000	133.640000	-7.066400	-6.817500	1
47.465000	133.680000	-7.066100	-6.817400	1
47.501000	133.710000	-7.405700	-6.817600	1
47.537000	133.750000	-7.065200	-6.817600	1
47.573000	133.790000	-6.720900	-6.817400	1
47.608000	133.830000	-7.060500	-6.817600	1
47.644000	133.870000	-6.716200	-6.817600	1
47.680000	133.910000	-6.719300	-6.817700	1
47.715000	133.950000	-7.402200	-6.817700	1
47.751000	133.980000	-8.432000	-6.817500	1
47.787000	134.020000	-8.087500	-6.817600	1
47.822000	134.060000	-7.396700	-6.817700	1
47.858000	134.100000	-7.056200	-6.817500	1
47.894000	134.140000	-6.025300	-6.817600	1
47.929000	134.180000	-7.394900	-6.817600	1
47.965000	134.220000	-6.714300	-6.817500	1
48.000000	134.260000	-6.363600	-6.817600	1
48.036000	134.290000	-6.713100	-6.817600	1
48.071000	134.330000	-5.671900	-6.817500	1
48.107000	134.370000	-6.368800	-6.817900	1
48.142000	134.410000	-6.714600	-6.817800	1
48.178000	134.450000	-6.024100	-6.817800	1
48.213000	134.490000	-5.673400	-6.817900	1
48.249000	134.530000	-7.049400	-6.817800	1
48.284000	134.570000	-5.328700	-6.817800	1
48.319000	134.610000	-3.607900	-6.818000	1
48.355000	134.650000	-4.987700	-6.817800	1
48.390000	134.690000	-1.543000	-6.818000	1
48.426000	134.730000	-5.329900	-6.818000	1
48.461000	134.770000	-5.325700	-6.817800	1
48.496000	134.810000	-4.635100	-6.817900	1
48.532000	134.850000	-6.014900	-6.818000	1
48.567000	134.890000	-4.638200	-6.817900	1
48.602000	134.930000	-3.267700	-6.817900	1
48.637000	134.970000	-5.327500	-6.817900	1
48.673000	135.010000	-4.979600	-6.818000	1
48.708000	135.050000	-3.949100	-6.818000	1
48.743000	135.090000	-3.262400	-6.818000	1
48.778000	135.130000	-5.325500	-6.817900	1
48.814000	135.170000	-6.705100	-6.818200	1
48.849000	135.210000	-6.354600	-6.818200	1
48.884000	135.250000	-8.414700	-6.818200	1
48.919000	135.290000	-8.760600	-6.818200	1
48.954000	135.330000	-9.104000	-6.818300	1
48.989000	135.370000	-8.069600	-6.818100	1
49.024000	135.410000	-8.072700	-6.818400	1
49.059000	135.450000	-7.038300	-6.818300	1
49.094000	135.490000	-5.317400	-6.818300	1
49.129000	135.540000	-6.704300	-6.818400	1
49.164000	135.580000	-6.349900	-6.818400	1
49.199000	135.620000	-6.345900	-6.818200	1
49.234000	135.660000	-6.345200	-6.818500	1
49.269000	135.700000	-5.314700	-6.818300	1
49.304000	135.740000	-6.000600	-6.818300	1
49.339000	135.780000	-5.653900	-6.818400	1
49.374000	135.820000	-5.999700	-6.818400	1
49.409000	135.860000	-3.252700	-6.818400	1
49.444000	135.910000	-5.312500	-6.818500	1
49.479000	135.950000	-4.622100	-6.818200	1
49.514000	135.990000	-4.625000	-6.818500	1
49.549000	136.030000	-4.620900	-6.818500	1
62.975000	165.530000	-5.522900	-6.822600	1
62.993000	165.620000	-7.936500	-6.822300	1
63.012000	165.700000	-7.932400	-6.822600	1
63.030000	165.790000	-7.936000	-6.822300	1
63.049000	165.880000	-8.622200	-6.822700	1
63.067000	165.970000	-8.965900	-6.822600	1
63.085000	166.060000	-8.275600	-6.822500	1
63.103000	166.140000	-7.931400	-6.822700	1
63.122000	166.230000	-7.241300	-6.822300	1
63.140000	166.320000	-4.494100	-6.822900	1
63.158000	166.410000	-4.844100	-6.822700	1
63.176000	166.500000	-3.813900	-6.822600	1
63.194000	166.590000	-5.187600	-6.822800	1
63.212000	166.680000	-5.180300	-6.822100	1
63.229000	166.770000	-4.157200	-6.822600	1
63.247000	166.850000	-5.519700	-6.822700	1
63.265000	166.940000	-4.839500	-6.822600	1
63.283000	167.030000	-3.808800	-6.823300	1
63.300000	167.120000	-3.805400	-6.822500	1
63.318000	167.210000	-3.805500	-6.822200	1
63.335000	167.300000	-5.178800	-6.822900	1
46.576000	132.830000	-6.838300	-6.063600	1
46.612000	132.870000	-5.810900	-6.063700	1
46.648000	132.900000	-6.150600	-6.063800	1
46.684000	132.940000	-5.466500	-6.063600	1
46.720000	132.980000	-5.809900	-6.063700	1
46.756000	133.010000	-4.779500	-6.063700	1
46.792000	133.050000	-5.805600	-6.063600	1
46.828000	133.090000	-6.145300	-6.063700	1
46.864000	133.130000	-2.024600	-6.063700	1
46.900000	133.160000	-4.434500	-6.063600	1
46.936000	133.200000	-5.110400	-6.063800	1
46.972000	133.240000	-5.803300	-6.063800	1
47.008000	133.280000	-6.493200	-6.063600	1
47.044000	133.310000	-6.492800	-6.063600	1
47.080000	133.350000	-6.832400	-6.063500	1
47.116000	133.390000	-6.839500	-6.063500	1
47.151000	133.430000	-6.491600	-6.063500	1
47.187000	133.460000	-5.111100	-6.063400	1
47.223000	133.500000	-1.680400	-6.063500	1
47.259000	133.540000	-4.434000	-6.063400	1
47.295000	133.580000	-7.520300	-6.063400	1
47.331000	133.620000	-7.183100	-6.063400	1
47.366000	133.650000	-6.832500	-6.063700	1
47.402000	133.690000	-8.212400	-6.063600	1
47.438000	133.730000	-6.491800	-6.063500	1
47.474000	133.770000	-6.137500	-6.063600	1
47.509000	133.810000	-6.827200	-6.063700	1
47.545000	133.850000	-6.830500	-6.063500	1
47.581000	133.880000	-2.705800	-6.063600	1
47.616000	133.920000	-5.105500	-6.063600	1
47.652000	133.960000	-7.515300	-6.063700	1
47.688000	134.000000	-6.828000	-6.063800	1
47.723000	134.040000	-6.487400	-6.063600	1
47.759000	134.080000	-6.136700	-6.063600	1
47.795000	134.120000	-7.172500	-6.063800	1
47.830000	134.150000	-7.175800	-6.063500	1
47.866000	134.190000	-6.485100	-6.063600	1
47.901000	134.230000	-6.130600	-6.063600	1
47.937000	134.270000	-6.130100	-6.063600	1
47.972000	134.310000	-5.449400	-6.063700	1
48.008000	134.350000	-4.758600	-6.063600	1
48.044000	134.390000	-6.131600	-6.063600	1
48.079000	134.430000	-6.130900	-6.064000	1
48.114000	134.470000	-5.100300	-6.063800	1
48.150000	134.510000	-6.129900	-6.063900	1
48.185000	134.550000	-5.095600	-6.063900	1
48.221000	134.590000	-5.445100	-6.063800	1
48.256000	134.630000	-3.724400	-6.063900	1
48.292000	134.660000	-0.283680	-6.064000	1
48.856000	135.310000	-5.086300	-6.064200	1
48.891000	135.350000	-6.806100	-6.064200	1
48.926000	135.390000	-7.839500	-6.064400	1
48.961000	135.430000	-8.529400	-6.064100	1
48.996000	135.470000	-8.188700	-6.064400	1
49.031000	135.510000	-6.804100	-6.064300	1
49.066000	135.550000	-6.113600	-6.064300	1
49.101000	135.590000	-4.742900	-6.064400	1
49.136000	135.630000	-5.432100	-6.064400	1
49.171000	135.670000	-6.465700	-6.064200	1
49.206000	135.710000	-4.051000	-6.064500	1
49.241000	135.760000	-6.464700	-6.064300	1
49.276000	135.800000	-7.830900	-6.064300	1
49.311000	135.840000	-6.800100	-6.064400	1
49.346000	135.880000	-4.399400	-6.064400	1
49.381000	135.920000	-4.048900	-6.064400	1
49.415000	135.960000	-3.014700	-6.064500	1
49.450000	136.000000	-2.324400	-6.064200	1
49.485000	136.050000	-4.737400	-6.064500	1
49.520000	136.090000	-5.430800	-6.064500	1
49.555000	136.130000	-5.770400	-6.064500	1
49.589000	136.170000	-4.732300	-6.064600	1
49.624000	136.210000	-4.041800	-6.064600	1
49.659000	136.250000	-1.985000	-6.064400	1
45.752000	132.080000	-2.212900	-5.308800	1
45.788000	132.120000	-5.302800	-5.308700	1
45.824000	132.150000	-8.060100	-5.308900	1
45.861000	132.190000	-7.029500	-5.309000	1
45.897000	132.230000	-7.722400	-5.309100	1
45.933000	132.260000	-6.338100	-5.309000	1
45.970000	132.300000	-7.714200	-5.309000	1
46.006000	132.340000	-6.337300	-5.309200	1
46.042000	132.370000	-6.337000	-5.309000	1
46.079000	132.410000	-8.049600	-5.309100	1
46.115000	132.440000	-7.709200	-5.309200	1
46.151000	132.480000	-7.705000	-5.309200	1
46.187000	132.520000	-8.734900	-5.309400	1
46.223000	132.550000	-6.320400	-5.309400	1
46.260000	132.590000	-6.659700	-5.309200	1
46.296000	132.630000	-9.073400	-5.309300	1
46.332000	132.660000	-10.103000	-5.309300	1
46.368000	132.700000	-8.042700	-5.309100	1
46.404000	132.740000	-8.042300	-5.309200	1
46.440000	132.770000	-6.657900	-5.309300	1
46.477000	132.810000	-6.661400	-5.309100	1
46.513000	132.850000	-5.627200	-5.309200	1
46.549000	132.880000	-7.007000	-5.309300	1
46.585000	132.920000	-7.009900	-5.309400	1
46.621000	132.960000	-6.326700	-5.309500	1
46.657000	132.990000	-5.979000	-5.309400	1
46.693000	133.030000	-6.318700	-5.309400	1
46.729000	133.070000	-5.974700	-5.309400	1
46.765000	133.110000	-5.284400	-5.309300	1
46.801000	133.140000	-5.624100	-5.309400	1
46.837000	133.180000	-5.287400	-5.309400	1
46.873000	133.220000	-5.973400	-5.309300	1
46.909000	133.260000	-7.006800	-5.309500	1
46.945000	133.290000	-6.319600	-5.309500	1
46.981000	133.330000	-7.009400	-5.309300	1
47.017000	133.370000	-8.729500	-5.309300	1
47.052000	133.410000	-7.348700	-5.309300	1
47.088000	133.440000	-9.405100	-5.309200	1
47.124000	133.480000	-7.344300	-5.309200	1
47.160000	133.520000	-5.280000	-5.309100	1
47.196000	133.560000	-2.869300	-5.309200	1
47.232000	133.590000	-1.839000	-5.309100	1
47.267000	133.630000	-5.972600	-5.309100	1
47.303000	133.670000	-5.971800	-5.309100	1
47.339000	133.710000	-5.971200	-5.309400	1
47.375000	133.750000	-7.694800	-5.309300	1
47.410000	133.790000	-6.650700	-5.309200	1
47.446000	133.820000	-5.280000	-5.309300	1
47.482000	133.860000	-5.615900	-5.309400	1
47.518000	133.900000	-6.645800	-5.309100	1
47.553000	133.940000	-6.305200	-5.309300	1
47.589000	133.980000	-7.685000	-5.309300	1
47.625000	134.020000	-6.997900	-5.309400	1
47.660000	134.050000	-6.643200	-5.309500	1
47.696000	134.090000	-5.966400	-5.309300	1
47.731000	134.130000	-6.305800	-5.309300	1
47.767000	134.170000	-7.681600	-5.309500	1
47.803000	134.210000	-6.991100	-5.309200	1
47.838000	134.250000	-5.963900	-5.309300	1
47.874000	134.290000	-6.993400	-5.309300	1
47.909000	134.330000	-6.992900	-5.309200	1
47.945000	134.370000	-6.638500	-5.309300	1
47.980000	134.400000	-6.991600	-5.309300	1
48.016000	134.440000	-6.637000	-5.309200	1
48.051000	134.480000	-6.989900	-5.309600	1
48.087000	134.520000	-3.545500	-5.309500	1
48.122000	134.560000	-1.148600	-5.309500	1
48.827000	135.360000	-6.629400	-5.309800	1
48.862000	135.400000	-9.375800	-5.309900	1
48.898000	135.440000	-6.628300	-5.310000	1
48.933000	135.480000	-6.284300	-5.309800	1
48.968000	135.520000	-8.347700	-5.310000	1
49.003000	135.560000	-6.283300	-5.310000	1
49.038000	135.610000	-5.592800	-5.309900	1
49.073000	135.650000	-6.278600	-5.310100	1
49.108000	135.690000	-4.911400	-5.310000	1
49.143000	135.730000	-5.254700	-5.309800	1
49.178000	135.770000	-5.250300	-5.310100	1
49.212000	135.810000	-6.973900	-5.310000	1
49.247000	135.850000	-8.694000	-5.309900	1
49.282000	135.890000	-7.659500	-5.310000	1
49.317000	135.930000	-5.592400	-5.310000	1
62.664000	164.580000	0.040579	-5.313300	1
62.683000	164.660000	-6.153400	-5.313100	1
62.702000	164.750000	-7.870200	-5.312700	1
62.721000	164.830000	-7.869500	-5.313500	1
62.740000	164.920000	-4.779200	-5.313300	1
62.759000	165.010000	-6.153300	-5.312600	1
62.778000	165.090000	-4.436200	-5.313300	1
62.797000	165.180000	-1.345900	-5.313200	1
62.816000	165.270000	-4.099600	-5.313100	1
62.835000	165.350000	-3.065500	-5.313600	1
62.853000	165.440000	-4.778700	-5.312800	1
62.872000	165.530000	-3.741600	-5.313500	1
62.891000	165.620000	-4.431600	-5.313300	1
62.909000	165.700000	-3.401600	-5.313000	1
62.928000	165.790000	-4.780800	-5.313200	1
62.946000	165.880000	-4.780900	-5.312900	1
62.964000	165.970000	-2.373900	-5.313300	1
62.983000	166.050000	-4.090200	-5.313300	1
63.001000	166.140000	-5.456700	-5.313100	1
63.019000	166.230000	-7.870300	-5.313400	1
63.037000	166.320000	-7.877700	-5.312900	1
63.055000	166.410000	-4.433100	-5.313500	1
63.073000	166.500000	-3.066600	-5.313400	1
63.091000	166.580000	-3.742900	-5.313200	1
63.109000	166.670000	-5.130000	-5.313500	1
63.127000	166.760000	-4.089300	-5.312800	1
63.145000	166.850000	-5.805400	-5.313100	1
63.162000	166.940000	-5.455000	-5.313400	1
63.180000	167.030000	-5.455000	-5.313100	1
63.198000	167.120000	-4.424200	-5.314000	1
63.215000	167.210000	-4.091800	-5.313200	1
63.233000	167.300000	-5.118400	-5.312800	1
63.250000	167.390000	-0.993890	-5.313500	1
47.952000	134.460000	-4.722300	-4.555100	1
47.988000	134.500000	-1.634900	-4.555000	1
48.023000	134.540000	-0.594030	-4.555500	1
48.059000	134.580000	1.466400	-4.555300	1
48.094000	134.620000	2.836900	-4.555300	1
48.130000	134.660000	2.161000	-4.555400	1
48.165000	134.690000	-1.278600	-4.555300	1
48.200000	134.730000	-10.907000	-4.555400	1
48.236000	134.770000	-11.604000	-4.555500	1
48.271000	134.810000	-7.800500	-4.555300	1
48.306000	134.850000	-2.303000	-4.555400	1
48.342000	134.890000	2.840700	-4.555400	1
48.869000	135.500000	-3.679200	-4.555800	1
48.904000	135.540000	-8.829600	-4.555600	1
48.939000	135.580000	-6.768600	-4.555800	1
48.974000	135.620000	-7.108200	-4.555800	1
49.009000	135.660000	-7.457900	-4.555700	1
49.044000	135.700000	-7.457100	-4.555800	1
49.079000	135.740000	-8.150300	-4.555800	1
49.114000	135.780000	-5.736100	-4.555600	1
49.149000	135.820000	-3.678800	-4.555900	1
49.184000	135.870000	-7.105300	-4.555800	1
49.219000	135.910000	-7.798600	-4.555700	1
49.254000	135.950000	-7.104300	-4.555800	1
49.289000	135.990000	-5.393700	-4.555800	1
62.922000	166.010000	-0.108040	-4.558600	1
62.941000	166.100000	-3.888000	-4.558600	1
62.959000	166.190000	-4.578100	-4.558400	1
62.977000	166.270000	-5.947800	-4.558700	1
62.995000	166.360000	-2.521300	-4.558200	1
63.013000	166.450000	-1.140700	-4.558700	1
63.031000	166.540000	-1.140600	-4.558600	1
63.049000	166.630000	0.229550	-4.558500	1
63.067000	166.720000	-1.486600	-4.558800	1
63.085000	166.800000	-3.887100	-4.558100	1
63.102000	166.890000	-4.913200	-4.558300	1
63.120000	166.980000	-6.976600	-4.558700	1
63.138000	167.070000	-3.882800	-4.558400	1
63.155000	167.160000	-1.481900	-4.559200	1
63.173000	167.250000	-3.192300	-4.558500	1
63.190000	167.340000	-0.442450	-4.558000	1
47.141000	133.670000	-5.338400	-3.800000	1
47.177000	133.700000	-4.648100	-3.799900	1
47.213000	133.740000	-2.583700	-3.799900	1
47.248000	133.780000	0.503210	-3.799900	1
47.284000	133.820000	-2.246300	-3.800200	1
47.320000	133.860000	-1.555900	-3.800100	1
47.356000	133.890000	-0.522070	-3.800000	1
47.391000	133.930000	-3.955200	-3.800100	1
47.427000	133.970000	-4.644900	-3.800200	1
47.463000	134.010000	-7.395000	-3.799900	1
47.498000	134.050000	-5.674200	-3.800100	1
47.534000	134.090000	-6.360300	-3.800100	1
47.569000	134.120000	-6.023000	-3.800200	1
47.605000	134.160000	-3.952200	-3.800200	1
47.641000	134.200000	-5.671900	-3.800000	1
47.676000	134.240000	-4.981200	-3.800100	1
47.712000	134.280000	-3.950400	-3.800200	1
47.747000	134.320000	-4.640100	-3.800000	1
47.783000	134.360000	-5.326000	-3.800100	1
47.818000	134.400000	-3.605200	-3.800100	1
47.854000	134.440000	-4.294600	-3.800000	1
47.889000	134.470000	-4.634000	-3.800100	1
47.925000	134.510000	-4.296700	-3.800000	1
47.960000	134.550000	0.173960	-3.800000	1
47.996000	134.590000	2.238400	-3.800400	1
48.031000	134.630000	-1.544800	-3.800200	1
48.066000	134.670000	-5.664600	-3.800300	1
48.102000	134.710000	-5.660600	-3.800300	1
48.137000	134.750000	-5.660200	-3.800300	1
48.172000	134.790000	-8.763500	-3.800300	1
48.208000	134.830000	-9.457100	-3.800400	1
48.243000	134.870000	-11.507000	-3.800200	1
48.278000	134.910000	-8.411700	-3.800300	1
48.314000	134.950000	-6.691000	-3.800400	1
48.349000	134.990000	3.273300	-3.800300	1
48.806000	135.510000	-0.154540	-3.800600	1
48.841000	135.550000	-4.284200	-3.800700	1
48.876000	135.590000	-7.710800	-3.800500	1
48.911000	135.630000	-7.710200	-3.800700	1
48.946000	135.670000	-8.749900	-3.800700	1
48.981000	135.710000	-7.032600	-3.800600	1
49.016000	135.760000	-6.341900	-3.800700	1
49.051000	135.800000	-4.281300	-3.800700	1
49.086000	135.840000	0.189180	-3.800500	1
49.121000	135.880000	-1.180200	-3.800800	1
49.155000	135.920000	0.193710	-3.800600	1
49.190000	135.960000	-2.556000	-3.800600	1
49.225000	136.000000	-3.925600	-3.800700	1
49.260000	136.040000	-5.305300	-3.800700	1
49.295000	136.090000	-5.994900	-3.800700	1
49.330000	136.130000	-2.557700	-3.800700	1
49.364000	136.170000	-1.867400	-3.800500	1
49.399000	136.210000	-5.307000	-3.800700	1
49.434000	136.250000	-1.172700	-3.800800	1
49.469000	136.290000	-2.555900	-3.800800	1
49.503000	136.340000	-0.835300	-3.800800	1
49.538000	136.380000	0.885230	-3.800900	1
49.573000	136.420000	-0.494490	-3.800700	1
49.607000	136.460000	-3.920700	-3.800800	1
49.642000	136.500000	-4.950300	-3.800800	1
49.677000	136.550000	-5.640100	-3.800700	1
49.711000	136.590000	-5.639600	-3.800800	1
49.746000	136.630000	-3.922600	-3.800700	1
49.780000	136.670000	-1.522300	-3.800600	1
49.815000	136.720000	0.888200	-3.800700	1
49.849000	136.760000	1.582100	-3.800700	1
47.114000	133.720000	-5.925200	-3.044600	1
47.150000	133.760000	-3.518100	-3.044500	1
47.185000	133.800000	-3.517600	-3.044600	1
47.221000	133.830000	-3.173900	-3.044500	1
47.257000	133.870000	1.293500	-3.044800	1
47.292000	133.910000	-1.116300	-3.044700	1
47.328000	133.950000	-4.206100	-3.044600	1
47.364000	133.990000	-5.235700	-3.044800	1
47.399000	134.020000	-3.171700	-3.044800	1
47.435000	134.060000	-1.451400	-3.044600	1
47.471000	134.100000	-5.231100	-3.044800	1
47.506000	134.140000	-4.203900	-3.044700	1
47.542000	134.180000	-3.863300	-3.044800	1
47.577000	134.220000	-4.542700	-3.044900	1
47.613000	134.260000	-2.832200	-3.044700	1
47.648000	134.290000	-3.511700	-3.044700	1
47.684000	134.330000	-4.197600	-3.044900	1
47.720000	134.370000	-2.827100	-3.044600	1
47.755000	134.410000	-2.476400	-3.044700	1
47.790000	134.450000	-4.195800	-3.044700	1
47.826000	134.490000	-3.505200	-3.044700	1
47.861000	134.530000	-3.507900	-3.044700	1
47.897000	134.570000	1.642800	-3.044700	1
47.932000	134.610000	3.706700	-3.044600	1
47.968000	134.650000	-1.785900	-3.045000	1
48.003000	134.690000	-1.102100	-3.044800	1
48.038000	134.720000	-4.191700	-3.044900	1
48.074000	134.760000	-5.221300	-3.044900	1
48.109000	134.800000	-4.190800	-3.044900	1
48.144000	134.840000	-7.283900	-3.044900	1
48.180000	134.880000	-8.666900	-3.045000	1
48.215000	134.920000	-11.427000	-3.044800	1
48.250000	134.960000	-9.356000	-3.044900	1
48.286000	135.000000	-9.352100	-3.045000	1
48.321000	135.040000	-3.161100	-3.044900	1
48.356000	135.080000	0.619390	-3.044800	1
48.391000	135.120000	2.679900	-3.045000	1
48.426000	135.160000	3.373600	-3.044900	1
48.462000	135.200000	2.004000	-3.044900	1
48.497000	135.240000	-1.435700	-3.044900	1
48.532000	135.280000	-3.155300	-3.045000	1
48.567000	135.320000	-2.465000	-3.044900	1
48.602000	135.360000	-4.527900	-3.045000	1
48.637000	135.400000	-4.877600	-3.044900	1
48.672000	135.440000	-1.096800	-3.045100	1
48.707000	135.480000	-1.096300	-3.045200	1
48.742000	135.520000	3.717500	-3.045100	1
48.777000	135.570000	5.437900	-3.045200	1
48.813000	135.610000	0.288410	-3.045300	1
48.847000	135.650000	0.288690	-3.045100	1
48.882000	135.690000	-3.490900	-3.045300	1
48.917000	135.730000	-7.960800	-3.045300	1
48.952000	135.770000	-6.593600	-3.045100	1
48.987000	135.810000	-3.842800	-3.045300	1
49.022000	135.850000	-2.812300	-3.045300	1
49.057000	135.890000	1.318100	-3.045100	1
49.092000	135.930000	-3.151400	-3.045300	1
49.127000	135.980000	0.982480	-3.045200	1
49.162000	136.020000	-0.057197	-3.045100	1
49.197000	136.060000	-1.086700	-3.045300	1
49.231000	136.100000	-3.836400	-3.045300	1
49.266000	136.140000	-2.809300	-3.045300	1
49.301000	136.180000	-2.115500	-3.045300	1
63.036000	167.070000	1.445000	-3.047100	1
63.053000	167.150000	-0.965160	-3.046800	1
63.071000	167.240000	1.105700	-3.047700	1
63.088000	167.330000	0.755420	-3.047100	1
63.105000	167.420000	3.501900	-3.046500	1
63.123000	167.510000	4.532700	-3.047300	1
63.140000	167.600000	4.532200	-3.046500	1
63.157000	167.690000	4.535800	-3.046700	1
63.174000	167.780000	3.503400	-3.047800	1
63.191000	167.870000	5.915900	-3.046600	1
63.209000	167.960000	0.753110	-3.047200	1
63.226000	168.050000	1.103700	-3.047800	1
63.242000	168.140000	2.815600	-3.045900	1
63.259000	168.230000	1.106300	-3.046600	1
63.276000	168.320000	-0.963300	-3.047100	1
63.293000	168.410000	1.102600	-3.045900	1
47.122000	133.810000	-4.742200	-2.293700	1
47.158000	133.850000	-3.711700	-2.293800	1
47.194000	133.890000	-3.021300	-2.293700	1
47.229000	133.920000	-3.710800	-2.294000	1
47.265000	133.960000	3.852900	-2.293900	1
47.301000	134.000000	1.793200	-2.293900	1
47.336000	134.040000	-4.399600	-2.294000	1
47.372000	134.080000	-7.489400	-2.294000	1
47.408000	134.120000	-2.678900	-2.293800	1
47.443000	134.150000	-1.298400	-2.294000	1
47.479000	134.190000	-1.298000	-2.293900	1
47.514000	134.230000	-2.327500	-2.294000	1
47.550000	134.270000	-3.363800	-2.294100	1
47.585000	134.310000	-0.263230	-2.293900	1
47.621000	134.350000	-2.322700	-2.293900	1
47.656000	134.390000	-1.641900	-2.294100	1
47.692000	134.430000	-3.361500	-2.293800	1
47.727000	134.460000	-1.640800	-2.293900	1
47.763000	134.500000	-1.980200	-2.293900	1
47.798000	134.540000	-2.322900	-2.293900	1
47.834000	134.580000	-0.952290	-2.293900	1
47.869000	134.620000	1.458300	-2.293900	1
47.905000	134.660000	2.832000	-2.293800	1
47.940000	134.700000	-2.667300	-2.294200	1
47.975000	134.740000	-1.980000	-2.294000	1
48.011000	134.780000	-1.976300	-2.294100	1
48.046000	134.820000	-5.755900	-2.294100	1
48.081000	134.860000	-3.355300	-2.294100	1
48.117000	134.900000	-3.694900	-2.294100	1
48.152000	134.940000	-5.420900	-2.294200	1
48.187000	134.980000	-7.480700	-2.294000	1
48.222000	135.020000	-7.820300	-2.294100	1
48.258000	135.060000	-3.006200	-2.294200	1
48.293000	135.100000	-1.285700	-2.294100	1
48.328000	135.140000	-3.355400	-2.294000	1
48.363000	135.180000	-0.944770	-2.294200	1
48.398000	135.220000	-0.941280	-2.294100	1
48.434000	135.260000	-4.031000	-2.294100	1
48.469000	135.300000	-2.660500	-2.294100	1
48.504000	135.340000	-1.633400	-2.294200	1
48.539000	135.380000	-1.633100	-2.294100	1
48.574000	135.420000	-1.632600	-2.294200	1
48.609000	135.460000	7.997800	-2.294000	1
48.644000	135.500000	6.618400	-2.294200	1
48.679000	135.540000	2.502100	-2.294400	1
48.714000	135.580000	4.902400	-2.294300	1
48.749000	135.620000	6.622900	-2.294300	1
48.784000	135.660000	6.283400	-2.294500	1
48.819000	135.700000	2.503700	-2.294300	1
48.854000	135.740000	2.504200	-2.294500	1
48.889000	135.780000	0.441280	-2.294400	1
48.924000	135.820000	-6.778700	-2.294300	1
48.959000	135.860000	-5.408000	-2.294500	1
48.994000	135.910000	-4.377400	-2.294500	1
49.029000	135.950000	3.186200	-2.294200	1
49.064000	135.990000	0.786870	-2.294500	1
49.098000	136.030000	0.787220	-2.294400	1
49.133000	136.070000	-0.932440	-2.294300	1
49.168000	136.110000	-0.241930	-2.294400	1
49.203000	136.150000	-0.934910	-2.294500	1
49.238000	136.200000	0.095504	-2.294400	1
49.272000	136.240000	1.816000	-2.294500	1
62.869000	166.490000	3.297600	-2.295300	1
62.887000	166.580000	3.651400	-2.295800	1
62.905000	166.670000	1.928400	-2.295800	1
62.923000	166.750000	0.558400	-2.295700	1
62.941000	166.840000	1.242000	-2.296000	1
62.958000	166.930000	1.241600	-2.295200	1
62.976000	167.020000	7.091900	-2.295300	1
62.994000	167.110000	3.652400	-2.295800	1
63.011000	167.200000	3.989000	-2.295400	1
63.029000	167.280000	2.269900	-2.296300	1
63.046000	167.370000	2.619600	-2.295800	1
63.063000	167.460000	3.989200	-2.295100	1
63.081000	167.550000	3.650000	-2.296000	1
63.098000	167.640000	4.339500	-2.295200	1
63.115000	167.730000	3.299700	-2.295300	1
63.132000	167.820000	2.270700	-2.296500	1
63.149000	167.910000	2.959800	-2.295200	1
63.166000	168.000000	2.270400	-2.295800	1
63.183000	168.090000	0.904240	-2.296600	1
47.095000	133.860000	-2.645500	-1.539400	1
47.131000	133.900000	-1.275000	-1.539500	1
47.166000	133.940000	-0.924660	-1.539400	1
47.202000	133.980000	-0.581140	-1.539700	1
47.238000	134.020000	1.829200	-1.539600	1
47.273000	134.050000	8.359700	-1.539600	1
47.309000	134.090000	6.300200	-1.539700	1
47.344000	134.130000	2.857300	-1.539700	1
47.380000	134.170000	-0.232470	-1.539500	1
47.416000	134.210000	0.108070	-1.539700	1
47.451000	134.250000	0.108410	-1.539600	1
47.487000	134.290000	-2.641200	-1.539600	1
47.522000	134.320000	-2.637700	-1.539700	1
47.558000	134.360000	-0.917150	-1.539600	1
47.593000	134.400000	0.453430	-1.539600	1
47.629000	134.440000	0.454170	-1.539800	1
47.664000	134.480000	-0.915380	-1.539600	1
47.700000	134.520000	-0.228000	-1.539600	1
47.735000	134.560000	-0.227370	-1.539600	1
47.771000	134.600000	-0.916830	-1.539600	1
47.806000	134.640000	1.833800	-1.539600	1
47.841000	134.680000	7.677400	-1.539600	1
47.877000	134.710000	-0.572220	-1.539500	1
47.912000	134.750000	-3.661500	-1.539800	1
47.947000	134.790000	0.119080	-1.539700	1
47.983000	134.830000	1.489700	-1.539700	1
48.018000	134.870000	-1.259800	-1.539800	1
48.581000	135.510000	9.406400	-1.539700	1
48.616000	135.550000	1.846900	-1.539900	1
48.651000	135.590000	-7.092900	-1.540000	1
48.686000	135.630000	-6.742600	-1.539900	1
48.721000	135.670000	1.158200	-1.540000	1
48.756000	135.710000	8.718700	-1.540200	1
48.791000	135.760000	8.715700	-1.540000	1
48.826000	135.800000	8.026200	-1.540100	1
48.861000	135.840000	6.316700	-1.540100	1
48.896000	135.880000	7.687000	-1.539900	1
48.930000	135.920000	4.247600	-1.540100	1
48.965000	135.960000	6.661100	-1.540100	1
49.000000	136.000000	4.941400	-1.539900	1
49.035000	136.040000	2.532000	-1.540100	1
49.070000	136.080000	2.532400	-1.540100	1
49.105000	136.130000	4.249300	-1.539900	1
49.139000	136.170000	3.219800	-1.540100	1
62.827000	166.530000	4.356900	-1.540400	1
62.845000	166.620000	6.427400	-1.540900	1
62.863000	166.710000	8.827600	-1.541000	1
62.881000	166.800000	6.427700	-1.540800	1
62.899000	166.880000	4.018100	-1.541200	1
62.916000	166.970000	5.047800	-1.540400	1
62.934000	167.060000	8.134700	-1.540500	1
62.951000	167.150000	7.105200	-1.540900	1
62.969000	167.240000	4.705100	-1.540600	1
62.986000	167.330000	7.105900	-1.541400	1
63.004000	167.410000	6.425700	-1.541000	1
63.021000	167.500000	5.735300	-1.540300	1
63.038000	167.590000	6.766000	-1.541100	1
63.056000	167.680000	6.428600	-1.540400	1
63.073000	167.770000	5.388700	-1.540300	1
63.090000	167.860000	2.989600	-1.541600	1
63.107000	167.950000	1.956000	-1.540400	1
63.124000	168.040000	1.609400	-1.540900	1
63.141000	168.130000	0.577080	-1.541800	1
47.067000	133.920000	4.919700	-0.791520	1
47.103000	133.960000	5.960100	-0.791560	1
47.139000	133.990000	2.523200	-0.791530	1
47.175000	134.030000	2.173700	-0.791760	1
47.210000	134.070000	6.300800	-0.791680	1
47.246000	134.110000	10.081000	-0.791680	1
47.281000	134.150000	15.582000	-0.791730	1
47.317000	134.180000	12.832000	-0.791800	1
47.353000	134.220000	13.862000	-0.791550	1
47.388000	134.260000	14.206000	-0.791730	1
47.424000	134.300000	16.276000	-0.791660	1
47.459000	134.340000	12.146000	-0.791680	1
47.495000	134.380000	5.276900	-0.791780	1
47.530000	134.420000	2.527400	-0.791710	1
47.566000	134.460000	2.528000	-0.791600	1
47.601000	134.490000	3.215400	-0.791830	1
47.637000	134.530000	1.835900	-0.791630	1
47.672000	134.570000	1.496600	-0.791670	1
47.707000	134.610000	3.217200	-0.791720	1
47.743000	134.650000	1.837800	-0.791640	1
47.778000	134.690000	10.091000	-0.791630	1
47.814000	134.730000	11.812000	-0.791660	1
47.849000	134.770000	10.782000	-0.791490	1
47.884000	134.810000	8.032900	-0.791880	1
47.920000	134.850000	0.813390	-0.791790	1
47.955000	134.890000	7.340700	-0.791770	1
47.990000	134.930000	4.251200	-0.791860	1
48.832000	135.890000	14.913000	-0.792130	1
48.867000	135.930000	14.224000	-0.791960	1
48.902000	135.970000	14.914000	-0.792100	1
48.937000	136.010000	14.575000	-0.792170	1
48.972000	136.060000	13.885000	-0.791880	1
49.007000	136.100000	12.512000	-0.792100	1
49.041000	136.140000	10.793000	-0.792080	1
49.076000	136.180000	11.133000	-0.791950	1
49.111000	136.220000	11.133000	-0.792090	1
49.146000	136.260000	13.887000	-0.792120	1
49.180000	136.300000	11.137000	-0.792040	1
49.215000	136.350000	10.797000	-0.792130	1
49.250000	136.390000	13.548000	-0.791910	1
49.284000	136.430000	14.918000	-0.791980	1
49.319000	136.470000	11.829000	-0.792190	1
49.354000	136.510000	0.825750	-0.792080	1
49.388000	136.550000	-3.293900	-0.792160	1
49.423000	136.600000	2.199400	-0.792220	1
49.458000	136.640000	14.580000	-0.792060	1
49.492000	136.680000	13.550000	-0.792060	1
49.527000	136.720000	11.831000	-0.792090	1
49.561000	136.760000	13.891000	-0.791930	1
49.596000	136.810000	12.861000	-0.792070	1
49.630000	136.850000	15.612000	-0.792050	1
49.665000	136.890000	14.232000	-0.791890	1
49.699000	136.930000	7.022300	-0.791970	1
49.734000	136.980000	5.299200	-0.792010	1
49.768000	137.020000	14.580000	-0.791780	1
49.802000	137.060000	12.173000	-0.791810	1
49.837000	137.100000	-3.637000	-0.791840	1
49.871000	137.150000	8.053500	-0.791840	1
52.786000	141.130000	12.548000	-0.791870	1
52.819000	141.180000	19.079000	-0.792020	1
52.851000	141.230000	19.079000	-0.792050	1
52.884000	141.280000	19.420000	-0.792120	1
52.916000	141.330000	19.416000	-0.792180	1
52.949000	141.380000	18.387000	-0.791970	1
52.981000	141.430000	18.730000	-0.792070	1
53.014000	141.480000	18.730000	-0.792050	1
53.046000	141.530000	13.921000	-0.791940	1
53.078000	141.580000	11.171000	-0.791900	1
53.111000	141.630000	11.862000	-0.792040	1
53.143000	141.680000	13.922000	-0.791930	1
53.175000	141.730000	13.923000	-0.791990	1
53.208000	141.780000	16.674000	-0.792030	1
62.803000	166.660000	11.919000	-0.792380	1
62.821000	166.750000	10.889000	-0.792480	1
62.839000	166.840000	11.230000	-0.792330	1
62.857000	166.920000	12.610000	-0.792720	1
62.874000	167.010000	9.169800	-0.791960	1
62.892000	167.100000	13.983000	-0.791920	1
62.909000	167.190000	15.350000	-0.792430	1
62.927000	167.280000	12.950000	-0.792050	1
62.944000	167.370000	12.614000	-0.792910	1
62.962000	167.460000	10.544000	-0.792580	1
62.979000	167.540000	8.143300	-0.791780	1
62.996000	167.630000	8.483800	-0.792580	1
63.013000	167.720000	5.390900	-0.791900	1
63.030000	167.810000	7.453700	-0.791760	1
63.048000	167.900000	5.394300	-0.793040	1
63.065000	167.990000	3.333900	-0.791950	1
63.082000	168.080000	4.014200	-0.792380	1
47.076000	134.010000	3.733500	0.117910	1
47.111000	134.050000	-1.766100	0.118340	1
47.147000	134.080000	8.544300	0.118150	1
47.183000	134.120000	15.427000	0.117980	1
47.218000	134.160000	21.268000	0.118410	1
47.254000	134.200000	12.678000	0.117930	1
47.289000	134.240000	17.145000	0.118190	1
47.325000	134.280000	11.296000	0.118240	1
47.361000	134.320000	0.986170	0.117840	1
47.396000	134.350000	3.396600	0.118240	1
47.432000	134.390000	21.267000	0.118060	1
47.467000	134.430000	16.460000	0.117940	1
47.503000	134.470000	13.371000	0.118440	1
47.538000	134.510000	6.841200	0.118040	1
47.573000	134.550000	3.401800	0.118260	1
47.609000	134.590000	5.812400	0.118390	1
47.644000	134.630000	13.370000	0.118020	1
47.680000	134.660000	14.740000	0.118420	1
47.715000	134.700000	16.461000	0.118280	1
47.750000	134.740000	21.272000	0.118030	1
47.786000	134.780000	16.122000	0.118460	1
47.821000	134.820000	7.525300	0.118040	1
47.856000	134.860000	21.276000	0.118220	1
47.892000	134.900000	13.026000	0.118440	1
47.927000	134.940000	14.747000	0.117980	1
47.962000	134.980000	17.158000	0.118370	1
47.998000	135.020000	7.188100	0.118270	1
48.033000	135.060000	5.125200	0.118010	1
48.909000	136.070000	19.567000	0.118590	1
48.943000	136.110000	19.918000	0.118290	1
48.978000	136.150000	18.538000	0.118280	1
49.013000	136.190000	19.919000	0.118610	1
49.048000	136.230000	19.569000	0.118160	1
49.082000	136.270000	20.596000	0.118500	1
49.117000	136.320000	18.196000	0.118440	1
49.152000	136.360000	19.227000	0.118100	1
49.187000	136.400000	16.480000	0.118520	1
49.221000	136.440000	19.570000	0.118160	1
49.256000	136.480000	16.141000	0.118100	1
49.290000	136.520000	15.451000	0.118520	1
49.325000	136.570000	19.572000	0.118030	1
49.360000	136.610000	3.082100	0.118290	1
49.394000	136.650000	8.922500	0.118420	1
49.429000	136.690000	5.829400	0.118020	1
49.463000	136.730000	21.980000	0.118440	1
49.498000	136.780000	19.920000	0.118140	1
49.532000	136.820000	22.321000	0.118060	1
49.567000	136.860000	18.544000	0.118500	1
49.601000	136.900000	20.264000	0.118110	1
49.636000	136.950000	18.544000	0.118430	1
49.670000	136.990000	18.545000	0.118510	1
49.705000	137.030000	-6.555200	0.118150	1
49.739000	137.070000	16.485000	0.118510	1
52.755000	141.190000	18.570000	0.117980	1
52.788000	141.240000	22.010000	0.118380	1
52.820000	141.290000	22.351000	0.118310	1
52.853000	141.340000	22.011000	0.118110	1
52.885000	141.390000	22.012000	0.118590	1
52.918000	141.430000	22.352000	0.118230	1
52.950000	141.480000	21.322000	0.118400	1
52.982000	141.530000	19.949000	0.118570	1
53.015000	141.580000	19.600000	0.118120	1
53.047000	141.630000	16.513000	0.118520	1
53.079000	141.680000	22.011000	0.118480	1
53.112000	141.730000	19.954000	0.118240	1
53.144000	141.780000	15.825000	0.118680	1
53.176000	141.830000	19.265000	0.118360	1
62.744000	166.610000	17.941000	0.118400	1
62.761000	166.700000	20.691000	0.118110	1
62.779000	166.790000	20.351000	0.118260	1
62.797000	166.880000	19.662000	0.118440	1
62.815000	166.970000	16.912000	0.117930	1
62.832000	167.050000	18.982000	0.118280	1
62.850000	167.140000	21.379000	0.118100	1
62.867000	167.230000	20.689000	0.117900	1
62.885000	167.320000	20.009000	0.118350	1
62.902000	167.410000	12.789000	0.118130	1
62.920000	167.500000	10.040000	0.118150	1
62.937000	167.580000	16.570000	0.118280	1
62.954000	167.670000	10.380000	0.117870	1
62.971000	167.760000	7.979900	0.118010	1
62.988000	167.850000	8.320000	0.118040	1
63.005000	167.940000	7.290100	0.117960	1
63.022000	168.030000	4.880200	0.118400	1
45.611000	132.580000	5.554000	0.732210	1
45.648000	132.610000	5.554500	0.732410	1
45.684000	132.650000	0.057435	0.732080	1
45.720000	132.690000	4.867900	0.732110	1
45.756000	132.720000	1.085000	0.732210	1
45.792000	132.760000	2.465300	0.732050	1
45.828000	132.800000	-0.624340	0.732060	1
45.864000	132.830000	-1.663900	0.732180	1
45.901000	132.870000	1.436400	0.732060	1
46.941000	133.950000	2.815300	0.732380	1
46.977000	133.990000	2.125600	0.732380	1
47.013000	134.020000	3.166100	0.732580	1
47.048000	134.060000	3.849200	0.732390	1
47.084000	134.100000	8.319700	0.732590	1
47.119000	134.140000	5.920000	0.732310	1
47.155000	134.180000	10.040000	0.732320	1
47.191000	134.210000	16.908000	0.732440	1
47.226000	134.250000	1.788000	0.732250	1
47.262000	134.290000	-3.021700	0.732260	1
47.297000	134.330000	1.788900	0.732530	1
47.333000	134.370000	-1.300800	0.732210	1
47.368000	134.410000	-4.750500	0.732430	1
47.404000	134.450000	5.920100	0.732390	1
47.439000	134.480000	15.543000	0.732210	1
47.475000	134.520000	16.234000	0.732440	1
47.510000	134.560000	14.854000	0.732460	1
47.546000	134.600000	15.192000	0.732290	1
47.581000	134.640000	14.162000	0.732510	1
47.616000	134.680000	13.483000	0.732360	1
47.652000	134.720000	15.883000	0.732440	1
47.687000	134.760000	14.854000	0.732490	1
47.722000	134.800000	14.165000	0.732420	1
47.758000	134.840000	4.888000	0.732510	1
47.793000	134.870000	5.238500	0.732570	1
47.828000	134.910000	12.109000	0.732260	1
47.864000	134.950000	13.830000	0.732400	1
47.899000	134.990000	7.986800	0.732280	1
47.934000	135.030000	10.047000	0.732310	1
47.969000	135.070000	9.707800	0.732260	1
48.880000	136.120000	11.091000	0.732100	1
48.915000	136.160000	14.531000	0.732320	1
48.949000	136.200000	14.528000	0.732120	1
48.984000	136.250000	14.869000	0.732200	1
49.019000	136.290000	14.869000	0.732210	1
49.054000	136.330000	12.809000	0.732180	1
49.088000	136.370000	13.840000	0.732120	1
49.123000	136.410000	13.503000	0.732100	1
49.158000	136.450000	16.253000	0.732140	1
49.192000	136.500000	12.474000	0.732240	1
49.227000	136.540000	2.504200	0.732190	1
49.262000	136.580000	3.534600	0.732090	1
49.296000	136.620000	10.755000	0.732040	1
49.331000	136.660000	4.902000	0.732070	1
49.365000	136.700000	2.842400	0.732040	1
49.400000	136.750000	-1.287200	0.732060	1
49.434000	136.790000	12.473000	0.732230	1
49.469000	136.830000	12.126000	0.732070	1
49.503000	136.870000	14.537000	0.732230	1
49.538000	136.920000	12.817000	0.732260	1
49.572000	136.960000	13.507000	0.732120	1
49.607000	137.000000	13.848000	0.732420	1
49.641000	137.040000	10.068000	0.732380	1
49.676000	137.090000	-5.415100	0.732200	1
52.724000	141.240000	16.624000	0.732530	1
52.756000	141.290000	19.035000	0.732500	1
52.789000	141.340000	19.715000	0.732450	1
52.821000	141.390000	19.376000	0.732300	1
52.854000	141.440000	19.036000	0.732390	1
52.886000	141.490000	16.963000	0.732490	1
52.918000	141.540000	18.686000	0.732470	1
52.951000	141.590000	17.997000	0.732510	1
52.983000	141.640000	18.687000	0.732490	1
53.016000	141.690000	17.318000	0.732680	1
53.048000	141.740000	15.248000	0.732530	1
53.080000	141.790000	16.969000	0.732560	1
53.112000	141.840000	13.539000	0.732660	1
53.145000	141.890000	13.190000	0.732500	1
62.701000	166.660000	6.378100	0.733310	1
62.719000	166.740000	13.935000	0.732800	1
62.737000	166.830000	14.625000	0.732680	1
62.755000	166.920000	8.095200	0.732920	1
62.772000	167.010000	9.815200	0.732260	1
62.790000	167.090000	14.966000	0.733190	1
62.808000	167.180000	15.656000	0.733290	1
62.825000	167.270000	11.876000	0.732620	1
62.842000	167.360000	9.466200	0.733230	1
62.860000	167.450000	8.096000	0.732270	1
62.877000	167.540000	8.436200	0.732440	1
62.894000	167.620000	1.556700	0.733440	1
62.912000	167.710000	3.276500	0.732440	1
62.929000	167.800000	3.966900	0.733150	1
62.946000	167.890000	4.307100	0.733540	1
46.842000	133.920000	1.461600	1.486600	1
46.878000	133.960000	-0.601210	1.486700	1
46.914000	134.000000	3.869200	1.486700	1
46.949000	134.040000	6.279600	1.486700	1
46.985000	134.080000	9.370100	1.486900	1
47.020000	134.110000	8.340400	1.486700	1
47.056000	134.150000	6.961000	1.486900	1
47.092000	134.190000	7.654200	1.486600	1
47.127000	134.230000	7.994600	1.486700	1
47.163000	134.270000	2.155100	1.486700	1
47.198000	134.310000	-2.994700	1.486600	1
47.234000	134.340000	-4.377600	1.486600	1
47.269000	134.380000	-3.687000	1.486800	1
47.305000	134.420000	-5.066900	1.486600	1
47.340000	134.460000	-6.096400	1.486700	1
47.376000	134.500000	-3.345900	1.486700	1
47.411000	134.540000	-1.965500	1.486600	1
47.447000	134.580000	2.495100	1.486700	1
47.482000	134.620000	0.095634	1.486800	1
47.518000	134.650000	2.496100	1.486600	1
47.553000	134.690000	4.569800	1.486800	1
47.588000	134.730000	-1.279700	1.486700	1
47.624000	134.770000	-2.652400	1.486700	1
47.659000	134.810000	-6.431900	1.486800	1
48.712000	136.010000	3.890600	1.486400	1
48.747000	136.050000	1.834000	1.486400	1
48.781000	136.090000	1.834700	1.486600	1
48.816000	136.140000	1.485000	1.486400	1
48.851000	136.180000	4.235500	1.486400	1
48.886000	136.220000	14.896000	1.486700	1
48.921000	136.260000	9.736500	1.486500	1
48.955000	136.300000	6.306900	1.486500	1
48.990000	136.340000	4.927400	1.486600	1
49.025000	136.380000	6.984400	1.486500	1
49.059000	136.420000	7.674800	1.486500	1
49.094000	136.470000	9.395200	1.486500	1
49.129000	136.510000	5.265600	1.486500	1
49.163000	136.550000	-1.264000	1.486600	1
49.198000	136.590000	-1.260600	1.486600	1
49.232000	136.630000	-3.320300	1.486500	1
52.660000	141.250000	3.931600	1.487100	1
52.692000	141.300000	14.582000	1.487100	1
52.725000	141.350000	19.052000	1.487000	1
52.757000	141.400000	18.023000	1.487000	1
52.790000	141.450000	18.363000	1.486800	1
52.822000	141.500000	15.274000	1.486900	1
52.854000	141.550000	17.334000	1.487000	1
52.887000	141.590000	15.615000	1.487000	1
52.919000	141.640000	15.615000	1.487000	1
52.952000	141.690000	14.242000	1.487000	1
52.984000	141.740000	9.432700	1.487200	1
53.016000	141.790000	4.276100	1.487000	1
53.048000	141.840000	4.626600	1.487100	1
62.641000	166.610000	5.031000	1.487300	1
62.659000	166.700000	-0.118260	1.488200	1
62.677000	166.780000	4.341700	1.487700	1
62.695000	166.870000	7.781700	1.487600	1
62.712000	166.960000	8.812100	1.487800	1
62.730000	167.050000	11.902000	1.487100	1
62.748000	167.140000	9.152600	1.488000	1
62.765000	167.220000	6.412900	1.488200	1
62.783000	167.310000	0.909300	1.487500	1
62.800000	167.400000	0.216930	1.488100	1
62.817000	167.490000	1.589400	1.487200	1
62.835000	167.580000	0.219620	1.487300	1
62.852000	167.670000	0.220440	1.488300	1
62.869000	167.750000	3.660000	1.487300	1
45.558000	132.680000	10.606000	2.234800	1
45.594000	132.720000	2.356300	2.235000	1
45.630000	132.750000	-1.080400	2.234700	1
45.666000	132.790000	-3.490100	2.234700	1
45.702000	132.830000	0.980460	2.234800	1
45.738000	132.860000	-0.049257	2.234700	1
45.774000	132.900000	-1.419000	2.234600	1
45.810000	132.940000	-1.418500	2.234800	1
45.846000	132.970000	-2.448200	2.234700	1
45.883000	133.010000	-3.828000	2.234700	1
45.919000	133.050000	0.302440	2.234600	1
45.955000	133.080000	1.672800	2.234600	1
47.135000	134.320000	0.315130	2.235100	1
47.171000	134.360000	-3.124600	2.235000	1
47.206000	134.400000	-5.874400	2.235000	1
47.242000	134.440000	-8.284000	2.235200	1
47.277000	134.470000	-3.813500	2.234900	1
47.313000	134.510000	-3.126200	2.235100	1
47.348000	134.550000	1.344400	2.235100	1
47.384000	134.590000	-4.155500	2.234900	1
47.419000	134.630000	-4.841800	2.235100	1
47.454000	134.670000	-4.501200	2.235200	1
47.490000	134.710000	-3.120800	2.235000	1
47.525000	134.750000	1.000000	2.235200	1
47.560000	134.790000	-2.426300	2.235100	1
47.596000	134.820000	-7.586000	2.235100	1
47.631000	134.860000	-4.835100	2.235200	1
47.666000	134.900000	-3.467800	2.235200	1
47.702000	134.940000	-2.427200	2.235200	1
47.737000	134.980000	-0.026500	2.235300	1
47.772000	135.020000	4.103900	2.235000	1
47.807000	135.060000	1.694500	2.235100	1
47.843000	135.100000	-0.025116	2.235000	1
47.878000	135.140000	-0.714620	2.235000	1
47.913000	135.180000	2.389100	2.235000	1
47.948000	135.220000	-1.743600	2.235000	1
47.983000	135.260000	-1.389900	2.235000	1
48.019000	135.300000	-2.422700	2.235000	1
48.054000	135.340000	-3.802200	2.235100	1
48.089000	135.380000	-3.111800	2.235000	1
48.124000	135.420000	-2.771300	2.235000	1
48.159000	135.460000	-3.110700	2.235300	1
48.194000	135.500000	-2.420400	2.235100	1
48.229000	135.540000	-2.770000	2.235100	1
48.264000	135.580000	-3.796400	2.235200	1
48.299000	135.620000	-1.736100	2.235100	1
48.334000	135.660000	-2.415700	2.235100	1
48.369000	135.700000	-3.798700	2.235100	1
48.404000	135.740000	-0.708310	2.235000	1
48.439000	135.780000	-6.198000	2.235200	1
48.474000	135.820000	2.042600	2.235100	1
48.509000	135.860000	-0.017160	2.234900	1
48.544000	135.900000	-1.383500	2.235100	1
48.579000	135.940000	2.046900	2.235000	1
48.614000	135.980000	-0.352850	2.234800	1
48.648000	136.020000	-5.852500	2.234900	1
48.683000	136.070000	-7.912400	2.234800	1
48.718000	136.110000	-3.791600	2.234800	1
48.753000	136.150000	-3.794300	2.235000	1
48.788000	136.190000	1.706200	2.234900	1
48.822000	136.230000	3.426700	2.234900	1
48.857000	136.270000	3.427300	2.235100	1
48.892000	136.310000	-7.232800	2.235000	1
48.927000	136.350000	-6.879100	2.235000	1
48.961000	136.390000	-4.128500	2.235000	1
48.996000	136.440000	1.712000	2.235000	1
49.031000	136.480000	4.122400	2.234900	1
49.065000	136.520000	6.519500	2.234900	1
49.100000	136.560000	-3.100200	2.234900	1
49.135000	136.600000	-1.379700	2.235000	1
49.169000	136.640000	-1.039200	2.235000	1
49.204000	136.690000	-0.348900	2.234900	1
49.238000	136.730000	-2.068500	2.234900	1
49.273000	136.770000	-0.004872	2.234900	1
49.307000	136.810000	-4.814600	2.234900	1
49.342000	136.850000	-5.507400	2.234900	1
52.563000	141.210000	-2.371700	2.235700	1
52.596000	141.260000	5.191800	2.235500	1
52.629000	141.310000	7.585500	2.235700	1
52.661000	141.350000	13.776000	2.235600	1
52.693000	141.400000	14.806000	2.235600	1
52.726000	141.450000	12.057000	2.235500	1
52.758000	141.500000	9.997000	2.235400	1
52.791000	141.550000	6.217500	2.235400	1
52.823000	141.600000	4.498100	2.235600	1
52.855000	141.650000	5.871900	2.235600	1
52.888000	141.700000	4.162400	2.235500	1
52.920000	141.750000	4.163000	2.235600	1
52.952000	141.800000	3.473600	2.235700	1
52.985000	141.850000	3.470300	2.235600	1
62.564000	166.480000	2.854300	2.236500	1
62.582000	166.560000	2.514700	2.236800	1
62.600000	166.650000	1.131300	2.236200	1
62.617000	166.740000	0.105250	2.237100	1
62.635000	166.830000	5.945200	2.236700	1
62.653000	166.910000	6.295200	2.236500	1
62.670000	167.000000	5.265500	2.236700	1
62.688000	167.090000	5.602100	2.236100	1
62.706000	167.180000	0.102850	2.236900	1
62.723000	167.260000	-1.616800	2.237100	1
62.741000	167.350000	-0.584010	2.236500	1
62.758000	167.440000	-0.926550	2.237000	1
62.775000	167.530000	0.793000	2.236200	1
62.793000	167.620000	-1.266900	2.236200	1
62.810000	167.700000	0.100870	2.237200	1
62.827000	167.790000	0.450290	2.236300	1
62.844000	167.880000	1.480900	2.236900	1
62.861000	167.970000	0.101480	2.237500	1
62.878000	168.060000	-2.299600	2.236000	1
62.895000	168.150000	-6.082100	2.237000	1
62.912000	168.240000	-6.432200	2.236800	1
62.929000	168.330000	-5.053000	2.235500	1
62.945000	168.420000	-2.648200	2.237400	1
62.962000	168.510000	-1.955100	2.237300	1
62.978000	168.590000	0.791200	2.236400	1
45.494000	132.700000	-0.805190	2.990600	1
45.531000	132.740000	-4.585200	2.990200	1
45.567000	132.770000	0.225650	2.990500	1
45.603000	132.810000	-0.464240	2.990100	1
45.639000	132.840000	-3.904000	2.990100	1
45.675000	132.880000	-3.903500	2.990200	1
45.711000	132.920000	-2.873200	2.990100	1
45.747000	132.950000	1.947200	2.990000	1
45.783000	132.990000	-1.152300	2.990300	1
45.819000	133.030000	-2.182100	2.990100	1
45.855000	133.060000	-3.901800	2.990100	1
45.891000	133.100000	-1.828000	2.990100	1
45.927000	133.140000	-1.491000	2.990000	1
47.072000	134.340000	-4.568500	2.990600	1
47.107000	134.370000	-1.817900	2.990600	1
47.143000	134.410000	-2.167600	2.990500	1
47.178000	134.450000	-3.197200	2.990500	1
47.214000	134.490000	-3.886700	2.990700	1
47.249000	134.530000	-9.390400	2.990500	1
47.285000	134.570000	-12.134000	2.990600	1
47.320000	134.610000	-9.042700	2.990700	1
47.355000	134.640000	-5.948700	2.990500	1
47.391000	134.680000	-6.978100	2.990600	1
47.426000	134.720000	-4.564000	2.990800	1
47.462000	134.760000	-5.593700	2.990600	1
47.497000	134.800000	-5.593100	2.990700	1
47.532000	134.840000	-5.252500	2.990600	1
47.568000	134.880000	-4.561800	2.990700	1
47.603000	134.920000	-7.661500	2.990700	1
47.638000	134.960000	-6.630800	2.990700	1
47.673000	135.000000	-4.560000	2.990700	1
47.709000	135.040000	-1.129200	2.990800	1
47.744000	135.070000	-1.468900	2.990600	1
47.779000	135.110000	-0.438290	2.990700	1
47.814000	135.150000	-1.467800	2.990600	1
47.850000	135.190000	-2.497400	2.990600	1
47.885000	135.230000	0.943180	2.990500	1
47.920000	135.270000	0.597070	2.990500	1
47.955000	135.310000	-4.905900	2.990500	1
47.990000	135.350000	-2.845200	2.990600	1
48.025000	135.390000	-3.524700	2.990700	1
48.060000	135.430000	-3.524300	2.990600	1
48.095000	135.470000	-4.903900	2.990600	1
48.130000	135.510000	-5.583300	2.990800	1
48.166000	135.550000	-5.583000	2.990700	1
48.201000	135.590000	-6.622700	2.990700	1
48.236000	135.630000	-4.212100	2.990700	1
48.271000	135.670000	-5.238600	2.990600	1
48.306000	135.710000	-3.518100	2.990600	1
48.341000	135.750000	-4.897700	2.990700	1
48.375000	135.790000	-5.577500	2.990500	1
48.410000	135.830000	-6.270300	2.990700	1
48.445000	135.870000	-4.209800	2.990700	1
48.480000	135.920000	-3.179500	2.990500	1
48.515000	135.960000	-0.428890	2.990600	1
48.550000	136.000000	-2.838600	2.990500	1
48.585000	136.040000	-6.618700	2.990300	1
48.620000	136.080000	-6.954700	2.990500	1
48.654000	136.120000	-6.614400	2.990400	1
48.689000	136.160000	-7.294000	2.990400	1
48.724000	136.200000	-2.483000	2.990600	1
48.759000	136.240000	-3.176000	2.990400	1
48.794000	136.280000	-6.615800	2.990400	1
48.828000	136.320000	-6.615100	2.990700	1
48.863000	136.370000	-6.614800	2.990600	1
48.898000	136.410000	-8.321200	2.990500	1
48.932000	136.450000	-7.984100	2.990600	1
48.967000	136.490000	-9.364000	2.990600	1
49.002000	136.530000	2.670500	2.990500	1
49.036000	136.570000	10.231000	2.990500	1
49.071000	136.620000	-5.228900	2.990500	1
49.105000	136.660000	-3.511700	2.990600	1
49.140000	136.700000	-7.641600	2.990700	1
49.175000	136.740000	-7.641200	2.990500	1
49.209000	136.780000	-6.260700	2.990500	1
49.244000	136.820000	-0.759970	2.990500	1
49.278000	136.870000	-4.539700	2.990500	1
49.313000	136.910000	-8.319700	2.990500	1
52.467000	141.160000	0.997660	2.991300	1
52.499000	141.210000	-0.381960	2.991400	1
52.532000	141.260000	-0.721500	2.991500	1
52.565000	141.310000	5.458800	2.991300	1
52.597000	141.360000	9.929400	2.991400	1
52.629000	141.410000	11.650000	2.991400	1
52.662000	141.460000	7.866400	2.991300	1
52.694000	141.510000	2.706800	2.991300	1
52.727000	141.560000	1.677200	2.991100	1
52.759000	141.610000	2.711100	2.991200	1
52.791000	141.660000	2.371700	2.991300	1
52.824000	141.700000	1.002300	2.991300	1
52.856000	141.750000	0.312790	2.991300	1
52.888000	141.800000	2.033400	2.991300	1
52.921000	141.850000	3.744100	2.991500	1
62.431000	166.090000	3.479000	2.992500	1
62.449000	166.170000	-1.674000	2.992700	1
62.467000	166.260000	2.786200	2.992500	1
62.485000	166.340000	2.106700	2.993000	1
62.503000	166.430000	-0.303210	2.992900	1
62.521000	166.520000	2.790100	2.992600	1
62.539000	166.610000	2.447200	2.992900	1
62.557000	166.690000	2.450200	2.992300	1
62.575000	166.780000	3.481100	2.993200	1
62.593000	166.870000	2.447600	2.992800	1
62.611000	166.950000	1.077600	2.992600	1
62.628000	167.040000	1.078000	2.992800	1
62.646000	167.130000	0.387590	2.992100	1
62.663000	167.220000	-1.331600	2.992900	1
62.681000	167.300000	-1.671200	2.993200	1
62.698000	167.390000	-1.671600	2.992600	1
62.715000	167.480000	-0.640930	2.993100	1
62.733000	167.570000	0.728660	2.992300	1
62.750000	167.660000	-2.361300	2.992200	1
62.767000	167.740000	-1.330300	2.993300	1
62.784000	167.830000	-0.644170	2.992400	1
62.801000	167.920000	-3.393700	2.992900	1
62.818000	168.010000	-7.870000	2.993600	1
62.835000	168.100000	-4.777400	2.992100	1
62.852000	168.190000	-4.426500	2.993100	1
62.869000	168.280000	-4.083200	2.993000	1
62.886000	168.370000	-2.364200	2.991500	1
62.902000	168.450000	0.727450	2.993400	1
62.919000	168.540000	0.727540	2.993400	1
45.503000	132.790000	-4.294800	3.744500	1
45.540000	132.820000	-3.940600	3.744700	1
45.576000	132.860000	-4.293700	3.744400	1
45.612000	132.900000	-4.636900	3.744400	1
45.648000	132.930000	-3.942900	3.744400	1
45.684000	132.970000	-2.912600	3.744400	1
45.720000	133.010000	-3.262300	3.744200	1
45.756000	133.040000	-1.881700	3.744500	1
45.792000	133.080000	-3.601600	3.744300	1
45.828000	133.110000	-3.941200	3.744400	1
45.864000	133.150000	-2.230800	3.744300	1
45.900000	133.190000	-3.940600	3.744300	1
45.936000	133.220000	-2.909800	3.744300	1
46.973000	134.310000	-3.931500	3.745100	1
47.008000	134.350000	-2.561100	3.744900	1
47.044000	134.390000	-4.620800	3.744800	1
47.079000	134.430000	-3.926800	3.744900	1
47.115000	134.470000	-6.336600	3.744800	1
47.150000	134.500000	-4.956100	3.744800	1
47.186000	134.540000	-6.335700	3.745000	1
47.221000	134.580000	-6.675500	3.744700	1
47.257000	134.620000	-8.402100	3.744900	1
47.292000	134.660000	-8.758800	3.745000	1
47.327000	134.700000	-8.748000	3.744800	1
47.363000	134.740000	-5.646800	3.744900	1
47.398000	134.780000	-7.366400	3.745100	1
47.433000	134.810000	-8.059700	3.744900	1
47.469000	134.850000	-9.425800	3.745000	1
47.504000	134.890000	-6.671300	3.744900	1
47.539000	134.930000	-7.700800	3.744900	1
47.575000	134.970000	-7.360100	3.745000	1
47.610000	135.010000	-7.359600	3.745000	1
52.435000	141.220000	-4.208800	3.745800	1
52.468000	141.270000	-0.768240	3.745900	1
52.501000	141.320000	-2.147900	3.745900	1
52.533000	141.370000	3.012500	3.745700	1
52.565000	141.410000	9.203000	3.745900	1
52.598000	141.460000	4.729900	3.745900	1
52.630000	141.510000	1.293800	3.745800	1
52.663000	141.560000	-0.429460	3.745800	1
52.695000	141.610000	0.260970	3.745600	1
52.727000	141.660000	-0.425000	3.745700	1
52.760000	141.710000	0.602140	3.745800	1
52.792000	141.760000	0.606210	3.745800	1
52.824000	141.810000	0.266700	3.745700	1
52.857000	141.860000	0.267290	3.745800	1
52.889000	141.910000	-0.762070	3.746000	1
62.690000	167.610000	-1.027000	3.747200	1
62.708000	167.700000	0.683040	3.747000	1
62.725000	167.780000	-2.406100	3.748100	1
62.742000	167.870000	-3.096600	3.747200	1
62.759000	167.960000	-6.876400	3.747700	1
62.776000	168.050000	-5.498900	3.748500	1
62.793000	168.140000	-7.220200	3.747000	1
62.809000	168.230000	-3.772100	3.747900	1
62.826000	168.320000	-1.715200	3.747900	1
62.843000	168.400000	-1.026300	3.746400	1
62.860000	168.490000	-1.714900	3.748100	1
62.876000	168.580000	1.031900	3.748200	1
62.893000	168.670000	-2.068900	3.747300	1
62.909000	168.760000	-0.347680	3.748700	1
45.476000	132.840000	-4.463100	4.497300	1
45.512000	132.880000	-4.812700	4.497600	1
45.548000	132.910000	-4.812500	4.497200	1
45.585000	132.950000	-5.498600	4.497200	1
45.621000	132.980000	-6.181500	4.497300	1
45.657000	133.020000	-4.811100	4.497200	1
45.693000	133.060000	-5.500800	4.497100	1
45.729000	133.090000	-4.806600	4.497400	1
45.765000	133.130000	-2.059900	4.497200	1
45.801000	133.170000	-3.425900	4.497200	1
45.837000	133.200000	-4.459300	4.497200	1
45.873000	133.240000	-4.118900	4.497100	1
45.909000	133.280000	-4.808500	4.497200	1
45.945000	133.310000	0.002490	4.497300	1
52.404000	141.270000	-3.698400	4.498900	1
52.436000	141.320000	-2.314400	4.499000	1
52.469000	141.370000	-1.973900	4.499100	1
52.501000	141.420000	5.936400	4.498900	1
52.534000	141.470000	1.466900	4.499000	1
52.566000	141.520000	-0.592760	4.499000	1
52.599000	141.570000	-1.632300	4.498900	1
52.631000	141.620000	-0.941780	4.498900	1
52.663000	141.670000	-0.255050	4.498800	1
52.696000	141.720000	-0.944530	4.498800	1
52.728000	141.760000	0.089705	4.498900	1
52.760000	141.810000	0.090282	4.498900	1
52.793000	141.860000	-1.632900	4.498800	1
52.825000	141.910000	-4.032400	4.498900	1
62.578000	167.300000	-1.887200	4.501200	1
62.596000	167.380000	-3.606800	4.501600	1
62.613000	167.470000	-2.917100	4.500900	1
62.630000	167.560000	-4.290100	4.501500	1
62.648000	167.650000	-3.946800	4.500700	1
62.665000	167.740000	-3.950400	4.500400	1
62.682000	167.820000	-4.979500	4.501600	1
62.699000	167.910000	-4.636300	4.500700	1
62.716000	168.000000	-4.289400	4.501100	1
62.733000	168.090000	-4.288600	4.502100	1
62.750000	168.180000	-2.225900	4.500600	1
62.767000	168.270000	-2.575200	4.501400	1
62.784000	168.350000	-2.915100	4.501400	1
62.800000	168.440000	-2.579700	4.499800	1
62.817000	168.530000	-2.231700	4.501500	1
62.833000	168.620000	-2.577900	4.501700	1
62.850000	168.710000	-2.922200	4.500700	1
62.866000	168.800000	-1.551000	4.502200	1
62.883000	168.890000	0.518890	4.501900	1
62.899000	168.980000	0.858200	4.500900	1
45.449000	132.890000	-3.616000	5.251400	1
45.485000	132.930000	-5.335600	5.251700	1
45.521000	132.960000	-3.955400	5.251300	1
45.557000	133.000000	-4.301300	5.251300	1
45.593000	133.040000	-5.334200	5.251400	1
45.629000	133.070000	-4.993900	5.251300	1
45.665000	133.110000	-3.953600	5.251200	1
45.701000	133.150000	-3.273000	5.251500	1
45.737000	133.180000	-4.642900	5.251300	1
45.773000	133.220000	-4.642500	5.251300	1
45.809000	133.260000	-4.642100	5.251400	1
45.845000	133.290000	-2.581700	5.251200	1
45.881000	133.330000	-4.637800	5.251300	1
45.917000	133.370000	-3.610900	5.251400	1
45.953000	133.400000	-0.860050	5.251300	1
45.422000	132.940000	-4.821400	6.004600	1
45.458000	132.980000	-3.794600	6.004900	1
45.494000	133.020000	-5.164700	6.004500	1
45.530000	133.050000	-4.130500	6.004500	1
45.566000	133.090000	-4.480100	6.004600	1
45.602000	133.130000	-4.483100	6.004500	1
45.638000	133.160000	-4.132800	6.004400	1
45.674000	133.200000	-4.482300	6.004600	1
45.710000	133.240000	-4.132000	6.004500	1
45.746000	133.270000	-4.817900	6.004600	1
45.782000	133.310000	-4.817600	6.004600	1
45.818000	133.350000	-6.541200	6.004400	1
45.854000	133.380000	-3.786800	6.004500	1
45.889000	133.420000	-4.126300	6.004600	1
45.925000	133.460000	-3.439300	6.004500	1
45.286000	132.890000	-3.399100	6.755900	1
45.322000	132.920000	-3.738800	6.756000	1
45.358000	132.960000	-5.114800	6.756100	1
45.394000	133.000000	-5.458500	6.755800	1
45.430000	133.030000	-5.794300	6.756100	1
45.466000	133.070000	-4.424000	6.755700	1
45.502000	133.110000	-5.117600	6.755700	1
45.538000	133.140000	-4.763400	6.755800	1
45.574000	133.180000	-3.736200	6.755700	1
45.610000	133.210000	-5.116100	6.755600	1
45.646000	133.250000	-3.735400	6.755900	1
45.682000	133.290000	-5.455400	6.755700	1
45.718000	133.320000	-1.330800	6.755800	1
45.754000	133.360000	-5.454600	6.755800	1
45.790000	133.400000	-4.080400	6.755700	1
45.826000	133.430000	-4.423700	6.755800	1
45.862000	133.470000	-2.009400	6.755900	1
45.898000	133.510000	-2.005400	6.755700	1
62.116000	166.290000	-3.030200	8.274200	1
62.134000	166.370000	-2.680100	8.273900	1
62.152000	166.460000	-3.713700	8.273900	1
62.170000	166.550000	-4.056000	8.273800	1
62.188000	166.630000	-1.305400	8.274200	1
62.206000	166.720000	-3.369000	8.274300	1
62.224000	166.800000	-4.055300	8.274000	1
62.242000	166.890000	-4.395000	8.274200	1
62.259000	166.980000	-1.991900	8.273600	1
62.277000	167.060000	-3.367700	8.274400	1
62.295000	167.150000	-2.677500	8.274300	1
62.312000	167.240000	-1.647300	8.274000	1
62.330000	167.320000	-3.027100	8.274200	1
62.347000	167.410000	-4.061300	8.273500	1
62.364000	167.500000	-3.026900	8.274000	1
62.382000	167.580000	-3.706500	8.274600	1
62.399000	167.670000	-3.706700	8.273900	1
62.416000	167.760000	-4.060000	8.274500	1
62.433000	167.840000	-4.056200	8.274100	1
62.450000	167.930000	-3.710100	8.273400	1
62.467000	168.020000	-3.709400	8.274500	1
62.484000	168.110000	-5.426100	8.273800	1
62.501000	168.190000	-5.775900	8.273900	1
62.518000	168.280000	-4.398600	8.275300	1
62.535000	168.370000	-4.395400	8.273900	1
62.551000	168.460000	-0.614690	8.274300	1
62.568000	168.550000	-2.334500	8.274800	1
62.584000	168.630000	-3.032900	8.273100	1
62.601000	168.720000	-1.992400	8.274100	1
62.617000	168.810000	-1.991500	8.274800	1
62.634000	168.900000	-1.655800	8.273700	1
62.372000	167.800000	-4.656700	9.033200	1
62.389000	167.880000	-3.272700	9.032900	1
62.406000	167.970000	-4.299200	9.032200	1
62.423000	168.060000	-5.346200	9.033300	1
62.440000	168.150000	-4.996400	9.032600	1
62.457000	168.230000	-4.652400	9.032600	1
62.474000	168.320000	-4.995400	9.034000	1
62.491000	168.410000	-3.965600	9.032700	1
62.507000	168.500000	-3.625300	9.033100	1
62.524000	168.590000	-1.218200	9.033600	1
62.541000	168.670000	-5.693400	9.031900	1
62.557000	168.760000	-1.569900	9.032800	1
62.573000	168.850000	-2.244500	9.033600	1
62.590000	168.940000	-4.309000	9.032400	1
62.606000	169.030000	-4.308500	9.033600	1
62.622000	169.120000	-3.274400	9.034100	1
62.639000	169.200000	-1.919900	9.033000	1
62.120000	166.800000	-3.967800	9.787300	1
62.137000	166.880000	-3.627700	9.786900	1
62.155000	166.970000	-2.601100	9.787100	1
62.173000	167.060000	-0.880990	9.786500	1
62.190000	167.140000	-2.256700	9.787200	1
62.208000	167.230000	-0.872630	9.787200	1
62.225000	167.310000	-1.220100	9.786900	1
62.243000	167.400000	-0.543560	9.787200	1
62.260000	167.490000	-1.569900	9.786400	1
62.277000	167.570000	-2.252100	9.786800	1
62.294000	167.660000	-2.251600	9.787500	1
62.312000	167.750000	-3.614300	9.786800	1
62.329000	167.840000	-4.651600	9.787400	1
62.111000	167.010000	-4.952100	10.545000	1
62.129000	167.100000	-3.925700	10.544000	1
62.146000	167.180000	3.295400	10.545000	1
62.164000	167.270000	-3.924900	10.545000	1
62.181000	167.350000	-1.510700	10.544000	1
62.199000	167.440000	-2.890500	10.545000	1
62.216000	167.530000	-0.148000	10.544000	1
62.233000	167.610000	-1.177800	10.544000	1
62.251000	167.700000	-1.177300	10.545000	1
62.268000	167.790000	1.232800	10.544000	1
62.285000	167.870000	-0.483140	10.545000	1
62.302000	167.960000	0.210810	10.545000	1
62.319000	168.050000	-1.516700	10.544000	1
62.336000	168.140000	-6.323200	10.545000	1
62.073000	167.860000	-6.151300	13.571000	1
62.090000	167.950000	-6.151300	13.571000	1
62.107000	168.030000	-6.837100	13.571000	1
62.124000	168.120000	-5.470400	13.571000	1
62.141000	168.200000	-3.050200	13.570000	1
62.157000	168.290000	-6.504400	13.571000	1
62.174000	168.380000	-6.162100	13.571000	1
62.191000	168.470000	-4.097700	13.570000	1
62.207000	168.550000	-5.813800	13.572000	1
62.224000	168.640000	-7.538600	13.571000	1
62.241000	168.730000	-6.165600	13.571000	1
62.257000	168.810000	-6.507800	13.572000	1
62.273000	168.900000	-8.565600	13.571000	1
62.290000	168.990000	-7.546200	13.571000	1
62.306000	169.080000	-7.538400	13.572000	1
62.322000	169.160000	-3.755200	13.571000	1
62.338000	169.250000	-6.165700	13.571000	1
62.354000	169.340000	-5.829000	13.572000	1
62.371000	169.430000	-6.173300	13.571000	1