La	Lo	Sig	Theta	Ice
63.348000	166.210000	-8.639700	-18.176000	1
63.367000	166.300000	-4.498200	-18.176000	1
63.387000	166.390000	-5.901300	-18.175000	1
63.407000	166.480000	-4.516500	-18.176000	1
63.427000	166.560000	-2.783300	-18.176000	1
63.446000	166.650000	-4.486200	-18.176000	1
63.466000	166.740000	-3.813100	-18.176000	1
63.485000	166.830000	-4.149200	-18.176000	1
63.505000	166.920000	-6.563800	-18.176000	1
63.524000	167.010000	-5.854500	-18.176000	1
63.544000	167.090000	-7.594200	-18.175000	1
63.563000	167.180000	-5.865300	-18.176000	1
63.582000	167.270000	-7.930000	-18.176000	1
63.601000	167.360000	-8.953800	-18.175000	1
63.621000	167.450000	-10.668000	-18.176000	1
63.640000	167.540000	-10.328000	-18.177000	1
63.659000	167.630000	-8.268900	-18.176000	1
63.678000	167.720000	-5.861000	-18.176000	1
63.696000	167.810000	-7.586100	-18.176000	1
63.715000	167.900000	-8.957400	-18.176000	1
63.734000	167.990000	-8.267800	-18.176000	1
63.303000	166.270000	-7.184500	-17.418000	1
63.323000	166.350000	-5.470900	-17.418000	1
63.343000	166.440000	-5.813500	-17.418000	1
63.362000	166.530000	-3.069700	-17.418000	1
63.382000	166.620000	-3.402200	-17.418000	1
63.402000	166.710000	-4.462200	-17.418000	1
63.421000	166.790000	-4.465600	-17.419000	1
63.441000	166.880000	-3.741400	-17.418000	1
63.460000	166.970000	-3.412400	-17.418000	1
63.479000	167.060000	-5.458000	-17.419000	1
63.499000	167.150000	-2.363900	-17.418000	1
63.518000	167.230000	-5.454900	-17.419000	1
63.537000	167.320000	-7.862500	-17.419000	1
63.556000	167.410000	-9.582500	-17.418000	1
63.576000	167.500000	-8.899100	-17.419000	1
63.595000	167.590000	-9.238900	-17.419000	1
63.613000	167.680000	-7.510100	-17.418000	1
63.632000	167.770000	-7.165800	-17.419000	1
63.651000	167.860000	-6.836900	-17.418000	1
63.670000	167.950000	-7.521000	-17.418000	1
63.689000	168.040000	-6.142100	-17.418000	1
63.115000	167.140000	-7.411700	-12.112000	1
63.134000	167.230000	-6.040800	-12.112000	1
63.153000	167.320000	-2.596200	-12.112000	1
63.173000	167.410000	-5.006100	-12.113000	1
63.192000	167.490000	-3.979800	-12.112000	1
63.211000	167.580000	-3.285400	-12.112000	1
63.230000	167.670000	-4.311400	-12.113000	1
63.249000	167.760000	-3.967500	-12.112000	1
63.268000	167.850000	-4.651200	-12.112000	1
63.286000	167.930000	-5.004800	-12.113000	1
63.305000	168.020000	-6.715600	-12.112000	1
63.324000	168.110000	-4.658900	-12.113000	1
63.342000	168.200000	-5.001500	-12.112000	1
63.361000	168.290000	-4.654000	-12.112000	1
63.380000	168.380000	-5.347800	-12.112000	1
63.034000	167.020000	-6.320300	-11.359000	1
63.053000	167.100000	-5.972700	-11.359000	1
63.072000	167.190000	-2.877700	-11.359000	1
63.092000	167.280000	-3.915100	-11.359000	1
63.111000	167.370000	-1.160900	-11.359000	1
63.130000	167.450000	-4.608500	-11.359000	1
63.149000	167.540000	-4.260700	-11.359000	1
63.168000	167.630000	-2.532500	-11.359000	1
63.187000	167.720000	-2.883500	-11.359000	1
63.206000	167.810000	-3.909900	-11.359000	1
63.225000	167.890000	-4.943600	-11.359000	1
63.244000	167.980000	-4.262900	-11.360000	1
63.262000	168.070000	-5.629500	-11.359000	1
63.281000	168.160000	-2.184700	-11.359000	1
63.300000	168.250000	-4.254800	-11.359000	1
63.318000	168.340000	-6.318900	-11.359000	1
63.337000	168.420000	-6.322600	-11.359000	1
62.972000	166.980000	-4.293200	-10.598000	1
62.991000	167.070000	-2.922700	-10.599000	1
63.010000	167.150000	-4.650500	-10.598000	1
63.030000	167.240000	-2.228300	-10.599000	1
63.049000	167.330000	-4.978700	-10.599000	1
63.068000	167.410000	-3.258700	-10.598000	1
63.087000	167.500000	-2.918600	-10.599000	1
63.106000	167.590000	-3.258900	-10.598000	1
63.125000	167.680000	-4.637400	-10.599000	1
63.144000	167.760000	-3.950600	-10.599000	1
63.163000	167.850000	-4.644600	-10.598000	1
63.182000	167.940000	-3.600400	-10.598000	1
63.201000	168.030000	-4.980000	-10.599000	1
63.219000	168.120000	-4.293700	-10.599000	1
63.238000	168.210000	-5.673600	-10.599000	1
63.256000	168.290000	-4.643200	-10.599000	1
63.275000	168.380000	-4.979400	-10.599000	1
63.293000	168.470000	-6.349500	-10.598000	1
62.046000	163.410000	-9.102800	-9.844900	1
62.067000	163.490000	-6.000000	-9.844900	1
62.089000	163.570000	-5.645500	-9.845100	1
62.111000	163.650000	-3.588300	-9.845400	1
62.132000	163.740000	-3.587900	-9.845500	1
62.154000	163.820000	-1.527200	-9.845600	1
62.175000	163.900000	-1.180600	-9.845400	1
62.196000	163.980000	-1.180400	-9.845000	1
62.218000	164.070000	-1.522300	-9.845300	1
62.239000	164.150000	-4.962200	-9.845500	1
62.260000	164.230000	-7.378000	-9.845000	1
62.281000	164.310000	-5.653200	-9.845200	1
62.302000	164.400000	-5.304900	-9.845700	1
62.323000	164.480000	-5.998700	-9.844900	1
62.345000	164.560000	-6.674800	-9.845300	1
62.365000	164.650000	-6.342400	-9.845200	1
62.386000	164.730000	-7.021600	-9.844700	1
62.407000	164.810000	-6.335300	-9.844900	1
62.428000	164.900000	-5.303500	-9.844600	1
62.449000	164.980000	-6.337300	-9.844200	1
62.469000	165.060000	-6.336900	-9.844600	1
62.490000	165.150000	-7.363200	-9.844400	1
62.510000	165.230000	-6.673000	-9.844000	1
62.531000	165.320000	-5.999900	-9.844500	1
62.551000	165.400000	-4.283100	-9.844500	1
62.572000	165.490000	-6.347100	-9.844300	1
62.592000	165.570000	-6.014200	-9.844300	1
62.612000	165.650000	-3.252500	-9.843400	1
62.633000	165.740000	-7.036700	-9.843200	1
62.653000	165.820000	-6.353800	-9.843000	1
62.673000	165.910000	-2.909000	-9.843200	1
62.693000	165.990000	-5.998000	-9.842700	1
62.713000	166.080000	-5.311400	-9.843200	1
62.733000	166.170000	-1.531200	-9.842800	1
62.753000	166.250000	-1.531300	-9.842700	1
62.773000	166.340000	-5.308000	-9.842900	1
62.792000	166.420000	-4.962900	-9.842400	1
62.812000	166.510000	-7.699500	-9.842500	1
62.832000	166.590000	-8.048800	-9.843400	1
62.851000	166.680000	-2.887900	-9.842100	1
62.871000	166.770000	-4.611400	-9.842700	1
62.891000	166.850000	-2.207000	-9.842800	1
62.910000	166.940000	-4.611000	-9.842300	1
62.929000	167.030000	-3.573000	-9.842500	1
62.949000	167.110000	-4.266500	-9.842600	1
62.968000	167.200000	-3.916400	-9.842200	1
62.987000	167.290000	-4.606000	-9.842600	1
63.006000	167.370000	-5.299600	-9.842800	1
63.026000	167.460000	-4.605600	-9.842300	1
63.045000	167.550000	-2.884800	-9.843000	1
63.064000	167.640000	-3.914900	-9.842500	1
63.083000	167.720000	-3.914800	-9.842600	1
63.101000	167.810000	-3.238500	-9.843100	1
63.120000	167.900000	-3.918900	-9.842500	1
63.139000	167.990000	-4.951800	-9.842300	1
63.158000	168.070000	-5.297400	-9.843300	1
63.176000	168.160000	-5.293700	-9.842700	1
63.195000	168.250000	-5.987300	-9.842900	1
63.214000	168.340000	-5.990800	-9.842900	1
63.232000	168.430000	-7.013400	-9.842700	1
63.250000	168.520000	-7.020800	-9.842500	1
62.571000	165.700000	-4.656300	-9.089300	1
62.591000	165.790000	-2.932000	-9.089100	1
62.611000	165.870000	-2.237900	-9.088900	1
62.631000	165.960000	-6.010400	-9.089100	1
62.651000	166.040000	-3.625000	-9.088500	1
62.671000	166.130000	-0.866700	-9.089000	1
62.691000	166.210000	-2.232900	-9.088600	1
62.711000	166.300000	-1.542600	-9.088600	1
62.731000	166.380000	-1.888700	-9.088800	1
62.751000	166.470000	-6.005800	-9.088200	1
62.770000	166.560000	-6.009700	-9.088300	1
62.790000	166.640000	-3.952700	-9.089300	1
62.809000	166.730000	-5.335600	-9.088000	1
62.829000	166.810000	-4.985000	-9.088500	1
62.849000	166.900000	-4.640800	-9.088600	1
62.868000	166.990000	-4.980900	-9.088200	1
62.887000	167.070000	-1.192500	-9.088300	1
62.907000	167.160000	-1.889700	-9.088500	1
62.926000	167.250000	-2.576000	-9.088000	1
62.945000	167.330000	-2.575600	-9.088400	1
62.964000	167.420000	-2.575200	-9.088600	1
62.983000	167.510000	-2.571400	-9.088200	1
63.002000	167.590000	-2.914600	-9.088900	1
63.021000	167.680000	-4.978600	-9.088400	1
63.040000	167.770000	-5.660900	-9.088400	1
63.059000	167.860000	-4.974000	-9.089000	1
63.078000	167.940000	-4.630100	-9.088400	1
63.097000	168.030000	-4.970400	-9.088100	1
63.115000	168.120000	-4.287500	-9.089100	1
63.134000	168.210000	-3.254000	-9.088600	1
63.153000	168.300000	-4.284200	-9.088700	1
63.171000	168.390000	-4.290200	-9.088800	1
63.190000	168.470000	-3.606200	-9.088600	1
63.208000	168.560000	-6.696600	-9.088400	1
62.178000	164.330000	-6.133900	-8.334800	1
62.199000	164.410000	-6.834900	-8.335000	1
62.220000	164.500000	-5.792700	-8.335500	1
62.241000	164.580000	-5.098900	-8.334700	1
62.262000	164.660000	-3.389600	-8.335100	1
62.283000	164.740000	-2.341600	-8.335200	1
62.304000	164.830000	-4.408000	-8.334600	1
62.325000	164.910000	-4.747700	-8.334700	1
62.345000	164.990000	-5.093700	-8.334500	1
62.366000	165.080000	-7.847900	-8.334100	1
62.387000	165.160000	-5.426000	-8.334300	1
62.407000	165.250000	-4.059800	-8.334200	1
62.428000	165.330000	-3.373800	-8.333700	1
62.448000	165.410000	-3.020000	-8.334200	1
62.468000	165.500000	-3.715800	-8.334300	1
62.489000	165.580000	-4.749400	-8.334100	1
62.509000	165.670000	-5.099100	-8.334200	1
62.529000	165.750000	-4.756700	-8.333300	1
62.549000	165.840000	-5.446500	-8.333100	1
62.569000	165.920000	-1.315800	-8.332900	1
62.590000	166.010000	-5.442100	-8.333000	1
62.610000	166.090000	-3.377900	-8.332500	1
62.630000	166.180000	1.793000	-8.333000	1
62.649000	166.260000	-4.747400	-8.332500	1
62.669000	166.350000	-3.713200	-8.332500	1
62.689000	166.430000	-3.026500	-8.332800	1
62.709000	166.520000	-3.026400	-8.332200	1
62.728000	166.600000	-4.398600	-8.332200	1
62.748000	166.690000	-4.394200	-8.333300	1
62.768000	166.770000	-1.294500	-8.332000	1
62.787000	166.860000	-4.390900	-8.332400	1
62.807000	166.950000	-4.058500	-8.332600	1
62.826000	167.030000	-3.370900	-8.332100	1
62.845000	167.120000	-3.370500	-8.332200	1
62.865000	167.210000	-3.016300	-8.332500	1
62.884000	167.290000	-2.672500	-8.332000	1
62.903000	167.380000	-3.015800	-8.332400	1
62.922000	167.470000	-4.399400	-8.332600	1
62.941000	167.550000	-3.709300	-8.332100	1
62.960000	167.640000	-4.398900	-8.332800	1
62.979000	167.730000	-4.735100	-8.332400	1
62.998000	167.820000	-4.058500	-8.332400	1
63.017000	167.900000	-5.778200	-8.332900	1
63.036000	167.990000	-5.088100	-8.332300	1
63.054000	168.080000	-5.088000	-8.332000	1
63.073000	168.170000	-3.707000	-8.333000	1
63.092000	168.250000	-2.326900	-8.332500	1
63.110000	168.340000	-3.016800	-8.332600	1
63.129000	168.430000	-3.710700	-8.332800	1
63.147000	168.520000	-5.781200	-8.332500	1
63.165000	168.610000	-6.461600	-8.332300	1
62.116000	164.300000	-6.861000	-7.579000	1
62.137000	164.380000	-6.177000	-7.578500	1
62.158000	164.460000	-6.856900	-7.578600	1
62.179000	164.540000	-6.863700	-7.579100	1
62.200000	164.630000	-6.176200	-7.578400	1
62.221000	164.710000	-3.421600	-7.578700	1
62.242000	164.790000	-4.783900	-7.578800	1
62.263000	164.880000	-5.477700	-7.578200	1
62.283000	164.960000	-5.127300	-7.578300	1
62.304000	165.040000	-6.511000	-7.578100	1
62.325000	165.130000	-6.847300	-7.577700	1
62.345000	165.210000	-4.096400	-7.577900	1
62.366000	165.290000	-4.786200	-7.577900	1
62.386000	165.380000	-3.756400	-7.577300	1
62.407000	165.460000	-5.812800	-7.577800	1
62.427000	165.550000	-4.092700	-7.577900	1
62.447000	165.630000	-3.758800	-7.577700	1
62.468000	165.710000	-5.818600	-7.577900	1
62.488000	165.800000	-5.822500	-7.577000	1
62.508000	165.880000	-2.381800	-7.576700	1
62.528000	165.970000	-5.135600	-7.576500	1
62.548000	166.050000	-4.451300	-7.576600	1
62.568000	166.140000	-3.067400	-7.576000	1
62.588000	166.220000	-3.416800	-7.576500	1
62.608000	166.310000	-1.692800	-7.576100	1
62.628000	166.390000	-3.412600	-7.576100	1
62.647000	166.480000	-3.752300	-7.576400	1
62.667000	166.560000	-3.412100	-7.575800	1
62.687000	166.650000	-4.441900	-7.575700	1
62.706000	166.740000	-3.060800	-7.576900	1
62.726000	166.820000	-1.687200	-7.575600	1
62.745000	166.910000	-2.720700	-7.576000	1
62.765000	166.990000	-1.690600	-7.576200	1
62.784000	167.080000	-2.027200	-7.575800	1
62.803000	167.170000	-2.721100	-7.575800	1
62.823000	167.250000	-3.059400	-7.576100	1
62.842000	167.340000	-2.369400	-7.575600	1
62.861000	167.430000	-3.752800	-7.575900	1
62.880000	167.510000	-3.412400	-7.576200	1
62.899000	167.600000	-2.376000	-7.575700	1
62.918000	167.690000	-3.751800	-7.576300	1
62.937000	167.770000	-5.815800	-7.576000	1
62.956000	167.860000	-5.118000	-7.575900	1
62.975000	167.950000	-4.091000	-7.576500	1
62.993000	168.040000	-4.441100	-7.576000	1
63.012000	168.120000	-4.091000	-7.575600	1
63.031000	168.210000	-2.720100	-7.576600	1
63.049000	168.300000	-5.116500	-7.576200	1
63.068000	168.390000	-4.439900	-7.576200	1
63.086000	168.480000	-4.093300	-7.576400	1
63.105000	168.560000	-3.757000	-7.576200	1
63.123000	168.650000	-3.413500	-7.575900	1
62.075000	164.350000	-5.522400	-6.824900	1
62.096000	164.430000	-4.495900	-6.824400	1
62.118000	164.510000	-4.484400	-6.824400	1
62.139000	164.590000	-3.803700	-6.825100	1
62.159000	164.680000	-4.143900	-6.824300	1
62.180000	164.760000	-4.829800	-6.824500	1
62.201000	164.840000	-5.169400	-6.824700	1
62.222000	164.920000	-4.139400	-6.824100	1
62.243000	165.010000	-4.139000	-6.824200	1
62.263000	165.090000	-4.135000	-6.824100	1
62.284000	165.170000	-3.444800	-6.823600	1
62.304000	165.260000	-4.824600	-6.823800	1
62.325000	165.340000	-3.104100	-6.823800	1
62.345000	165.430000	-4.820500	-6.823100	1
62.366000	165.510000	-7.914600	-6.823600	1
62.386000	165.590000	-5.164000	-6.823800	1
62.406000	165.680000	-6.536900	-6.823600	1
62.426000	165.760000	-1.036300	-6.823900	1
62.447000	165.850000	-2.756300	-6.823000	1
62.467000	165.930000	-4.476300	-6.822600	1
62.487000	166.020000	-6.207400	-6.822400	1
62.507000	166.100000	-2.759100	-6.822500	1
62.527000	166.180000	-3.105400	-6.821900	1
62.547000	166.270000	-5.505000	-6.822400	1
62.566000	166.350000	-3.452100	-6.822000	1
62.586000	166.440000	-3.448100	-6.822000	1
62.606000	166.530000	-3.790200	-6.822300	1
62.625000	166.610000	-3.103700	-6.821700	1
62.645000	166.700000	-4.129800	-6.821600	1
62.665000	166.780000	-2.408600	-6.822800	1
62.684000	166.870000	-2.065200	-6.821500	1
62.704000	166.950000	-0.688230	-6.821900	1
62.723000	167.040000	-1.377900	-6.822100	1
62.742000	167.130000	-2.408300	-6.821700	1
62.762000	167.210000	-0.688330	-6.821700	1
62.781000	167.300000	-2.748500	-6.822000	1
62.800000	167.380000	-1.721000	-6.821500	1
62.819000	167.470000	-2.066800	-6.821800	1
62.838000	167.560000	-3.440200	-6.822100	1
62.857000	167.640000	-4.130300	-6.821600	1
62.876000	167.730000	-4.129700	-6.822200	1
62.895000	167.820000	-3.789600	-6.821900	1
62.914000	167.910000	-3.439400	-6.821800	1
62.933000	167.990000	-3.438800	-6.822400	1
62.951000	168.080000	-2.748700	-6.821900	1
62.970000	168.170000	-5.499000	-6.821400	1
62.989000	168.260000	-6.545800	-6.822400	1
63.007000	168.340000	-4.135500	-6.822100	1
63.026000	168.430000	-5.509100	-6.822100	1
63.044000	168.520000	-3.791100	-6.822300	1
63.062000	168.610000	-2.750900	-6.822100	1
63.081000	168.700000	-2.407200	-6.821800	1
62.445000	166.060000	-1.503600	-6.068000	1
62.465000	166.150000	-2.533200	-6.068100	1
62.485000	166.230000	-0.816800	-6.067500	1
62.505000	166.320000	1.247600	-6.067900	1
62.525000	166.400000	-0.468680	-6.067500	1
62.545000	166.490000	-3.562300	-6.067500	1
62.564000	166.570000	-1.837800	-6.067800	1
62.584000	166.660000	-3.557800	-6.067300	1
62.604000	166.740000	-3.897600	-6.067100	1
62.623000	166.830000	-1.146300	-6.068300	1
62.643000	166.910000	0.223440	-6.067100	1
62.662000	167.000000	-2.172400	-6.067400	1
62.681000	167.090000	-1.145600	-6.067600	1
62.701000	167.170000	-2.865800	-6.067300	1
62.720000	167.260000	-3.899700	-6.067200	1
62.739000	167.340000	-4.246000	-6.067600	1
62.758000	167.430000	-2.176300	-6.067000	1
62.777000	167.520000	-2.535700	-6.067300	1
62.796000	167.600000	-0.815180	-6.067600	1
62.815000	167.690000	1.252300	-6.067200	1
62.834000	167.780000	-3.564700	-6.067700	1
62.853000	167.860000	-4.587300	-6.067500	1
62.872000	167.950000	-3.207100	-6.067300	1
62.891000	168.040000	-4.590200	-6.067900	1
62.909000	168.130000	-5.960400	-6.067500	1
62.928000	168.210000	-4.254000	-6.067000	1
62.947000	168.300000	-2.533000	-6.067900	1
62.965000	168.390000	-5.283200	-6.067600	1
62.984000	168.480000	-3.212800	-6.067600	1
63.002000	168.560000	-4.932600	-6.067900	1
63.020000	168.650000	-1.838600	-6.067700	1
63.039000	168.740000	-0.122260	-6.067300	1
62.464000	166.360000	-3.040400	-5.313100	1
62.484000	166.450000	-2.354000	-5.312700	1
62.503000	166.530000	-0.289880	-5.312600	1
62.523000	166.620000	0.400810	-5.312900	1
62.543000	166.700000	-0.979120	-5.312500	1
62.562000	166.790000	0.061139	-5.312200	1
62.582000	166.870000	-0.624000	-5.313400	1
62.601000	166.960000	1.088400	-5.312300	1
62.621000	167.040000	-0.631080	-5.312600	1
62.640000	167.130000	-4.414500	-5.312800	1
62.659000	167.220000	-3.721000	-5.312500	1
62.678000	167.300000	-1.321000	-5.312400	1
62.698000	167.390000	-2.351000	-5.312700	1
62.717000	167.470000	-2.011400	-5.312200	1
62.736000	167.560000	-2.693400	-5.312500	1
62.755000	167.650000	-2.356600	-5.312700	1
62.774000	167.730000	-1.322800	-5.312400	1
62.793000	167.820000	-3.718700	-5.312800	1
62.811000	167.910000	-5.102400	-5.312700	1
62.830000	168.000000	-5.453200	-5.312400	1
62.849000	168.080000	-6.138900	-5.313100	1
62.868000	168.170000	-3.721400	-5.312700	1
62.886000	168.260000	-1.661400	-5.312100	1
62.905000	168.340000	-3.040600	-5.313000	1
62.923000	168.430000	-4.067000	-5.312800	1
62.942000	168.520000	-2.690300	-5.312700	1
62.960000	168.610000	-0.629930	-5.313000	1
62.978000	168.700000	-0.286230	-5.312900	1
62.997000	168.780000	-0.972720	-5.312500	1
61.869000	164.160000	-9.046300	-4.561100	1
61.890000	164.240000	-6.632500	-4.561100	1
61.912000	164.330000	-8.013200	-4.560600	1
61.933000	164.410000	-5.603000	-4.560700	1
61.954000	164.490000	-6.978900	-4.561000	1
61.975000	164.570000	-5.945300	-4.560500	1
61.996000	164.650000	-3.541400	-4.560400	1
62.017000	164.740000	-4.220800	-4.561100	1
62.037000	164.820000	-4.213800	-4.560400	1
62.058000	164.900000	-3.537000	-4.560500	1
62.079000	164.980000	-2.506500	-4.560800	1
62.099000	165.070000	-2.502900	-4.560200	1
62.120000	165.150000	-1.472500	-4.560200	1
62.141000	165.230000	-5.255900	-4.560200	1
62.161000	165.320000	-4.902300	-4.559700	1
62.182000	165.400000	-2.841800	-4.559700	1
62.202000	165.480000	-3.874900	-4.559900	1
62.222000	165.570000	-1.471400	-4.559100	1
62.243000	165.650000	-2.844600	-4.559500	1
62.263000	165.730000	-2.154500	-4.559600	1
62.283000	165.820000	-2.841100	-4.559500	1
62.303000	165.900000	-2.154500	-4.559900	1
62.323000	165.990000	-3.877100	-4.559200	1
62.343000	166.070000	-2.153300	-4.558700	1
62.363000	166.150000	-3.183100	-4.558500	1
62.383000	166.240000	-2.842600	-4.558600	1
62.403000	166.320000	-3.532700	-4.558000	1
62.423000	166.410000	-2.842000	-4.558400	1
62.442000	166.490000	-0.778220	-4.558000	1
62.462000	166.580000	-1.117800	-4.557900	1
62.482000	166.660000	-3.527200	-4.558200	1
62.501000	166.750000	-1.116900	-4.557800	1
62.521000	166.830000	-2.840400	-4.557400	1
62.540000	166.920000	-4.555700	-4.558700	1
62.560000	167.000000	-3.529500	-4.557600	1
62.579000	167.090000	-3.175400	-4.557900	1
62.598000	167.180000	-3.872100	-4.558100	1
62.618000	167.260000	-2.498700	-4.557800	1
62.637000	167.350000	-4.555500	-4.557700	1
62.656000	167.430000	-1.812300	-4.558100	1
62.675000	167.520000	0.598590	-4.557500	1
62.694000	167.610000	-1.124600	-4.557800	1
62.713000	167.690000	-1.124100	-4.558000	1
62.732000	167.780000	-0.094056	-4.557700	1
62.751000	167.870000	0.246520	-4.558100	1
62.770000	167.950000	-3.877000	-4.558000	1
62.788000	168.040000	-3.529800	-4.557700	1
62.807000	168.130000	-5.252700	-4.558400	1
62.826000	168.210000	-5.592800	-4.558000	1
62.844000	168.300000	-2.839200	-4.557400	1
62.863000	168.390000	-3.178300	-4.558300	1
62.881000	168.480000	-3.528200	-4.558100	1
62.900000	168.560000	0.252060	-4.558000	1
62.918000	168.650000	-0.427600	-4.558300	1
62.936000	168.740000	-2.497600	-4.558200	1
62.955000	168.830000	-1.464200	-4.557800	1
62.460000	166.790000	-0.362760	-3.802300	1
62.479000	166.880000	-0.012647	-3.801800	1
62.499000	166.960000	1.362300	-3.803100	1
62.518000	167.050000	-0.354680	-3.802100	1
62.538000	167.130000	-0.354220	-3.802300	1
62.557000	167.220000	-0.354140	-3.802500	1
62.576000	167.310000	-1.384400	-3.802300	1
62.595000	167.390000	-1.724700	-3.802100	1
62.614000	167.480000	-1.036600	-3.802500	1
62.634000	167.560000	-1.036700	-3.802000	1
62.653000	167.650000	-0.356270	-3.802200	1
62.671000	167.740000	-1.035800	-3.802400	1
62.690000	167.820000	-1.729300	-3.802100	1
62.709000	167.910000	-3.445300	-3.802500	1
62.728000	168.000000	-0.004900	-3.802500	1
62.747000	168.080000	-1.724900	-3.802100	1
62.765000	168.170000	-3.444200	-3.802800	1
62.784000	168.260000	-2.750700	-3.802500	1
62.802000	168.340000	-3.780900	-3.801800	1
62.821000	168.430000	-2.753500	-3.802700	1
62.839000	168.520000	-1.383300	-3.802600	1
62.858000	168.610000	-1.033300	-3.802400	1
62.876000	168.690000	-0.002848	-3.802800	1
62.894000	168.780000	-1.032800	-3.802700	1
62.913000	168.870000	0.676700	-3.802200	1
62.554000	167.440000	-0.953550	-3.046200	1
62.573000	167.520000	-0.262870	-3.046700	1
62.592000	167.610000	0.427010	-3.046100	1
62.611000	167.690000	-0.262540	-3.046300	1
62.630000	167.780000	0.767940	-3.046500	1
62.649000	167.870000	1.121300	-3.046300	1
62.667000	167.950000	0.081864	-3.046600	1
62.686000	168.040000	0.432230	-3.046600	1
62.705000	168.130000	-0.257860	-3.046200	1
62.724000	168.210000	-1.287000	-3.046900	1
62.742000	168.300000	0.433080	-3.046600	1
62.761000	168.390000	-1.630600	-3.045900	1
62.779000	168.470000	-3.009700	-3.046700	1
62.798000	168.560000	0.080468	-3.046700	1
62.816000	168.650000	0.080459	-3.046500	1
62.834000	168.740000	-0.949450	-3.046900	1
62.852000	168.820000	1.460300	-3.046800	1
62.871000	168.910000	2.829700	-3.046400	1
62.436000	167.140000	-2.174200	-2.294900	1
62.455000	167.220000	0.916860	-2.295100	1
62.474000	167.310000	2.977400	-2.295300	1
62.493000	167.390000	2.977600	-2.295200	1
62.513000	167.480000	4.357800	-2.294900	1
62.532000	167.570000	4.698500	-2.295400	1
62.551000	167.650000	1.258300	-2.294800	1
62.570000	167.740000	0.578760	-2.295000	1
62.588000	167.820000	0.919220	-2.295200	1
62.607000	167.910000	2.289300	-2.295000	1
62.626000	168.000000	-0.460230	-2.295200	1
62.645000	168.080000	1.260200	-2.295400	1
62.663000	168.170000	3.670200	-2.294900	1
62.682000	168.260000	-0.799050	-2.295600	1
62.701000	168.340000	-1.829000	-2.295400	1
62.719000	168.430000	0.227640	-2.294600	1
62.738000	168.520000	-0.461660	-2.295400	1
62.756000	168.600000	-0.111910	-2.295400	1
62.774000	168.690000	0.577710	-2.295200	1
62.792000	168.780000	1.947800	-2.295600	1
62.811000	168.870000	3.315100	-2.295600	1
62.829000	168.950000	2.284800	-2.295100	1
62.278000	166.670000	2.314400	-1.540400	1
62.297000	166.760000	3.004500	-1.540200	1
62.317000	166.840000	-1.125100	-1.540600	1
62.336000	166.930000	-0.085146	-1.540400	1
62.356000	167.010000	-1.807900	-1.539600	1
62.375000	167.100000	1.623500	-1.541000	1
62.394000	167.180000	2.653300	-1.540100	1
62.414000	167.270000	5.063800	-1.540300	1
62.433000	167.350000	8.154300	-1.540500	1
62.452000	167.440000	5.404600	-1.540400	1
62.471000	167.520000	6.444700	-1.540100	1
62.490000	167.610000	6.095400	-1.540600	1
62.509000	167.700000	3.695300	-1.540000	1
62.528000	167.780000	4.375700	-1.540200	1
62.547000	167.870000	0.946090	-1.540400	1
62.566000	167.950000	3.006300	-1.540200	1
62.584000	168.040000	4.036700	-1.540400	1
62.603000	168.130000	3.697200	-1.540600	1
62.622000	168.210000	1.977100	-1.540000	1
62.640000	168.300000	1.627800	-1.540800	1
62.659000	168.390000	-0.085442	-1.540600	1
62.677000	168.470000	0.943930	-1.539800	1
62.696000	168.560000	1.974200	-1.540500	1
62.714000	168.650000	2.651600	-1.540600	1
62.732000	168.730000	0.251540	-1.540400	1
62.751000	168.820000	2.312000	-1.540800	1
62.769000	168.910000	4.032100	-1.540800	1
62.787000	169.000000	4.371900	-1.540300	1
62.158000	166.380000	0.248280	-0.792580	1
62.178000	166.470000	4.718300	-0.792570	1
62.198000	166.550000	8.498200	-0.791970	1
62.217000	166.630000	12.276000	-0.792200	1
62.237000	166.720000	12.277000	-0.791920	1
62.256000	166.800000	8.837100	-0.791790	1
62.276000	166.890000	7.807800	-0.792180	1
62.295000	166.970000	9.528200	-0.791970	1
62.315000	167.060000	7.468400	-0.791190	1
62.334000	167.140000	5.409300	-0.792560	1
62.353000	167.230000	6.439400	-0.791770	1
62.373000	167.310000	6.779800	-0.791860	1
62.392000	167.400000	5.060300	-0.792110	1
62.411000	167.480000	5.060700	-0.792010	1
62.430000	167.570000	8.160900	-0.791710	1
62.449000	167.650000	9.531400	-0.792230	1
62.468000	167.740000	8.501400	-0.791640	1
62.487000	167.830000	6.781800	-0.791800	1
62.506000	167.910000	3.692100	-0.791980	1
62.524000	168.000000	5.412100	-0.791780	1
62.543000	168.080000	11.592000	-0.791930	1
62.562000	168.170000	8.502000	-0.792220	1
62.580000	168.260000	2.659200	-0.791580	1
62.599000	168.340000	2.309800	-0.792330	1
62.617000	168.430000	4.030000	-0.792180	1
62.636000	168.520000	4.719900	-0.791430	1
62.654000	168.600000	5.410300	-0.792060	1
62.672000	168.690000	3.687700	-0.792160	1
62.691000	168.780000	4.027800	-0.791960	1
62.709000	168.860000	4.028000	-0.792340	1
62.727000	168.950000	7.128200	-0.792410	1
62.745000	169.040000	6.098100	-0.791900	1
62.157000	166.590000	17.958000	0.117700	1
62.176000	166.680000	20.369000	0.117690	1
62.196000	166.760000	18.310000	0.118270	1
62.215000	166.850000	19.340000	0.118270	1
62.235000	166.930000	14.870000	0.118410	1
62.254000	167.020000	16.250000	0.118700	1
62.274000	167.100000	16.930000	0.118130	1
62.293000	167.190000	12.808000	0.118720	1
62.312000	167.270000	16.589000	0.118740	1
62.331000	167.360000	14.179000	0.118550	1
62.351000	167.440000	12.469000	0.118770	1
62.370000	167.530000	10.400000	0.118710	1
62.389000	167.610000	10.400000	0.118600	1
62.408000	167.700000	10.060000	0.119020	1
62.427000	167.780000	9.030600	0.118350	1
62.445000	167.870000	8.000900	0.118740	1
62.464000	167.950000	7.651200	0.118750	1
62.483000	168.040000	5.931500	0.118440	1
62.502000	168.130000	8.341800	0.118790	1
62.520000	168.210000	5.242100	0.118560	1
62.539000	168.300000	8.682400	0.118470	1
62.557000	168.380000	8.342800	0.118940	1
62.576000	168.470000	6.282900	0.118430	1
62.594000	168.560000	10.063000	0.118560	1
62.613000	168.640000	8.679700	0.118700	1
62.631000	168.730000	10.749000	0.118400	1
62.649000	168.820000	7.306800	0.118840	1
62.667000	168.910000	8.676900	0.118660	1
62.685000	168.990000	6.617100	0.118570	1
62.703000	169.080000	7.647100	0.118840	1
62.076000	166.470000	5.693400	0.732060	1
62.096000	166.550000	12.234000	0.732230	1
62.115000	166.640000	14.644000	0.732900	1
62.135000	166.720000	14.984000	0.732740	1
62.155000	166.810000	12.583000	0.733200	1
62.174000	166.890000	13.613000	0.733390	1
62.194000	166.980000	2.253500	0.733020	1
62.213000	167.060000	6.384100	0.733250	1
62.232000	167.140000	14.645000	0.734020	1
62.252000	167.230000	8.444800	0.732800	1
62.271000	167.310000	3.635500	0.733510	1
62.290000	167.400000	4.665900	0.733410	1
62.309000	167.480000	4.666200	0.733220	1
62.328000	167.570000	4.666600	0.733220	1
62.347000	167.650000	8.447100	0.733570	1
62.366000	167.740000	7.077200	0.733120	1
62.385000	167.830000	6.387700	0.733480	1
62.404000	167.910000	6.388000	0.733510	1
62.423000	168.000000	8.798200	0.733340	1
62.441000	168.080000	2.258500	0.733380	1
62.460000	168.170000	5.698500	0.733480	1
62.479000	168.250000	6.388100	0.732960	1
62.497000	168.340000	5.008200	0.733680	1
62.516000	168.430000	6.045500	0.733090	1
62.534000	168.510000	10.866000	0.732940	1
62.552000	168.600000	3.976200	0.733800	1
62.571000	168.690000	-2.206700	0.733330	1
62.589000	168.770000	7.413400	0.733000	1
62.607000	168.860000	7.413600	0.733440	1
62.625000	168.950000	8.443500	0.732940	1
62.643000	169.030000	1.573500	0.732780	1
62.661000	169.120000	4.321100	0.733410	1
61.975000	166.260000	4.013800	1.486000	1
61.995000	166.350000	5.041400	1.486200	1
62.015000	166.430000	5.732300	1.486900	1
62.035000	166.520000	3.322900	1.486900	1
62.054000	166.600000	1.603700	1.487100	1
62.074000	166.680000	3.324800	1.487700	1
62.094000	166.770000	4.355400	1.487600	1
62.113000	166.850000	7.799300	1.488000	1
62.133000	166.930000	-3.890200	1.488200	1
62.152000	167.020000	0.571320	1.487900	1
62.171000	167.100000	-0.792680	1.488000	1
62.191000	167.190000	1.958000	1.488900	1
62.210000	167.270000	-0.792790	1.487700	1
62.229000	167.360000	0.232550	1.488300	1
62.248000	167.440000	-0.802920	1.488200	1
62.267000	167.530000	0.576130	1.488000	1
62.286000	167.610000	3.676500	1.488000	1
62.305000	167.700000	1.267000	1.488400	1
62.324000	167.780000	2.637000	1.487900	1
62.343000	167.870000	2.297600	1.488300	1
62.362000	167.950000	5.048000	1.488300	1
62.381000	168.040000	4.018100	1.488200	1
62.399000	168.130000	0.928440	1.488200	1
62.418000	168.210000	2.988900	1.488300	1
62.437000	168.300000	3.678800	1.487800	1
62.455000	168.380000	2.639600	1.488500	1
62.474000	168.470000	0.929480	1.487900	1
62.492000	168.560000	2.989500	1.487700	1
62.510000	168.640000	4.359900	1.488600	1
62.529000	168.730000	0.239240	1.488200	1
62.547000	168.820000	1.605800	1.487800	1
62.565000	168.900000	5.735900	1.488300	1
62.583000	168.990000	5.733100	1.487800	1
62.601000	169.080000	4.702900	1.487600	1
62.619000	169.160000	4.353300	1.488200	1
61.915000	166.230000	4.583300	2.235700	1
61.935000	166.310000	-2.980000	2.235000	1
61.954000	166.390000	4.923700	2.235100	1
61.974000	166.480000	-0.915440	2.235800	1
61.994000	166.560000	0.115200	2.235800	1
62.014000	166.640000	0.466030	2.236000	1
62.033000	166.730000	-1.252800	2.236600	1
62.053000	166.810000	2.527900	2.236500	1
62.072000	166.890000	2.868800	2.236900	1
62.092000	166.980000	-1.940500	2.237100	1
62.111000	167.060000	-1.250200	2.236800	1
62.130000	167.150000	1.494100	2.236900	1
62.150000	167.230000	0.805260	2.237800	1
62.169000	167.320000	3.901100	2.236600	1
62.188000	167.400000	0.808640	2.237100	1
62.207000	167.490000	-5.034700	2.237100	1
62.226000	167.570000	-0.574740	2.236900	1
62.245000	167.660000	-1.607400	2.236800	1
62.264000	167.740000	0.806410	2.237300	1
62.283000	167.830000	1.146300	2.236800	1
62.302000	167.910000	2.870100	2.237100	1
62.321000	168.000000	3.560500	2.237200	1
62.339000	168.080000	1.500700	2.237000	1
62.358000	168.170000	3.211000	2.237000	1
62.377000	168.250000	1.151400	2.237200	1
62.395000	168.340000	1.151300	2.236600	1
62.414000	168.430000	0.122160	2.237400	1
62.432000	168.510000	1.502000	2.236800	1
62.450000	168.600000	-0.218150	2.236600	1
62.469000	168.680000	1.842600	2.237400	1
62.487000	168.770000	-0.570770	2.237100	1
62.505000	168.860000	0.118960	2.236700	1
62.523000	168.940000	-1.253800	2.237200	1
62.541000	169.030000	2.868900	2.236700	1
62.559000	169.120000	1.498300	2.236500	1
62.577000	169.200000	1.498400	2.237000	1
62.069000	167.110000	5.554800	2.992800	1
62.089000	167.190000	-2.348100	2.992900	1
62.108000	167.270000	-2.696900	2.993800	1
62.127000	167.360000	-0.980630	2.992700	1
62.146000	167.440000	-6.133400	2.993200	1
62.165000	167.530000	-0.286010	2.993200	1
62.184000	167.610000	-4.759300	2.993000	1
62.203000	167.700000	-2.702600	2.992900	1
62.222000	167.780000	-0.978960	2.993300	1
62.241000	167.870000	-5.443000	2.992800	1
62.260000	167.950000	-3.731800	2.993100	1
62.279000	168.040000	1.428800	2.993200	1
62.297000	168.120000	0.402280	2.993100	1
62.316000	168.210000	1.432600	2.993000	1
62.335000	168.300000	1.436400	2.993300	1
62.353000	168.380000	1.432900	2.992600	1
62.372000	168.470000	1.097200	2.993500	1
62.390000	168.550000	-1.313200	2.992900	1
62.408000	168.640000	0.743400	2.992600	1
62.427000	168.730000	0.744160	2.993500	1
62.445000	168.810000	-0.976030	2.993200	1
62.463000	168.900000	0.743670	2.992700	1
62.481000	168.990000	4.520800	2.993200	1
62.499000	169.070000	0.050300	2.992700	1
62.517000	169.160000	-5.100200	2.992500	1
62.535000	169.250000	0.050494	2.993100	1
62.047000	167.230000	-0.667530	3.747700	1
62.066000	167.320000	-3.076400	3.748700	1
62.086000	167.400000	-3.080200	3.747500	1
62.105000	167.490000	-4.106000	3.747900	1
62.124000	167.570000	-2.725600	3.748000	1
62.143000	167.660000	-6.862500	3.747800	1
62.162000	167.740000	-3.422100	3.747600	1
62.181000	167.830000	-2.394800	3.748100	1
62.199000	167.910000	-7.201900	3.747600	1
62.218000	168.000000	-5.148500	3.747900	1
62.237000	168.080000	0.358640	3.748000	1
62.256000	168.170000	1.742000	3.747900	1
62.274000	168.250000	1.739700	3.747800	1
62.293000	168.340000	1.050200	3.748200	1
62.311000	168.420000	1.046500	3.747400	1
62.330000	168.510000	1.737500	3.748300	1
62.348000	168.600000	-2.729500	3.747800	1
62.366000	168.680000	2.080400	3.747400	1
62.385000	168.770000	4.141200	3.748200	1
62.403000	168.850000	3.107700	3.748100	1
62.421000	168.940000	3.103800	3.747500	1
62.439000	169.030000	-4.459500	3.748100	1
62.457000	169.110000	-3.769900	3.747600	1
62.475000	169.200000	-2.733200	3.747300	1
62.493000	169.290000	-0.332750	3.747900	1
62.025000	167.360000	-1.529900	4.502100	1
62.044000	167.450000	-2.903800	4.501000	1
62.063000	167.530000	-0.493020	4.501400	1
62.082000	167.610000	-4.962800	4.501400	1
62.101000	167.700000	-3.936100	4.501300	1
62.120000	167.780000	-5.659600	4.501100	1
62.139000	167.870000	-5.315300	4.501500	1
62.158000	167.950000	-4.621700	4.501000	1
62.176000	168.040000	-4.961200	4.501300	1
62.195000	168.120000	-2.900800	4.501400	1
62.214000	168.210000	-3.934600	4.501400	1
62.232000	168.290000	0.535380	4.501200	1
62.251000	168.380000	0.875560	4.501600	1
62.269000	168.470000	-0.493660	4.500800	1
62.288000	168.550000	1.903700	4.501700	1
62.306000	168.640000	1.903400	4.501200	1
62.324000	168.720000	1.899600	4.500800	1
62.343000	168.810000	-4.630000	4.501600	1
62.361000	168.900000	-5.660100	4.501600	1
62.379000	168.980000	-5.660400	4.501000	1
62.397000	169.070000	-3.939900	4.501500	1
62.415000	169.150000	-4.280400	4.501000	1
62.433000	169.240000	-6.004400	4.500700	1
62.451000	169.330000	1.213500	4.501300	1
61.789000	166.570000	-7.210600	5.254100	1
61.809000	166.650000	-7.896100	5.254700	1
61.828000	166.730000	-4.459000	5.254700	1
61.848000	166.820000	-4.118600	5.254800	1
61.867000	166.900000	-5.151800	5.255400	1
61.887000	166.980000	-3.089900	5.255500	1
61.906000	167.070000	-4.459300	5.255800	1
61.925000	167.150000	-7.208900	5.256100	1
61.945000	167.240000	-3.431900	5.255800	1
61.964000	167.320000	-4.457900	5.255700	1
61.983000	167.400000	-1.366500	5.256800	1
62.002000	167.490000	-4.453200	5.255800	1
62.021000	167.570000	-4.116300	5.256000	1
62.040000	167.660000	-5.839600	5.256100	1
62.059000	167.740000	-4.798400	5.256000	1
62.078000	167.830000	-5.138200	5.255700	1
62.097000	167.910000	-6.167600	5.256200	1
62.116000	168.000000	-4.797500	5.255700	1
62.134000	168.080000	-1.020300	5.255900	1
62.153000	168.170000	1.050200	5.256100	1
62.172000	168.250000	-3.083500	5.256000	1
62.190000	168.340000	0.012736	5.255900	1
62.209000	168.420000	0.692920	5.256300	1
62.227000	168.510000	-1.364200	5.255500	1
62.246000	168.590000	-4.452500	5.256400	1
62.264000	168.680000	-1.026200	5.255900	1
62.282000	168.760000	-4.467600	5.255500	1
62.300000	168.850000	-6.877200	5.256300	1
62.319000	168.940000	-5.843300	5.256300	1
62.337000	169.020000	-6.180200	5.255700	1
62.355000	169.110000	-7.907400	5.256200	1
62.373000	169.200000	-8.938000	5.255700	1
62.391000	169.280000	-4.810300	5.255400	1
62.408000	169.370000	-4.119900	5.256000	1
61.748000	166.610000	-2.909300	6.007900	1
61.767000	166.690000	-3.252000	6.008400	1
61.787000	166.780000	-4.631500	6.008400	1
61.806000	166.860000	-4.631000	6.008600	1
61.826000	166.940000	-5.320600	6.009100	1
61.845000	167.030000	-5.660400	6.009300	1
61.864000	167.110000	-4.632300	6.009500	1
61.884000	167.200000	-3.601500	6.009900	1
61.903000	167.280000	-3.604800	6.009600	1
61.922000	167.360000	-3.250700	6.009400	1
61.941000	167.450000	-5.659800	6.010500	1
61.960000	167.530000	-4.286100	6.009600	1
61.979000	167.620000	-3.599300	6.009700	1
61.998000	167.700000	-3.598800	6.009900	1
62.017000	167.780000	-1.538400	6.009800	1
62.036000	167.870000	-0.508090	6.009500	1
62.055000	167.950000	-0.507410	6.010000	1
62.074000	168.040000	-3.247500	6.009500	1
62.092000	168.120000	0.175760	6.009700	1
62.111000	168.210000	0.866220	6.009900	1
62.130000	168.290000	0.180210	6.009800	1
62.148000	168.380000	-0.159740	6.009600	1
62.167000	168.460000	-1.193300	6.010100	1
62.185000	168.550000	-2.570400	6.009300	1
62.203000	168.630000	-0.510160	6.010100	1
62.222000	168.720000	-3.249300	6.009800	1
62.240000	168.810000	-4.969700	6.009200	1
62.258000	168.890000	-4.969100	6.010000	1
62.276000	168.980000	-4.969000	6.010100	1
62.294000	169.060000	-3.256600	6.009400	1
62.312000	169.150000	-4.980100	6.010000	1
62.330000	169.240000	-5.330500	6.009600	1
62.348000	169.320000	-5.674500	6.009200	1
62.366000	169.410000	-4.304100	6.009700	1
62.013000	168.000000	-5.266600	6.761800	1
62.032000	168.080000	-0.108610	6.761300	1
62.050000	168.160000	-0.108170	6.761500	1
62.069000	168.250000	0.924870	6.761600	1
62.088000	168.330000	-1.828700	6.761600	1
62.106000	168.420000	-5.268800	6.761400	1
62.124000	168.500000	-1.480800	6.761900	1
62.143000	168.590000	0.924780	6.761100	1
62.161000	168.680000	0.574860	6.761900	1
62.179000	168.760000	-2.178000	6.761600	1
62.198000	168.850000	-1.148200	6.761000	1
62.216000	168.930000	-1.151400	6.761800	1
62.234000	169.020000	-4.241500	6.761900	1
62.252000	169.100000	-3.894400	6.761200	1
62.270000	169.190000	-3.894000	6.761800	1
62.288000	169.280000	-4.241900	6.761400	1
62.306000	169.360000	-5.969700	6.761000	1
62.324000	169.450000	-4.585600	6.761500	1
62.045000	168.380000	-4.068300	7.521100	1
62.063000	168.460000	-7.509200	7.520800	1
62.082000	168.550000	-3.736000	7.521400	1
62.100000	168.630000	-8.558900	7.520500	1
62.118000	168.720000	-5.105200	7.521300	1
62.137000	168.800000	-3.398900	7.521100	1
62.155000	168.890000	-6.145700	7.520400	1
62.173000	168.970000	-3.048600	7.521100	1
62.191000	169.060000	-7.519100	7.521400	1
62.209000	169.150000	-6.836900	7.520600	1
62.227000	169.230000	-5.458800	7.521300	1
62.245000	169.320000	-9.930200	7.520900	1
62.263000	169.400000	-6.825800	7.520400	1
62.281000	169.490000	-2.026200	7.520900	1
61.834000	167.660000	-3.014400	8.274200	1
61.853000	167.740000	-5.764500	8.274100	1
61.872000	167.830000	-1.644800	8.274300	1
61.891000	167.910000	-3.368300	8.274200	1
61.909000	168.000000	-3.020500	8.273900	1
61.928000	168.080000	1.450300	8.274400	1
61.947000	168.160000	-3.356100	8.273900	1
61.965000	168.250000	-1.635500	8.274000	1
61.984000	168.330000	-0.944980	8.274200	1
62.002000	168.420000	-2.668800	8.274300	1
62.021000	168.500000	-3.019200	8.273900	1
62.039000	168.590000	-5.423300	8.274600	1
62.058000	168.670000	-4.396200	8.273700	1
62.076000	168.760000	-5.772200	8.274500	1
62.094000	168.840000	-8.869100	8.274300	1
62.112000	168.930000	-4.048400	8.273600	1
62.130000	169.010000	-7.484700	8.274300	1
62.148000	169.100000	-4.391600	8.274600	1
62.166000	169.190000	-6.123600	8.273900	1
62.184000	169.270000	-7.496000	8.274500	1
62.202000	169.360000	-7.159900	8.274100	1
62.220000	169.440000	-5.085900	8.273700	1
62.238000	169.530000	-4.066900	8.274100	1
61.959000	168.460000	-2.926700	9.033000	1
61.978000	168.540000	-5.675900	9.032600	1
61.996000	168.630000	-6.023000	9.033300	1
62.015000	168.710000	-7.736200	9.032400	1
62.033000	168.800000	-7.406900	9.033200	1
62.051000	168.880000	-5.342600	9.033100	1
62.069000	168.970000	-7.399500	9.032400	1
62.087000	169.060000	-7.049100	9.033000	1
62.105000	169.140000	-6.716400	9.033400	1
62.123000	169.230000	-7.395600	9.032600	1
62.141000	169.310000	-8.437000	9.033200	1
62.159000	169.400000	-6.380300	9.032900	1
62.177000	169.480000	-6.026700	9.032400	1
62.194000	169.570000	-5.357600	9.032900	1
61.824000	168.080000	-6.011400	9.786700	1
61.842000	168.160000	-7.725600	9.787200	1
61.861000	168.250000	-3.945000	9.786800	1
61.880000	168.330000	-6.030600	9.786800	1
61.898000	168.420000	-9.460100	9.787100	1
61.916000	168.500000	-8.440600	9.787100	1
61.935000	168.590000	-6.364900	9.786700	1
61.953000	168.670000	-6.360600	9.787500	1
61.972000	168.760000	-5.670700	9.786500	1
61.990000	168.840000	-6.715700	9.787400	1
62.008000	168.930000	-4.655200	9.787300	1
62.026000	169.010000	-4.315400	9.786500	1
62.044000	169.100000	-6.035400	9.787100	1
62.062000	169.180000	-5.001100	9.787600	1
62.080000	169.270000	-5.689200	9.786700	1
62.098000	169.350000	-4.311100	9.787400	1
62.116000	169.440000	-7.073200	9.787000	1
62.133000	169.520000	-4.311400	9.786500	1
62.151000	169.610000	-5.001200	9.787000	1
61.873000	168.540000	-3.215100	10.545000	1
61.892000	168.630000	-3.905200	10.544000	1
61.910000	168.710000	-6.659200	10.545000	1
61.928000	168.800000	-6.667100	10.544000	1
61.946000	168.880000	-7.681600	10.545000	1
61.964000	168.970000	-7.689200	10.545000	1
61.983000	169.050000	-3.912300	10.544000	1
62.001000	169.140000	-7.700500	10.545000	1
62.018000	169.220000	-8.742200	10.545000	1
62.036000	169.310000	-8.398500	10.544000	1
62.054000	169.390000	-5.643500	10.545000	1
62.072000	169.480000	-6.316500	10.545000	1
62.090000	169.570000	-7.354700	10.544000	1
62.107000	169.650000	-8.743200	10.545000	1
61.625000	167.660000	0.131710	11.296000	1
61.644000	167.750000	-3.988400	11.297000	1
61.662000	167.830000	-3.298400	11.297000	1
61.681000	167.910000	-0.889260	11.297000	1
61.700000	168.000000	0.141330	11.297000	1
61.719000	168.080000	-2.258500	11.297000	1
61.737000	168.160000	-3.989900	11.297000	1
61.756000	168.250000	-5.358300	11.297000	1
61.775000	168.330000	-6.388300	11.297000	1
61.793000	168.420000	-5.365400	11.297000	1
61.812000	168.500000	-3.988400	11.297000	1
61.830000	168.580000	-2.958100	11.297000	1
61.848000	168.670000	-1.924300	11.297000	1
61.867000	168.750000	-5.360600	11.297000	1
61.885000	168.840000	-5.700900	11.297000	1
61.903000	168.920000	-8.443900	11.297000	1
61.921000	169.010000	-8.783800	11.297000	1
61.939000	169.090000	-8.107500	11.297000	1
61.957000	169.180000	-7.421100	11.297000	1
61.975000	169.260000	-7.424900	11.298000	1
61.993000	169.350000	-9.150100	11.297000	1
62.011000	169.430000	-6.391500	11.297000	1
62.029000	169.520000	-7.439600	11.297000	1
62.046000	169.610000	-6.394200	11.297000	1
62.064000	169.690000	-5.378800	11.297000	1
61.581000	167.700000	-6.451300	12.051000	1
61.600000	167.790000	-5.087700	12.052000	1
61.619000	167.870000	-0.270550	12.052000	1
61.638000	167.950000	-0.960350	12.052000	1
61.657000	168.040000	-3.381500	12.052000	1
61.675000	168.120000	-3.713600	12.052000	1
61.694000	168.210000	-3.023300	12.051000	1
61.713000	168.290000	-3.705300	12.052000	1
61.731000	168.370000	-4.731500	12.052000	1
61.750000	168.460000	-5.428900	12.052000	1
61.768000	168.540000	-4.054400	12.052000	1
61.786000	168.630000	-5.424700	12.052000	1
61.805000	168.710000	-5.443700	12.051000	1
61.823000	168.800000	-4.069300	12.052000	1
61.841000	168.880000	-2.689700	12.051000	1
61.859000	168.960000	-4.058600	12.052000	1
61.877000	169.050000	-6.115500	12.052000	1
61.895000	169.130000	-7.144800	12.051000	1
61.913000	169.220000	-6.798200	12.052000	1
61.931000	169.300000	-8.518500	12.052000	1
61.949000	169.390000	-7.155900	12.052000	1
61.967000	169.470000	-5.098700	12.052000	1
61.985000	169.560000	-6.125200	12.052000	1
62.002000	169.650000	-6.801500	12.051000	1
62.020000	169.730000	-7.155300	12.052000	1
61.174000	167.590000	-7.173700	17.358000	1
61.193000	167.680000	-6.494400	17.358000	1
61.212000	167.760000	-3.059200	17.358000	1
61.231000	167.840000	-4.422000	17.359000	1
61.250000	167.920000	0.375630	17.359000	1
61.269000	168.010000	-3.408400	17.358000	1
61.287000	168.090000	-4.087000	17.359000	1
61.306000	168.170000	-5.460800	17.359000	1
61.325000	168.250000	-6.158300	17.359000	1
61.343000	168.340000	-5.806400	17.359000	1
61.362000	168.420000	-5.467100	17.359000	1
61.380000	168.500000	-6.851200	17.359000	1
61.399000	168.590000	-5.805500	17.359000	1
61.417000	168.670000	-3.727200	17.359000	1
61.435000	168.750000	-6.508200	17.359000	1
61.453000	168.840000	-6.493000	17.359000	1
61.472000	168.920000	-6.500200	17.359000	1
61.490000	169.000000	-9.928100	17.358000	1
61.508000	169.090000	-8.549000	17.359000	1
61.526000	169.170000	-8.900600	17.359000	1
61.544000	169.250000	-6.861900	17.359000	1
61.562000	169.340000	-7.191000	17.359000	1
61.579000	169.420000	-6.159100	17.359000	1
61.597000	169.510000	-6.857100	17.359000	1
61.615000	169.590000	-7.864600	17.360000	1
61.633000	169.680000	-7.864500	17.359000	1
61.650000	169.760000	-6.472100	17.359000	1
61.668000	169.850000	-4.440900	17.359000	1
61.685000	169.930000	-4.773400	17.359000	1
61.703000	170.010000	-6.486600	17.359000	1
61.166000	167.800000	-4.217600	18.118000	1
61.185000	167.880000	-3.850800	18.119000	1
61.204000	167.970000	-3.880000	18.119000	1
61.223000	168.050000	-7.628100	18.118000	1
61.241000	168.130000	-3.163100	18.119000	1
61.260000	168.210000	-7.295600	18.119000	1
61.278000	168.300000	-5.577500	18.119000	1
61.297000	168.380000	-4.537300	18.119000	1
61.315000	168.460000	-4.561800	18.119000	1
61.334000	168.540000	-3.183900	18.119000	1
61.352000	168.630000	-5.923400	18.119000	1
61.371000	168.710000	-4.199000	18.119000	1
61.389000	168.790000	-6.245000	18.119000	1
61.407000	168.880000	-4.874300	18.119000	1
61.425000	168.960000	-6.598500	18.119000	1
61.443000	169.050000	-10.726000	18.119000	1
61.461000	169.130000	-6.938200	18.120000	1
61.479000	169.210000	-4.209200	18.119000	1
61.497000	169.300000	-6.952500	18.119000	1
61.515000	169.380000	-5.227700	18.120000	1
61.533000	169.460000	-4.902500	18.119000	1
61.551000	169.550000	-6.615500	18.119000	1
61.568000	169.630000	-8.668800	18.120000	1
61.586000	169.720000	-5.917200	18.119000	1
61.603000	169.800000	-3.177500	18.119000	1
61.621000	169.890000	-6.626500	18.119000	1
61.638000	169.970000	-7.314400	18.119000	1
61.656000	170.060000	-9.721700	18.119000	1