La	Lo	Sig	Theta	Ice
53.254000	136.040000	-0.820760	-1.540600	1
53.221000	136.090000	2.269200	-1.540600	1
53.189000	136.140000	-3.234100	-1.540600	1
53.157000	136.190000	-7.701600	-1.540600	1
53.124000	136.240000	-1.851500	-1.540600	1
53.092000	136.290000	1.238300	-1.540500	1
53.060000	136.340000	-0.131810	-1.540600	1
53.027000	136.390000	1.578000	-1.540600	1
52.995000	136.440000	-3.232400	-1.540500	1
52.962000	136.480000	-1.852500	-1.540600	1
52.930000	136.530000	-4.265800	-1.540500	1
52.897000	136.580000	-8.383100	-1.540500	1
52.865000	136.630000	-6.663100	-1.540600	1
52.832000	136.680000	2.609900	-1.540500	1
52.799000	136.730000	1.239700	-1.540600	1
52.767000	136.780000	-3.923600	-1.540500	1
52.734000	136.830000	-3.573800	-1.540500	1
53.124000	136.130000	3.986300	-0.792180	1
53.092000	136.180000	-4.614000	-0.792230	1
53.059000	136.230000	8.455900	-0.792130	1
53.027000	136.280000	-3.924400	-0.792230	1
52.994000	136.330000	-1.524500	-0.792190	1
52.962000	136.380000	-2.204800	-0.792120	1
52.930000	136.430000	1.575100	-0.792200	1
52.897000	136.480000	7.764900	-0.792130	1
52.865000	136.530000	2.604600	-0.792090	1
52.832000	136.580000	1.914500	-0.792240	1
52.800000	136.630000	6.394200	-0.792070	1
52.767000	136.680000	7.764100	-0.792180	1
52.734000	136.730000	-1.523000	-0.792150	1
52.702000	136.770000	-4.276000	-0.792090	1
53.091000	136.080000	13.106000	0.117710	1
53.059000	136.130000	10.706000	0.118190	1
53.027000	136.180000	11.046000	0.117840	1
52.994000	136.230000	-2.024400	0.117850	1
52.962000	136.280000	6.235500	0.118130	1
52.929000	136.330000	2.785200	0.117640	1
52.897000	136.380000	5.545000	0.117930	1
52.865000	136.430000	15.518000	0.117900	1
52.832000	136.480000	19.298000	0.117680	1
52.800000	136.530000	18.958000	0.118090	1
52.767000	136.570000	16.547000	0.117660	1
52.734000	136.620000	17.237000	0.117710	1
52.702000	136.670000	4.507000	0.117990	1
52.669000	136.720000	-3.056000	0.117560	1
52.637000	136.770000	-6.151600	0.117870	1
53.090000	135.980000	5.652200	0.732690	1
53.058000	136.030000	7.372000	0.732570	1
53.026000	136.080000	8.751900	0.732680	1
52.994000	136.130000	0.841660	0.732690	1
52.961000	136.180000	7.721400	0.732570	1
52.929000	136.230000	6.681300	0.732700	1
52.897000	136.270000	6.681000	0.732620	1
52.864000	136.320000	6.340800	0.732630	1
52.832000	136.370000	12.191000	0.732680	1
52.799000	136.420000	9.780400	0.732650	1
52.767000	136.470000	13.570000	0.732640	1
52.734000	136.520000	11.500000	0.732670	1
52.702000	136.570000	11.503000	0.732560	1
52.669000	136.620000	8.752800	0.732680	1
52.637000	136.670000	-4.660300	0.732610	1
52.604000	136.720000	-7.413400	0.732610	1
52.896000	136.170000	-7.723800	1.487500	1
52.864000	136.220000	-6.681100	1.487400	1
52.831000	136.270000	-0.838100	1.487400	1
52.799000	136.320000	1.564900	1.487400	1
52.766000	136.370000	7.411800	1.487400	1
52.734000	136.420000	3.634500	1.487400	1
52.701000	136.470000	2.944300	1.487500	1
52.669000	136.520000	5.691100	1.487300	1
52.637000	136.560000	5.691000	1.487400	1
52.604000	136.610000	2.253600	1.487400	1
52.571000	136.660000	-5.649800	1.487400	1
52.539000	136.710000	-6.682900	1.487500	1
52.506000	136.760000	-6.000200	1.487400	1
52.474000	136.810000	5.339900	1.487400	1
52.441000	136.860000	6.719700	1.487400	1
52.408000	136.900000	1.559400	1.487400	1
52.376000	136.950000	-5.651000	1.487400	1
52.896000	136.070000	0.420240	2.236200	1
52.863000	136.120000	-8.180300	2.236300	1
52.831000	136.170000	-7.490500	2.236200	1
52.799000	136.220000	-2.677200	2.236200	1
52.766000	136.270000	1.452700	2.236300	1
52.734000	136.320000	-0.957610	2.236200	1
52.701000	136.360000	0.072167	2.236200	1
52.669000	136.410000	0.071988	2.236300	1
52.637000	136.460000	-0.958350	2.236200	1
52.604000	136.510000	0.421530	2.236200	1
52.572000	136.560000	-0.268700	2.236200	1
52.539000	136.610000	-6.112300	2.236200	1
52.506000	136.660000	-7.489500	2.236300	1
52.474000	136.710000	-0.616220	2.236200	1
52.441000	136.750000	6.260500	2.236200	1
52.409000	136.800000	-0.269760	2.236200	1
52.376000	136.850000	-3.710000	2.236200	1
52.343000	136.900000	-7.150400	2.236200	1
52.766000	136.160000	-4.804000	2.992200	1
52.733000	136.210000	-2.054000	2.992200	1
52.701000	136.260000	-3.084300	2.992200	1
52.669000	136.310000	-3.084500	2.992200	1
52.636000	136.360000	-2.744700	2.992200	1
52.604000	136.410000	-3.425000	2.992100	1
52.571000	136.460000	-2.395100	2.992200	1
52.539000	136.510000	-1.705400	2.992200	1
52.506000	136.560000	-6.865900	2.992100	1
52.474000	136.600000	1.384300	2.992200	1
52.441000	136.650000	1.043900	2.992100	1
52.409000	136.700000	-1.706300	2.992200	1
52.376000	136.750000	-2.053200	2.992100	1
52.343000	136.800000	-6.867000	2.992100	1
52.311000	136.850000	-7.557300	2.992200	1
52.278000	136.890000	-7.207500	2.992100	1
52.701000	136.160000	-4.838100	3.746900	1
52.668000	136.210000	-4.158300	3.746900	1
52.636000	136.260000	-2.438400	3.746900	1
52.604000	136.310000	-1.058600	3.746900	1
52.571000	136.360000	-4.839100	3.746800	1
52.539000	136.400000	-4.159200	3.746900	1
52.506000	136.450000	-1.412800	3.746900	1
52.474000	136.500000	0.653750	3.746800	1
52.441000	136.550000	1.003600	3.746900	1
52.409000	136.600000	-2.436700	3.746800	1
52.376000	136.650000	-4.837000	3.746900	1
52.344000	136.700000	-0.380540	3.746800	1
52.311000	136.740000	-2.777300	3.746800	1
52.278000	136.790000	-6.221300	3.746900	1
52.246000	136.840000	-7.251700	3.746800	1