La	Lo	Sig	Theta	Ice
63.824000	167.560000	-5.857000	-18.180000	1
63.806000	167.660000	-9.299400	-18.179000	1
63.787000	167.750000	-8.264900	-18.180000	1
63.769000	167.840000	-8.265300	-18.179000	1
63.750000	167.930000	-7.926100	-18.180000	1
63.731000	168.020000	-9.292800	-18.179000	1
63.713000	168.110000	-7.582400	-18.180000	1
63.694000	168.190000	-6.205600	-18.179000	1
63.675000	168.280000	-7.593700	-18.180000	1
63.656000	168.370000	-7.579200	-18.179000	1
63.637000	168.460000	-7.221400	-18.180000	1
63.618000	168.550000	-8.610000	-18.179000	1
63.599000	168.640000	-7.229000	-18.180000	1
63.580000	168.730000	-7.244000	-18.179000	1
63.560000	168.820000	-7.916000	-18.180000	1
63.541000	168.910000	-5.183200	-18.179000	1
63.522000	169.000000	-6.549000	-18.180000	1
63.502000	169.080000	-4.489500	-18.179000	1
63.483000	169.170000	-4.489300	-18.180000	1
63.463000	169.260000	-6.553100	-18.179000	1
63.444000	169.350000	-6.886000	-18.179000	1
63.424000	169.440000	-7.591700	-18.179000	1
63.404000	169.520000	-8.607300	-18.179000	1
63.385000	169.610000	-8.948100	-18.179000	1
63.365000	169.700000	-8.626600	-18.179000	1
63.345000	169.790000	-8.286000	-18.180000	1
63.325000	169.870000	-5.519900	-18.179000	1
63.305000	169.960000	-5.188200	-18.180000	1
65.962000	150.420000	-6.462300	-17.421000	1
65.956000	150.530000	-5.789100	-17.421000	1
65.949000	150.630000	-5.785400	-17.421000	1
65.942000	150.740000	-6.140300	-17.421000	1
65.936000	150.840000	-5.435000	-17.422000	1
65.929000	150.950000	-4.744900	-17.422000	1
65.922000	151.060000	-4.400800	-17.422000	1
65.915000	151.160000	-4.404800	-17.421000	1
65.908000	151.270000	-5.785400	-17.421000	1
65.901000	151.380000	-5.785500	-17.421000	1
65.893000	151.480000	-5.099000	-17.421000	1
65.886000	151.590000	-5.446300	-17.421000	1
65.879000	151.690000	-5.450100	-17.421000	1
65.871000	151.800000	-6.480700	-17.420000	1
65.864000	151.910000	-6.476700	-17.421000	1
65.856000	152.010000	-7.861900	-17.420000	1
63.777000	167.520000	-6.128100	-17.422000	1
63.759000	167.610000	-6.146900	-17.422000	1
63.740000	167.700000	-7.875300	-17.422000	1
63.722000	167.790000	-9.227900	-17.422000	1
63.703000	167.880000	-8.884300	-17.422000	1
63.684000	167.970000	-7.514400	-17.422000	1
63.666000	168.060000	-5.449600	-17.422000	1
63.647000	168.150000	-6.136800	-17.421000	1
63.628000	168.240000	-6.476500	-17.422000	1
63.609000	168.330000	-6.129300	-17.421000	1
63.590000	168.420000	-6.136600	-17.422000	1
63.571000	168.510000	-7.167400	-17.421000	1
63.552000	168.600000	-6.129300	-17.422000	1
63.533000	168.690000	-7.171700	-17.421000	1
63.514000	168.770000	-8.548800	-17.422000	1
63.494000	168.860000	-4.424300	-17.421000	1
63.475000	168.950000	-4.084100	-17.422000	1
63.456000	169.040000	-5.451200	-17.421000	1
63.436000	169.130000	-7.160800	-17.422000	1
63.417000	169.220000	-7.172300	-17.422000	1
63.397000	169.300000	-8.546100	-17.422000	1
63.378000	169.390000	-7.505500	-17.422000	1
63.358000	169.480000	-8.210700	-17.422000	1
63.338000	169.570000	-7.863300	-17.422000	1
63.318000	169.650000	-9.238400	-17.422000	1
63.299000	169.740000	-9.234300	-17.422000	1
63.279000	169.830000	-8.558000	-17.422000	1
63.259000	169.920000	-8.539200	-17.422000	1
65.918000	150.300000	-6.777600	-16.659000	1
65.912000	150.410000	-5.403600	-16.658000	1
65.905000	150.510000	-6.086300	-16.658000	1
65.899000	150.620000	-4.380600	-16.658000	1
65.892000	150.720000	-4.369400	-16.659000	1
65.885000	150.830000	-5.056900	-16.659000	1
65.878000	150.940000	-4.713100	-16.659000	1
65.872000	151.040000	-5.064300	-16.660000	1
65.865000	151.150000	-6.093700	-16.659000	1
65.858000	151.260000	-6.778000	-16.659000	1
65.850000	151.360000	-6.101100	-16.659000	1
65.843000	151.470000	-5.747400	-16.658000	1
65.836000	151.570000	-5.049600	-16.659000	1
65.829000	151.680000	-4.023000	-16.658000	1
65.821000	151.780000	-6.437800	-16.658000	1
65.814000	151.890000	-7.146600	-16.659000	1
65.806000	152.000000	-6.441700	-16.657000	1
65.798000	152.100000	-6.112600	-16.658000	1
63.693000	167.660000	-5.750300	-16.660000	1
63.675000	167.750000	-5.406700	-16.659000	1
63.656000	167.840000	-5.750600	-16.660000	1
63.638000	167.930000	-5.758200	-16.659000	1
63.619000	168.020000	-5.747100	-16.660000	1
63.600000	168.110000	-7.131900	-16.659000	1
63.581000	168.200000	-6.433700	-16.660000	1
63.562000	168.290000	-5.743600	-16.659000	1
63.544000	168.370000	-7.132000	-16.660000	1
63.524000	168.460000	-8.166300	-16.659000	1
63.505000	168.550000	-7.475700	-16.660000	1
63.486000	168.640000	-6.793200	-16.659000	1
63.467000	168.730000	-4.728500	-16.660000	1
63.448000	168.820000	-5.744100	-16.659000	1
63.429000	168.910000	-4.721100	-16.660000	1
63.409000	168.990000	-6.449600	-16.659000	1
63.390000	169.080000	-6.449500	-16.660000	1
63.370000	169.170000	-7.824500	-16.659000	1
63.351000	169.260000	-8.861400	-16.659000	1
63.331000	169.350000	-8.861700	-16.659000	1
63.312000	169.430000	-9.194200	-16.659000	1
63.292000	169.520000	-9.198300	-16.659000	1
63.272000	169.610000	-9.194800	-16.659000	1
63.252000	169.700000	-10.578000	-16.659000	1
63.232000	169.780000	-10.227000	-16.659000	1
63.213000	169.870000	-7.478200	-16.659000	1
65.856000	150.500000	-5.271300	-15.901000	1
65.849000	150.600000	-6.651800	-15.900000	1
65.842000	150.710000	-5.610000	-15.901000	1
65.836000	150.820000	-4.590800	-15.901000	1
65.829000	150.920000	-5.613700	-15.901000	1
65.822000	151.030000	-4.919500	-15.902000	1
65.815000	151.130000	-4.237000	-15.901000	1
65.808000	151.240000	-4.587200	-15.901000	1
65.801000	151.350000	-4.590800	-15.901000	1
65.794000	151.450000	-5.957900	-15.900000	1
65.786000	151.560000	-4.927100	-15.901000	1
65.779000	151.660000	-5.954000	-15.900000	1
65.772000	151.770000	-5.628900	-15.900000	1
65.764000	151.870000	-5.621300	-15.901000	1
65.757000	151.980000	-6.311900	-15.899000	1
65.749000	152.080000	-3.919700	-15.900000	1
65.741000	152.190000	-4.942400	-15.900000	1
65.733000	152.290000	-5.621900	-15.898000	1
65.726000	152.400000	-5.297500	-15.900000	1
65.806000	150.480000	-5.199500	-15.145000	1
65.800000	150.590000	-4.509300	-15.144000	1
65.793000	150.700000	-4.859400	-15.145000	1
65.786000	150.800000	-5.539500	-15.145000	1
65.780000	150.910000	-4.512900	-15.145000	1
65.773000	151.010000	-4.165100	-15.146000	1
65.766000	151.120000	-5.199300	-15.145000	1
65.759000	151.230000	-4.505400	-15.145000	1
65.752000	151.330000	-4.165300	-15.145000	1
65.745000	151.440000	-5.199600	-15.144000	1
65.737000	151.540000	-4.513000	-15.145000	1
65.730000	151.650000	-5.893400	-15.144000	1
65.723000	151.750000	-5.893700	-15.144000	1
65.715000	151.860000	-5.547100	-15.145000	1
65.707000	151.960000	-4.528500	-15.143000	1
65.700000	152.070000	-4.867100	-15.144000	1
65.692000	152.170000	-5.897300	-15.144000	1
65.684000	152.280000	-4.871200	-15.142000	1
65.677000	152.380000	-3.490500	-15.144000	1
65.669000	152.490000	-5.905100	-15.143000	1
63.638000	167.390000	-9.346300	-15.146000	1
63.620000	167.480000	-8.655800	-15.146000	1
63.601000	167.570000	-8.652200	-15.146000	1
63.583000	167.660000	-7.958200	-15.145000	1
63.564000	167.750000	-7.965700	-15.146000	1
63.546000	167.840000	-7.625700	-15.145000	1
63.527000	167.930000	-6.237600	-15.146000	1
63.508000	168.020000	-6.249300	-15.145000	1
63.490000	168.110000	-6.252600	-15.146000	1
63.471000	168.200000	-6.591900	-15.145000	1
63.452000	168.290000	-5.897600	-15.146000	1
63.433000	168.380000	-6.245700	-15.145000	1
63.414000	168.470000	-6.587900	-15.146000	1
63.395000	168.550000	-6.924800	-15.145000	1
63.376000	168.640000	-8.302700	-15.146000	1
63.356000	168.730000	-6.932300	-15.145000	1
63.337000	168.820000	-5.211700	-15.146000	1
63.318000	168.910000	-7.970800	-15.145000	1
63.299000	168.990000	-8.310600	-15.146000	1
63.279000	169.080000	-7.963700	-15.145000	1
63.260000	169.170000	-7.634500	-15.145000	1
63.240000	169.260000	-6.239000	-15.145000	1
63.221000	169.340000	-7.280900	-15.146000	1
63.201000	169.430000	-8.995200	-15.145000	1
63.181000	169.520000	-7.628300	-15.146000	1
63.162000	169.610000	-8.316000	-15.145000	1
63.142000	169.690000	-7.972400	-15.145000	1
63.122000	169.780000	-7.968500	-15.146000	1
65.771000	150.260000	-5.501600	-14.391000	1
65.764000	150.370000	-5.161800	-14.391000	1
65.758000	150.470000	-6.184600	-14.391000	1
65.751000	150.580000	-5.842000	-14.390000	1
65.744000	150.680000	-4.804100	-14.391000	1
65.738000	150.790000	-6.195500	-14.391000	1
65.731000	150.890000	-2.060900	-14.391000	1
65.724000	151.000000	-2.410800	-14.392000	1
65.717000	151.110000	-5.154100	-14.391000	1
65.710000	151.210000	-4.815300	-14.391000	1
65.703000	151.320000	-5.501700	-14.391000	1
65.696000	151.420000	-5.158000	-14.390000	1
65.689000	151.530000	-5.841800	-14.391000	1
65.681000	151.630000	-5.161700	-14.390000	1
65.674000	151.740000	-5.158100	-14.390000	1
63.331000	168.600000	-6.200300	-14.392000	1
63.311000	168.690000	-6.544800	-14.391000	1
63.292000	168.780000	-4.823800	-14.392000	1
63.273000	168.860000	-7.586700	-14.391000	1
63.254000	168.950000	-9.300200	-14.392000	1
63.234000	169.040000	-9.296700	-14.391000	1
63.215000	169.130000	-7.575600	-14.391000	1
63.195000	169.210000	-8.254800	-14.391000	1
63.176000	169.300000	-7.933600	-14.392000	1
63.156000	169.390000	-8.274300	-14.391000	1
63.136000	169.470000	-8.606700	-14.392000	1
63.117000	169.560000	-8.270500	-14.391000	1
63.097000	169.650000	-7.930200	-14.391000	1
63.077000	169.730000	-6.549700	-14.391000	1
65.907000	146.200000	-8.570500	-13.634000	1
65.904000	146.300000	-7.910200	-13.634000	1
65.900000	146.410000	-5.494200	-13.634000	1
65.897000	146.520000	-5.155500	-13.634000	1
65.893000	146.630000	-5.151500	-13.634000	1
65.889000	146.730000	-4.803600	-13.634000	1
65.885000	146.840000	-3.083200	-13.634000	1
65.882000	146.950000	-2.747000	-13.634000	1
65.878000	147.050000	-6.189000	-13.634000	1
65.873000	147.160000	-4.474700	-13.634000	1
65.869000	147.270000	-6.527600	-13.634000	1
65.865000	147.380000	-7.210100	-13.634000	1
65.861000	147.480000	-9.615400	-13.634000	1
65.734000	150.040000	-5.461800	-13.634000	1
65.728000	150.140000	-5.104300	-13.634000	1
65.722000	150.250000	-5.115600	-13.634000	1
65.715000	150.350000	-6.138500	-13.633000	1
65.709000	150.460000	-5.100800	-13.633000	1
65.702000	150.560000	-3.741700	-13.633000	1
65.696000	150.670000	-4.428100	-13.633000	1
65.689000	150.770000	-5.115500	-13.634000	1
65.682000	150.880000	-4.764200	-13.634000	1
65.676000	150.990000	-4.771600	-13.634000	1
65.669000	151.090000	-4.074000	-13.634000	1
65.662000	151.200000	-4.760500	-13.633000	1
65.654000	151.300000	-4.764200	-13.634000	1
65.647000	151.410000	-6.134900	-13.633000	1
65.640000	151.510000	-5.802100	-13.633000	1
65.633000	151.620000	-5.809700	-13.633000	1
65.625000	151.720000	-5.798600	-13.632000	1
65.618000	151.830000	-7.182700	-13.633000	1
65.610000	151.930000	-5.123600	-13.632000	1
65.603000	152.040000	-4.783500	-13.632000	1
65.595000	152.140000	-6.153600	-13.632000	1
63.674000	166.680000	-4.783100	-13.634000	1
63.656000	166.770000	-6.503600	-13.634000	1
63.638000	166.860000	-4.085400	-13.634000	1
63.620000	166.950000	-4.443000	-13.634000	1
63.602000	167.040000	-7.178800	-13.634000	1
63.584000	167.130000	-8.228300	-13.634000	1
63.565000	167.220000	-6.847700	-13.634000	1
63.547000	167.310000	-7.190200	-13.634000	1
63.529000	167.400000	-6.503900	-13.634000	1
63.511000	167.490000	-7.530700	-13.634000	1
63.492000	167.580000	-5.810200	-13.634000	1
63.474000	167.670000	-6.829000	-13.634000	1
63.455000	167.760000	-5.470100	-13.634000	1
63.436000	167.850000	-5.810300	-13.634000	1
63.418000	167.940000	-4.436400	-13.634000	1
63.399000	168.030000	-5.112500	-13.635000	1
63.380000	168.110000	-5.459300	-13.633000	1
63.361000	168.200000	-5.116500	-13.634000	1
63.343000	168.290000	-6.833800	-13.633000	1
63.324000	168.380000	-7.520000	-13.634000	1
63.305000	168.470000	-7.875500	-13.633000	1
63.286000	168.560000	-7.531500	-13.634000	1
63.266000	168.640000	-7.187700	-13.633000	1
63.247000	168.730000	-4.098000	-13.634000	1
63.228000	168.820000	-8.230100	-13.633000	1
63.209000	168.910000	-8.906400	-13.635000	1
63.189000	169.000000	-7.536100	-13.634000	1
63.170000	169.080000	-8.555200	-13.634000	1
63.150000	169.170000	-8.219100	-13.634000	1
63.131000	169.260000	-8.222700	-13.634000	1
63.111000	169.340000	-7.873200	-13.634000	1
63.092000	169.430000	-7.196300	-13.634000	1
63.072000	169.520000	-3.763000	-13.634000	1
63.052000	169.600000	-4.099500	-13.634000	1
63.032000	169.690000	-4.099500	-13.634000	1
65.686000	150.020000	-5.313800	-12.875000	1
65.680000	150.130000	-5.664000	-12.875000	1
65.673000	150.230000	-4.970000	-12.875000	1
65.667000	150.340000	-5.317800	-12.874000	1
65.660000	150.440000	-4.637800	-12.874000	1
65.654000	150.550000	-5.314100	-12.874000	1
65.647000	150.660000	-5.317800	-12.874000	1
65.641000	150.760000	-5.317600	-12.874000	1
65.634000	150.870000	-4.981400	-12.874000	1
65.627000	150.970000	-4.637300	-12.875000	1
65.620000	151.080000	-5.667700	-12.874000	1
65.613000	151.180000	-3.603500	-12.874000	1
65.606000	151.290000	-5.656400	-12.874000	1
65.599000	151.390000	-4.974100	-12.874000	1
65.592000	151.500000	-4.637600	-12.874000	1
65.584000	151.600000	-3.603700	-12.874000	1
65.577000	151.710000	-4.287700	-12.873000	1
65.570000	151.810000	-5.667800	-12.874000	1
65.562000	151.910000	-7.046100	-12.873000	1
63.279000	168.340000	-7.393600	-12.875000	1
63.260000	168.430000	-7.036700	-12.874000	1
63.241000	168.510000	-7.394200	-12.875000	1
63.222000	168.600000	-7.051900	-12.874000	1
63.202000	168.690000	-4.987300	-12.875000	1
63.183000	168.780000	-7.056100	-12.874000	1
63.164000	168.860000	-8.769100	-12.875000	1
63.145000	168.950000	-8.777200	-12.874000	1
63.125000	169.040000	-6.708300	-12.875000	1
63.106000	169.130000	-7.395300	-12.875000	1
63.086000	169.210000	-6.708700	-12.875000	1
63.067000	169.300000	-6.359000	-12.874000	1
63.047000	169.390000	-5.678600	-12.875000	1
63.027000	169.470000	-6.701600	-12.875000	1
63.008000	169.560000	-7.399700	-12.875000	1
62.988000	169.650000	-6.716900	-12.875000	1
65.806000	146.290000	-6.374200	-12.115000	1
65.803000	146.400000	-4.657400	-12.115000	1
65.799000	146.510000	-5.687900	-12.114000	1
65.796000	146.610000	-7.769900	-12.115000	1
65.792000	146.720000	-5.362500	-12.115000	1
65.788000	146.830000	-5.037600	-12.115000	1
65.784000	146.930000	-3.649800	-12.114000	1
65.780000	147.040000	-5.373800	-12.115000	1
65.776000	147.150000	-6.052700	-12.114000	1
65.772000	147.250000	-7.426700	-12.115000	1
65.768000	147.360000	-7.434100	-12.115000	1
65.764000	147.470000	-6.399900	-12.115000	1
65.631000	150.120000	-4.990400	-12.115000	1
65.625000	150.220000	-5.334100	-12.115000	1
65.619000	150.330000	-4.304200	-12.114000	1
65.612000	150.430000	-4.633000	-12.114000	1
65.606000	150.540000	-5.327000	-12.114000	1
65.599000	150.640000	-4.644100	-12.114000	1
65.592000	150.750000	-5.337900	-12.114000	1
65.586000	150.850000	-4.990300	-12.114000	1
65.579000	150.960000	-3.609900	-12.115000	1
65.572000	151.060000	-5.326500	-12.114000	1
65.565000	151.170000	-4.300300	-12.114000	1
65.558000	151.270000	-4.636400	-12.114000	1
65.551000	151.380000	-3.960400	-12.114000	1
65.543000	151.480000	-5.670600	-12.114000	1
65.536000	151.580000	-5.674400	-12.114000	1
65.529000	151.690000	-5.334500	-12.113000	1
65.521000	151.790000	-4.304000	-12.114000	1
63.583000	166.600000	-6.035900	-12.115000	1
63.565000	166.690000	-6.047000	-12.115000	1
63.547000	166.780000	-6.384000	-12.115000	1
63.529000	166.870000	-4.315900	-12.115000	1
63.511000	166.960000	-5.338500	-12.115000	1
63.493000	167.050000	-5.689900	-12.115000	1
63.475000	167.140000	-6.028800	-12.115000	1
63.457000	167.230000	-5.682400	-12.115000	1
63.439000	167.320000	-4.648300	-12.115000	1
63.420000	167.410000	-7.055300	-12.115000	1
63.402000	167.500000	-6.705400	-12.115000	1
63.384000	167.590000	-6.709200	-12.115000	1
63.365000	167.680000	-6.376700	-12.115000	1
63.346000	167.770000	-4.641200	-12.115000	1
63.328000	167.850000	-4.308900	-12.114000	1
63.309000	167.940000	-4.312500	-12.115000	1
63.290000	168.030000	-6.709900	-12.114000	1
63.272000	168.120000	-4.641500	-12.115000	1
63.253000	168.210000	-4.309300	-12.114000	1
63.234000	168.300000	-6.373300	-12.115000	1
63.215000	168.380000	-6.370200	-12.114000	1
63.196000	168.470000	-5.683400	-12.115000	1
63.177000	168.560000	-4.309700	-12.114000	1
63.158000	168.650000	-5.350900	-12.115000	1
63.139000	168.730000	-7.754900	-12.114000	1
63.119000	168.820000	-6.721600	-12.115000	1
63.100000	168.910000	-7.408800	-12.114000	1
63.081000	169.000000	-7.755000	-12.115000	1
63.061000	169.080000	-4.650600	-12.114000	1
63.042000	169.170000	-2.934000	-12.115000	1
63.022000	169.260000	-5.008500	-12.114000	1
63.003000	169.340000	-5.359900	-12.115000	1
62.983000	169.430000	-4.654700	-12.115000	1
62.963000	169.520000	-9.466800	-12.115000	1
62.944000	169.600000	-8.096100	-12.115000	1
65.590000	150.000000	-5.626200	-11.362000	1
65.584000	150.100000	-3.890900	-11.361000	1
65.577000	150.210000	-4.588400	-11.362000	1
65.571000	150.310000	-4.928700	-11.361000	1
65.564000	150.420000	-5.275100	-11.360000	1
65.558000	150.520000	-5.275100	-11.360000	1
65.551000	150.630000	-5.618900	-11.360000	1
65.545000	150.730000	-4.584700	-11.361000	1
65.538000	150.840000	-5.275000	-11.361000	1
65.531000	150.940000	-5.274800	-11.361000	1
65.524000	151.050000	-3.554500	-11.361000	1
65.517000	151.150000	-5.955100	-11.361000	1
65.510000	151.260000	-2.860700	-11.361000	1
65.503000	151.360000	-4.588800	-11.360000	1
65.496000	151.470000	-5.611400	-11.360000	1
65.489000	151.570000	-5.278900	-11.360000	1
65.481000	151.670000	-6.305500	-11.360000	1
65.474000	151.780000	-3.898500	-11.360000	1
65.466000	151.880000	-5.966800	-11.359000	1
65.459000	151.990000	-5.271500	-11.359000	1
65.451000	152.090000	-4.252500	-11.360000	1
65.443000	152.190000	-2.872800	-11.358000	1
65.436000	152.300000	-2.880100	-11.359000	1
65.428000	152.400000	-6.664900	-11.359000	1
65.420000	152.510000	-5.638700	-11.358000	1
65.412000	152.610000	-6.646000	-11.359000	1
63.358000	167.460000	-4.933300	-11.361000	1
63.339000	167.550000	-5.287100	-11.362000	1
63.321000	167.640000	-5.283500	-11.362000	1
63.302000	167.720000	-3.895700	-11.362000	1
63.284000	167.810000	-5.623900	-11.361000	1
63.265000	167.900000	-4.937200	-11.362000	1
63.246000	167.990000	-4.593900	-11.361000	1
63.228000	168.080000	-4.930000	-11.362000	1
63.209000	168.170000	-4.934300	-11.361000	1
63.190000	168.250000	-6.654300	-11.362000	1
63.171000	168.340000	-4.590500	-11.361000	1
63.152000	168.430000	-4.605300	-11.362000	1
63.133000	168.520000	-3.225600	-11.361000	1
63.114000	168.600000	-6.329700	-11.362000	1
63.095000	168.690000	-7.697000	-11.360000	1
63.075000	168.780000	-6.999000	-11.362000	1
63.056000	168.870000	-8.043700	-11.361000	1
63.037000	168.950000	-8.043500	-11.362000	1
63.017000	169.040000	-3.226400	-11.361000	1
62.998000	169.130000	-4.946600	-11.362000	1
62.978000	169.210000	-4.263100	-11.361000	1
62.959000	169.300000	-3.572800	-11.362000	1
62.939000	169.390000	-4.943300	-11.361000	1
62.920000	169.470000	-4.955200	-11.361000	1
62.900000	169.560000	-6.331900	-11.361000	1
65.714000	146.180000	-6.699800	-10.601000	1
65.711000	146.280000	-7.737600	-10.601000	1
65.707000	146.390000	-7.737700	-10.601000	1
65.703000	146.500000	-7.047600	-10.600000	1
65.700000	146.600000	-3.603000	-10.601000	1
65.696000	146.710000	-4.986800	-10.601000	1
65.692000	146.810000	-6.024500	-10.601000	1
65.688000	146.920000	-6.715000	-10.600000	1
65.684000	147.030000	-4.998200	-10.601000	1
65.680000	147.130000	-8.431700	-10.600000	1
65.676000	147.240000	-8.438900	-10.601000	1
65.542000	149.990000	-6.003000	-10.601000	1
65.536000	150.090000	-4.625300	-10.601000	1
65.530000	150.200000	-4.969000	-10.601000	1
65.523000	150.300000	-3.589000	-10.600000	1
65.517000	150.400000	-3.589100	-10.600000	1
65.510000	150.510000	-4.629200	-10.600000	1
65.504000	150.610000	-4.625500	-10.600000	1
65.497000	150.720000	-4.271300	-10.600000	1
65.490000	150.820000	-4.965400	-10.600000	1
65.483000	150.930000	-5.655300	-10.601000	1
65.477000	151.030000	-4.632700	-10.601000	1
65.470000	151.140000	-4.625300	-10.600000	1
65.463000	151.240000	-4.275100	-10.600000	1
65.455000	151.350000	-3.585200	-10.600000	1
65.448000	151.450000	-5.305600	-10.600000	1
65.441000	151.550000	-4.625400	-10.600000	1
65.434000	151.660000	-4.973300	-10.599000	1
65.426000	151.760000	-5.659300	-10.600000	1
65.419000	151.870000	-5.992100	-10.599000	1
65.411000	151.970000	-7.030100	-10.598000	1
65.403000	152.070000	-5.670900	-10.599000	1
65.396000	152.180000	-4.641200	-10.598000	1
65.388000	152.280000	-5.313600	-10.598000	1
65.380000	152.390000	-3.257000	-10.598000	1
65.372000	152.490000	-5.667800	-10.597000	1
65.364000	152.590000	-5.659800	-10.598000	1
65.356000	152.700000	-7.370800	-10.597000	1
65.348000	152.800000	-7.370700	-10.597000	1
65.340000	152.900000	-2.924800	-10.597000	1
65.331000	153.010000	-2.579000	-10.596000	1
63.183000	168.040000	-6.008400	-10.601000	1
63.164000	168.120000	-6.349000	-10.600000	1
63.146000	168.210000	-3.601800	-10.601000	1
63.127000	168.300000	-3.598600	-10.600000	1
63.108000	168.390000	-4.638500	-10.601000	1
63.089000	168.480000	-4.643200	-10.600000	1
63.070000	168.560000	-6.349600	-10.601000	1
63.050000	168.650000	-8.074700	-10.600000	1
63.031000	168.740000	-7.047500	-10.601000	1
63.012000	168.820000	-8.074700	-10.600000	1
62.993000	168.910000	-4.647500	-10.601000	1
62.973000	169.000000	-2.229900	-10.600000	1
62.954000	169.080000	-3.600000	-10.601000	1
62.934000	169.170000	-4.294200	-10.600000	1
62.915000	169.260000	-6.018300	-10.601000	1
62.895000	169.340000	-4.644400	-10.601000	1
62.876000	169.430000	-6.014700	-10.601000	1
62.856000	169.520000	-6.708900	-10.601000	1
65.652000	146.600000	-7.020800	-9.844600	1
65.648000	146.700000	-6.666900	-9.844700	1
65.645000	146.810000	-4.956400	-9.845100	1
65.641000	146.910000	-3.236300	-9.844400	1
65.637000	147.020000	-5.300300	-9.844600	1
65.633000	147.130000	-6.670700	-9.844200	1
65.629000	147.230000	-5.640300	-9.844600	1
65.624000	147.340000	-2.893400	-9.844900	1
65.620000	147.440000	-3.587200	-9.844800	1
65.616000	147.550000	-4.971400	-9.844000	1
65.611000	147.660000	-6.337500	-9.844300	1
65.607000	147.760000	-6.000900	-9.844700	1
65.541000	149.130000	-5.306000	-9.844800	1
65.536000	149.240000	-2.207900	-9.844700	1
65.530000	149.340000	-3.238000	-9.844800	1
65.524000	149.450000	-6.321000	-9.844600	1
65.519000	149.550000	-5.279900	-9.843500	1
65.513000	149.660000	-5.969900	-9.844000	1
65.507000	149.760000	-5.970000	-9.843600	1
65.501000	149.870000	-5.623500	-9.844100	1
65.495000	149.970000	-5.969500	-9.845000	1
65.488000	150.080000	-5.279500	-9.844600	1
65.482000	150.180000	-5.279300	-9.844900	1
65.476000	150.290000	-2.525300	-9.844300	1
65.469000	150.390000	-3.899400	-9.843800	1
65.463000	150.500000	-4.253200	-9.843700	1
65.456000	150.600000	-4.597100	-9.843500	1
65.450000	150.710000	-2.869000	-9.844200	1
65.443000	150.810000	-4.593100	-9.844000	1
65.436000	150.910000	-4.249100	-9.844400	1
65.429000	151.020000	-4.935300	-9.844500	1
65.422000	151.120000	-5.619600	-9.843900	1
65.415000	151.230000	-3.899000	-9.844300	1
65.408000	151.330000	-4.585700	-9.843700	1
65.401000	151.440000	-2.869200	-9.843500	1
65.394000	151.540000	-4.939500	-9.843700	1
65.386000	151.640000	-4.589700	-9.843000	1
65.379000	151.750000	-5.287100	-9.843600	1
65.371000	151.850000	-4.932200	-9.842700	1
65.364000	151.950000	-6.646400	-9.842300	1
63.083000	168.260000	-2.535000	-9.844100	1
63.064000	168.350000	-4.258700	-9.845000	1
63.045000	168.430000	-6.331000	-9.844100	1
63.026000	168.520000	-8.051200	-9.845300	1
63.007000	168.610000	-6.323900	-9.843800	1
62.988000	168.700000	-7.017300	-9.845400	1
62.968000	168.780000	-8.048300	-9.844200	1
62.949000	168.870000	-6.327700	-9.844900	1
62.930000	168.960000	-3.917600	-9.844400	1
62.910000	169.040000	-5.634000	-9.845100	1
62.891000	169.130000	-5.995800	-9.844300	1
62.871000	169.220000	-6.664400	-9.844900	1
62.852000	169.300000	-7.011100	-9.844500	1
62.832000	169.390000	-6.328400	-9.844800	1
62.813000	169.470000	-7.702800	-9.844500	1
65.616000	146.270000	-7.726800	-9.090600	1
65.612000	146.380000	-7.036600	-9.090700	1
65.609000	146.480000	-5.666500	-9.090100	1
65.605000	146.590000	-5.326400	-9.090300	1
65.601000	146.700000	-6.006400	-9.090400	1
65.597000	146.800000	-2.233200	-9.090800	1
65.593000	146.910000	-3.961200	-9.090100	1
65.590000	147.010000	-2.931100	-9.090300	1
65.585000	147.120000	-7.742000	-9.090000	1
65.581000	147.220000	-9.458700	-9.090300	1
65.577000	147.330000	-8.077900	-9.090600	1
65.448000	149.960000	-5.312800	-9.090700	1
65.441000	150.070000	-5.653100	-9.090200	1
65.435000	150.170000	-4.268800	-9.090700	1
65.429000	150.270000	-4.269000	-9.090100	1
65.422000	150.380000	-4.963100	-9.089500	1
65.416000	150.480000	-4.619200	-9.089400	1
65.409000	150.590000	-1.178900	-9.089200	1
65.403000	150.690000	-4.619000	-9.089800	1
65.396000	150.800000	-5.309200	-9.089700	1
65.389000	150.900000	-4.618900	-9.090000	1
65.382000	151.000000	-5.308900	-9.090200	1
65.375000	151.110000	-4.959100	-9.089700	1
65.368000	151.210000	-4.615100	-9.090000	1
65.361000	151.320000	-4.955400	-9.089400	1
65.354000	151.420000	-2.895200	-9.089200	1
65.347000	151.520000	-2.902700	-9.089400	1
65.339000	151.630000	-5.324600	-9.088700	1
65.332000	151.730000	-5.996900	-9.089300	1
65.325000	151.840000	-3.600500	-9.088500	1
65.317000	151.940000	-4.630900	-9.088000	1
65.309000	152.040000	-6.000800	-9.088600	1
65.302000	152.150000	-2.217100	-9.087400	1
65.294000	152.250000	-6.336300	-9.087800	1
65.286000	152.350000	-7.374000	-9.087900	1
65.278000	152.460000	-7.024500	-9.086900	1
65.270000	152.560000	-6.347500	-9.087800	1
65.262000	152.660000	-5.325300	-9.087000	1
65.254000	152.770000	-5.661500	-9.086800	1
65.246000	152.870000	1.555500	-9.087100	1
65.237000	152.970000	-2.221400	-9.085900	1
65.229000	153.070000	-2.911100	-9.086800	1
65.221000	153.180000	-3.945200	-9.086200	1
65.212000	153.280000	-5.994400	-9.085800	1
65.204000	153.380000	-8.752300	-9.086800	1
63.001000	168.390000	-2.580300	-9.089800	1
62.982000	168.480000	-3.259900	-9.091000	1
62.963000	168.570000	-6.357600	-9.089500	1
62.944000	168.650000	-6.353100	-9.091100	1
62.925000	168.740000	-4.973600	-9.089900	1
62.906000	168.830000	-7.391500	-9.090700	1
62.886000	168.910000	-7.380500	-9.090100	1
62.867000	169.000000	-6.357700	-9.090900	1
62.848000	169.090000	-5.668000	-9.090000	1
62.828000	169.170000	-6.365600	-9.090700	1
62.809000	169.260000	-6.365700	-9.090200	1
62.789000	169.350000	-7.042200	-9.090600	1
62.769000	169.430000	-6.019800	-9.090200	1
65.375000	150.370000	-5.753500	-8.333300	1
65.369000	150.470000	-5.059500	-8.333300	1
65.362000	150.570000	-4.029600	-8.332900	1
65.356000	150.680000	-5.399500	-8.333600	1
65.349000	150.780000	-5.059500	-8.333400	1
65.342000	150.890000	-4.713000	-8.333700	1
65.335000	150.990000	-4.029000	-8.334000	1
65.328000	151.090000	-4.029300	-8.333400	1
65.321000	151.200000	-5.059300	-8.333800	1
65.314000	151.300000	-3.679300	-8.333300	1
65.307000	151.410000	-4.369500	-8.332900	1
65.300000	151.510000	-2.309200	-8.333200	1
65.293000	151.610000	-4.377200	-8.332500	1
65.285000	151.720000	-4.384400	-8.333000	1
65.278000	151.820000	-3.350900	-8.332300	1
65.270000	151.920000	-5.063800	-8.331700	1
63.200000	167.210000	-4.388800	-8.334700	1
63.181000	167.300000	-3.347700	-8.334400	1
63.163000	167.390000	-0.601240	-8.334600	1
63.145000	167.470000	-3.351600	-8.334500	1
63.126000	167.560000	-2.314100	-8.334500	1
63.108000	167.650000	-2.318200	-8.334100	1
63.089000	167.740000	-3.008100	-8.334700	1
63.071000	167.830000	-5.065000	-8.334000	1
63.052000	167.910000	-5.408700	-8.334600	1
63.033000	168.000000	-4.382900	-8.333700	1
63.015000	168.090000	-3.352400	-8.334700	1
62.996000	168.180000	-5.413200	-8.333700	1
62.977000	168.260000	-6.443100	-8.334500	1
62.958000	168.350000	-5.077100	-8.333700	1
62.939000	168.440000	-6.446900	-8.334900	1
62.920000	168.530000	-5.764000	-8.333300	1
62.901000	168.610000	-5.763300	-8.334900	1
62.882000	168.700000	-6.108000	-8.333700	1
62.862000	168.790000	-5.767600	-8.334500	1
62.843000	168.870000	-6.448300	-8.333900	1
62.824000	168.960000	-5.771600	-8.334700	1
62.804000	169.040000	-4.732100	-8.333800	1
62.785000	169.130000	-5.772000	-8.334500	1
62.765000	169.220000	-5.422300	-8.334000	1
62.746000	169.300000	-3.705700	-8.334500	1
62.726000	169.390000	-2.332200	-8.334000	1
65.341000	150.140000	-4.766300	-7.577900	1
65.335000	150.250000	-5.456500	-7.577500	1
65.329000	150.350000	-4.766600	-7.576800	1
65.322000	150.460000	-3.732700	-7.576800	1
65.315000	150.560000	-4.419200	-7.576400	1
65.309000	150.660000	-3.736200	-7.577000	1
65.302000	150.770000	-4.426400	-7.576800	1
65.295000	150.870000	-4.072400	-7.577100	1
65.289000	150.980000	-3.736000	-7.577400	1
65.282000	151.080000	-2.702400	-7.576900	1
65.275000	151.180000	-5.102500	-7.577200	1
65.268000	151.290000	-4.426400	-7.576800	1
65.260000	151.390000	-4.422800	-7.576300	1
65.253000	151.490000	-4.076400	-7.576700	1
65.246000	151.600000	-2.710300	-7.576000	1
65.239000	151.700000	-2.713700	-7.576400	1
65.231000	151.800000	-2.710300	-7.575800	1
65.224000	151.910000	-6.151100	-7.575200	1
65.216000	152.010000	-4.426700	-7.575800	1
65.208000	152.110000	-5.107300	-7.574700	1
65.201000	152.220000	-4.080800	-7.574900	1
65.193000	152.320000	-3.740700	-7.575100	1
65.185000	152.420000	-2.032300	-7.574200	1
65.177000	152.520000	-4.778300	-7.575000	1
65.169000	152.630000	-7.185300	-7.574400	1
65.161000	152.730000	-4.775100	-7.573900	1
65.152000	152.830000	-4.434800	-7.574400	1
65.144000	152.940000	-5.111600	-7.573300	1
63.228000	166.810000	-5.468200	-7.578100	1
63.210000	166.900000	-4.080500	-7.578100	1
63.192000	166.990000	-4.084300	-7.578100	1
63.174000	167.080000	-5.460800	-7.578100	1
63.156000	167.170000	-2.706800	-7.578200	1
63.138000	167.260000	-5.464900	-7.577900	1
63.120000	167.350000	0.379270	-7.578000	1
63.101000	167.430000	-2.714800	-7.578000	1
63.083000	167.520000	-2.024900	-7.578000	1
63.064000	167.610000	-3.055300	-7.577600	1
63.046000	167.700000	-4.435300	-7.578200	1
63.027000	167.790000	-5.802200	-7.577600	1
63.009000	167.870000	-4.085600	-7.578000	1
62.990000	167.960000	-4.776200	-7.577200	1
62.971000	168.050000	-3.745700	-7.578200	1
62.952000	168.140000	-3.750000	-7.577200	1
62.934000	168.220000	-5.127400	-7.578000	1
62.915000	168.310000	-5.120400	-7.577100	1
62.896000	168.400000	-5.119900	-7.578300	1
62.877000	168.480000	-5.807200	-7.576800	1
62.858000	168.570000	-5.120300	-7.578400	1
62.838000	168.660000	-5.121100	-7.577200	1
62.819000	168.740000	-5.120800	-7.578000	1
62.800000	168.830000	-5.815300	-7.577300	1
62.781000	168.920000	-4.781000	-7.578200	1
62.761000	169.000000	-5.479300	-7.577200	1
62.742000	169.090000	-4.445200	-7.578000	1
62.722000	169.180000	-3.065400	-7.577500	1
62.703000	169.260000	-2.042600	-7.578000	1
62.683000	169.350000	-5.122600	-7.577400	1
65.301000	150.030000	-6.175100	-6.823100	1
65.295000	150.130000	-3.074300	-6.823700	1
65.288000	150.240000	-5.140800	-6.823300	1
65.282000	150.340000	-4.804800	-6.822600	1
65.276000	150.440000	-4.454600	-6.822600	1
65.269000	150.550000	-4.454800	-6.822100	1
65.262000	150.650000	-0.664180	-6.822700	1
65.256000	150.750000	-0.664200	-6.822600	1
65.249000	150.860000	-2.380500	-6.822800	1
65.242000	150.960000	-3.070300	-6.823200	1
65.235000	151.070000	-4.450800	-6.822600	1
65.228000	151.170000	-3.764200	-6.823000	1
65.221000	151.270000	-4.800800	-6.822600	1
65.214000	151.380000	-4.114700	-6.822000	1
65.207000	151.480000	-5.144600	-6.822400	1
65.199000	151.580000	-4.114900	-6.821700	1
65.192000	151.680000	-3.070700	-6.822100	1
63.113000	167.130000	-4.805100	-6.824000	1
63.095000	167.220000	-2.735200	-6.823700	1
63.076000	167.310000	-2.399000	-6.823800	1
63.058000	167.390000	-1.709100	-6.823800	1
63.040000	167.480000	-3.779500	-6.823700	1
63.021000	167.570000	-2.063300	-6.823400	1
63.003000	167.660000	-5.153500	-6.823900	1
62.984000	167.750000	-3.090000	-6.823400	1
62.966000	167.830000	-5.153700	-6.823800	1
62.947000	167.920000	-3.434100	-6.823100	1
62.928000	168.010000	-3.093700	-6.823900	1
62.909000	168.100000	-4.128100	-6.823000	1
62.891000	168.180000	-4.825300	-6.823700	1
62.872000	168.270000	-4.468400	-6.822900	1
62.853000	168.360000	-5.158000	-6.824100	1
62.834000	168.440000	-5.852900	-6.822600	1
62.815000	168.530000	-4.128200	-6.824100	1
62.795000	168.620000	-3.439000	-6.822900	1
62.776000	168.700000	-4.128700	-6.823800	1
62.757000	168.790000	-5.503300	-6.823000	1
62.738000	168.880000	-3.792800	-6.824000	1
62.718000	168.960000	-2.753400	-6.823000	1
62.699000	169.050000	-1.719800	-6.823800	1
62.680000	169.130000	-1.380200	-6.823200	1
62.660000	169.220000	-2.753800	-6.823800	1
62.641000	169.300000	-2.081700	-6.823100	1
65.428000	146.250000	-8.724600	-6.068900	1
65.424000	146.350000	-7.346900	-6.069000	1
65.421000	146.460000	-6.653300	-6.068600	1
65.417000	146.560000	-5.959600	-6.068600	1
65.413000	146.670000	-1.839200	-6.068500	1
65.410000	146.770000	-3.209000	-6.069200	1
65.406000	146.880000	-4.589500	-6.068500	1
65.402000	146.980000	-5.279500	-6.068600	1
65.398000	147.090000	-5.963500	-6.068300	1
65.394000	147.190000	-5.974400	-6.068500	1
65.390000	147.300000	-6.664000	-6.069000	1
65.385000	147.400000	-9.433000	-6.069100	1
65.381000	147.510000	-9.429700	-6.068200	1
65.261000	149.910000	-3.882700	-6.068900	1
65.254000	150.010000	-5.263200	-6.068400	1
65.248000	150.120000	-4.912600	-6.069100	1
65.242000	150.220000	-2.852500	-6.068700	1
65.236000	150.330000	-4.572900	-6.068000	1
65.229000	150.430000	-3.882700	-6.068000	1
65.223000	150.530000	-1.822700	-6.067500	1
65.216000	150.640000	-2.158700	-6.068000	1
65.209000	150.740000	-0.102370	-6.067900	1
65.203000	150.840000	-1.818700	-6.068100	1
65.196000	150.950000	-3.188500	-6.068600	1
65.189000	151.050000	-4.228900	-6.068000	1
65.182000	151.150000	-3.192200	-6.068300	1
65.175000	151.260000	-3.542400	-6.068000	1
65.168000	151.360000	-2.162800	-6.067400	1
65.160000	151.460000	-4.232600	-6.067800	1
65.153000	151.570000	-3.879300	-6.067100	1
65.146000	151.670000	-4.232800	-6.067500	1
65.138000	151.770000	-2.159100	-6.067000	1
65.131000	151.880000	-1.823200	-6.066300	1
65.123000	151.980000	-4.920400	-6.066900	1
65.116000	152.080000	-4.917300	-6.065900	1
65.108000	152.180000	-3.554600	-6.065900	1
65.100000	152.290000	-0.800510	-6.066200	1
65.092000	152.390000	-0.111070	-6.065300	1
65.084000	152.490000	0.579430	-6.066000	1
65.076000	152.590000	0.579210	-6.065600	1
65.068000	152.700000	0.225150	-6.064900	1
65.060000	152.800000	-7.331400	-6.065600	1
65.052000	152.900000	-4.581600	-6.064600	1
65.043000	153.000000	-6.297800	-6.065000	1
63.088000	167.000000	-5.950700	-6.069300	1
63.069000	167.090000	-3.543100	-6.069400	1
63.051000	167.180000	-2.167000	-6.069100	1
63.033000	167.270000	-1.137000	-6.069200	1
63.015000	167.360000	-1.830900	-6.069200	1
62.996000	167.440000	-1.141100	-6.069200	1
62.978000	167.530000	-1.824000	-6.068900	1
62.960000	167.620000	-3.547700	-6.069300	1
62.941000	167.710000	-4.578200	-6.068800	1
62.922000	167.790000	-2.861600	-6.069200	1
62.904000	167.880000	-3.202100	-6.068500	1
62.885000	167.970000	-4.241800	-6.069300	1
62.866000	168.060000	-5.276200	-6.068400	1
62.848000	168.140000	-4.933300	-6.069100	1
62.829000	168.230000	-4.930300	-6.068300	1
62.810000	168.320000	-5.612400	-6.069500	1
62.791000	168.400000	-4.927200	-6.068000	1
62.772000	168.490000	-4.926400	-6.069500	1
62.753000	168.580000	-3.897200	-6.068300	1
62.734000	168.660000	-4.586900	-6.069300	1
62.714000	168.750000	-3.561200	-6.068400	1
62.695000	168.830000	-4.590900	-6.069400	1
62.676000	168.920000	-1.498200	-6.068400	1
62.656000	169.010000	-3.208100	-6.069200	1
62.637000	169.090000	0.904310	-6.068600	1
65.214000	149.900000	-4.398400	-5.313900	1
65.208000	150.000000	-4.055200	-5.313300	1
65.202000	150.110000	-3.704500	-5.314100	1
65.196000	150.210000	-4.054500	-5.313800	1
65.189000	150.310000	-3.364800	-5.313100	1
65.183000	150.420000	-3.024600	-5.313100	1
65.176000	150.520000	-4.391300	-5.312500	1
65.170000	150.620000	-0.964390	-5.313000	1
65.163000	150.730000	-1.304400	-5.312900	1
65.156000	150.830000	-2.334400	-5.313000	1
65.150000	150.930000	-0.963970	-5.313600	1
65.143000	151.040000	-2.334400	-5.313000	1
65.136000	151.140000	-2.674200	-5.313300	1
65.129000	151.240000	-2.674400	-5.313100	1
65.121000	151.350000	-3.021200	-5.312300	1
65.114000	151.450000	-1.990800	-5.312800	1
65.107000	151.550000	-1.641200	-5.312200	1
65.100000	151.650000	-2.331000	-5.312500	1
65.092000	151.760000	-3.364900	-5.312100	1
65.085000	151.860000	-3.021800	-5.311300	1
65.077000	151.960000	-0.964830	-5.311900	1
65.069000	152.060000	-4.749300	-5.311000	1
65.062000	152.170000	-5.433100	-5.310800	1
65.054000	152.270000	-4.066300	-5.311200	1
65.046000	152.370000	-3.369600	-5.310300	1
63.080000	166.790000	-5.439500	-5.314300	1
63.062000	166.880000	-1.652100	-5.314200	1
63.044000	166.960000	-3.368600	-5.314300	1
63.026000	167.050000	-1.998500	-5.314400	1
63.008000	167.140000	-1.652500	-5.314100	1
62.990000	167.230000	-1.312600	-5.314200	1
62.972000	167.320000	-0.619020	-5.314300	1
62.953000	167.400000	0.070776	-5.314200	1
62.935000	167.490000	-1.653200	-5.314000	1
62.917000	167.580000	-2.683200	-5.314300	1
62.898000	167.670000	-2.679900	-5.313900	1
62.880000	167.750000	-2.343400	-5.314200	1
62.861000	167.840000	-3.374000	-5.313600	1
62.842000	167.930000	-3.380800	-5.314300	1
62.823000	168.020000	-3.045100	-5.313500	1
62.805000	168.100000	-3.041200	-5.314100	1
62.786000	168.190000	-3.718300	-5.313400	1
62.767000	168.280000	-5.097800	-5.314600	1
62.748000	168.360000	-4.759000	-5.313000	1
62.729000	168.450000	-3.038100	-5.314600	1
62.710000	168.540000	-1.659000	-5.313400	1
62.691000	168.620000	-2.692200	-5.314300	1
62.672000	168.710000	-2.693100	-5.313400	1
62.652000	168.790000	-0.292430	-5.314500	1
62.633000	168.880000	0.399930	-5.313400	1
65.328000	146.450000	-4.899400	-4.558900	1
65.324000	146.550000	-1.119200	-4.558800	1
65.320000	146.660000	-2.145900	-4.558600	1
65.317000	146.760000	-2.498900	-4.559400	1
65.313000	146.870000	-2.149400	-4.558800	1
65.309000	146.970000	-3.529500	-4.558800	1
65.305000	147.070000	-2.503100	-4.558500	1
65.301000	147.180000	-0.092952	-4.558500	1
65.297000	147.280000	-2.846100	-4.559200	1
65.292000	147.390000	-6.629800	-4.559300	1
65.288000	147.490000	-8.350700	-4.558400	1
65.284000	147.600000	-7.674600	-4.558500	1
65.174000	149.780000	-4.197700	-4.557800	1
65.168000	149.890000	-5.573500	-4.559000	1
65.162000	149.990000	-4.543900	-4.558500	1
65.156000	150.090000	-4.886800	-4.559300	1
65.149000	150.200000	-3.163100	-4.559100	1
65.143000	150.300000	-3.163400	-4.558300	1
65.137000	150.400000	-4.543300	-4.558300	1
65.130000	150.510000	-1.793400	-4.557600	1
65.124000	150.610000	-0.763040	-4.558100	1
65.117000	150.710000	-3.513200	-4.558000	1
65.110000	150.820000	-2.823100	-4.558100	1
65.103000	150.920000	-0.762570	-4.558700	1
65.096000	151.020000	-2.819500	-4.558100	1
65.090000	151.120000	-2.132800	-4.558500	1
65.082000	151.230000	-1.792900	-4.558300	1
65.075000	151.330000	-1.793500	-4.557500	1
65.068000	151.430000	-1.793100	-4.558000	1
65.061000	151.540000	-1.790000	-4.557300	1
65.054000	151.640000	-1.453300	-4.557600	1
65.046000	151.740000	-2.823500	-4.557300	1
65.039000	151.840000	-2.824100	-4.556400	1
65.031000	151.950000	-1.100000	-4.557100	1
65.023000	152.050000	-4.884300	-4.556200	1
63.055000	166.660000	-4.204100	-4.559500	1
63.037000	166.750000	-2.140400	-4.559500	1
63.019000	166.840000	0.259570	-4.559400	1
63.001000	166.930000	-3.170600	-4.559500	1
62.983000	167.010000	3.703200	-4.559600	1
62.965000	167.100000	-1.457300	-4.559300	1
62.947000	167.190000	-0.767390	-4.559400	1
62.929000	167.280000	0.612560	-4.559500	1
62.910000	167.360000	0.952330	-4.559400	1
62.892000	167.450000	-2.488100	-4.559200	1
62.874000	167.540000	-0.771520	-4.559500	1
62.855000	167.630000	-3.862000	-4.559200	1
62.837000	167.710000	-1.461800	-4.559400	1
62.818000	167.800000	-2.492400	-4.558800	1
62.799000	167.890000	-2.835500	-4.559500	1
62.781000	167.980000	-4.903500	-4.558700	1
62.762000	168.060000	-4.559600	-4.559300	1
62.743000	168.150000	-3.526700	-4.558600	1
62.724000	168.240000	-4.206100	-4.559700	1
62.705000	168.320000	-4.207400	-4.558200	1
62.686000	168.410000	-2.146400	-4.559700	1
62.667000	168.490000	-3.527600	-4.558500	1
62.648000	168.580000	-1.467000	-4.559500	1
62.629000	168.670000	-0.781400	-4.558600	1
62.610000	168.750000	0.939240	-4.559700	1
62.591000	168.840000	-1.479000	-4.558600	1
62.571000	168.920000	-0.428160	-4.559400	1
62.552000	169.010000	-0.432430	-4.558700	1
62.533000	169.100000	-2.845700	-4.559500	1
62.513000	169.180000	-8.690700	-4.558600	1
65.281000	146.440000	-7.569200	-3.803200	1
65.278000	146.540000	-2.075400	-3.803100	1
65.274000	146.650000	0.334430	-3.802800	1
65.270000	146.750000	-1.725000	-3.803600	1
65.266000	146.860000	0.674540	-3.803100	1
65.263000	146.960000	-3.105600	-3.803100	1
65.259000	147.070000	-2.755800	-3.802800	1
65.254000	147.170000	-2.419200	-3.802800	1
65.250000	147.280000	-5.172200	-3.803400	1
65.246000	147.380000	-11.360000	-3.803700	1
65.242000	147.480000	-7.933400	-3.802700	1
65.077000	150.600000	-4.119800	-3.802300	1
65.071000	150.700000	-1.019700	-3.802300	1
65.064000	150.800000	-2.739700	-3.802300	1
65.057000	150.900000	-1.369100	-3.803000	1
65.050000	151.010000	-2.739700	-3.802400	1
65.043000	151.110000	-0.339270	-3.802800	1
65.036000	151.210000	0.010644	-3.802600	1
65.029000	151.320000	-0.680090	-3.801700	1
65.022000	151.420000	0.350440	-3.802300	1
65.015000	151.520000	-0.340070	-3.801700	1
65.008000	151.620000	-0.676420	-3.801800	1
65.000000	151.730000	-2.736600	-3.801600	1
64.993000	151.830000	-0.337190	-3.800700	1
64.985000	151.930000	-1.710200	-3.801300	1
64.977000	152.030000	1.729300	-3.800500	1
64.970000	152.130000	1.379100	-3.800200	1
64.962000	152.240000	1.039500	-3.800700	1
64.954000	152.340000	-4.121500	-3.799700	1
64.946000	152.440000	-5.841100	-3.800400	1
64.938000	152.540000	-2.751400	-3.800200	1
62.994000	166.710000	-4.466800	-3.803800	1
62.976000	166.800000	-6.523700	-3.803700	1
62.958000	166.890000	-1.716800	-3.803800	1
62.940000	166.970000	-1.713300	-3.803900	1
62.922000	167.060000	0.682900	-3.803600	1
62.904000	167.150000	3.096300	-3.803700	1
62.886000	167.240000	1.036200	-3.803800	1
62.867000	167.330000	1.035900	-3.803700	1
62.849000	167.410000	-1.717900	-3.803500	1
62.831000	167.500000	-2.407900	-3.803700	1
62.812000	167.590000	-0.688110	-3.803500	1
62.794000	167.670000	-1.028100	-3.803700	1
62.775000	167.760000	-3.098700	-3.803100	1
62.757000	167.850000	-3.105300	-3.803800	1
62.738000	167.940000	-2.752500	-3.803100	1
62.719000	168.020000	-2.072100	-3.803600	1
62.700000	168.110000	-2.072800	-3.802900	1
62.682000	168.200000	-2.412200	-3.804000	1
62.663000	168.280000	-2.073500	-3.802600	1
62.644000	168.370000	-1.032600	-3.804000	1
62.625000	168.450000	-1.723800	-3.802800	1
62.606000	168.540000	1.716900	-3.803900	1
62.587000	168.630000	1.025800	-3.802800	1
65.235000	146.430000	-7.136500	-3.047200	1
65.231000	146.540000	-1.982900	-3.047000	1
65.228000	146.640000	-1.629900	-3.046700	1
65.224000	146.750000	-1.292500	-3.047600	1
65.220000	146.850000	-0.263000	-3.047000	1
65.216000	146.960000	-0.953060	-3.047000	1
65.212000	147.060000	-1.633300	-3.046800	1
65.208000	147.160000	-1.636600	-3.046700	1
65.204000	147.270000	-4.046100	-3.047400	1
65.200000	147.370000	-9.213100	-3.047600	1
65.195000	147.480000	-10.251000	-3.046700	1
65.038000	150.480000	-2.998200	-3.045900	1
65.031000	150.580000	-1.277800	-3.046300	1
65.025000	150.690000	0.092264	-3.046300	1
65.018000	150.790000	-2.307800	-3.046200	1
65.011000	150.890000	-2.997300	-3.046900	1
65.004000	150.990000	-0.937660	-3.046300	1
64.997000	151.100000	1.812700	-3.046700	1
64.990000	151.200000	2.842700	-3.046600	1
64.983000	151.300000	1.131900	-3.045600	1
64.976000	151.400000	0.782380	-3.046300	1
64.969000	151.510000	0.091896	-3.045600	1
64.962000	151.610000	-0.588000	-3.045700	1
64.954000	151.710000	0.785300	-3.045600	1
64.947000	151.810000	-0.248760	-3.044700	1
64.939000	151.910000	0.091766	-3.045300	1
64.932000	152.020000	-1.278800	-3.044500	1
64.924000	152.120000	-1.275800	-3.044100	1
64.916000	152.220000	1.134700	-3.044700	1
64.908000	152.320000	3.530600	-3.043700	1
64.900000	152.420000	1.131100	-3.044300	1
64.892000	152.530000	-4.032400	-3.044200	1
64.884000	152.630000	-5.059900	-3.043300	1
62.951000	166.670000	-1.627700	-3.047800	1
62.933000	166.760000	-2.314600	-3.047600	1
62.915000	166.850000	0.778820	-3.047800	1
62.897000	166.940000	-0.941220	-3.047900	1
62.879000	167.020000	0.441790	-3.047600	1
62.861000	167.110000	3.188400	-3.047700	1
62.843000	167.200000	4.908300	-3.047800	1
62.825000	167.290000	0.434710	-3.047700	1
62.806000	167.370000	0.777790	-3.047500	1
62.788000	167.460000	-0.595590	-3.047700	1
62.770000	167.550000	1.464200	-3.047500	1
62.751000	167.640000	-1.289200	-3.047700	1
62.733000	167.720000	-0.259690	-3.047100	1
62.714000	167.810000	-1.979300	-3.047800	1
62.695000	167.900000	-2.320000	-3.047100	1
62.677000	167.980000	-0.946390	-3.047500	1
62.658000	168.070000	0.082955	-3.046900	1
62.639000	168.160000	-1.289800	-3.048000	1
62.620000	168.240000	-0.601140	-3.046600	1
62.601000	168.330000	-1.980300	-3.048000	1
62.582000	168.410000	0.768590	-3.046800	1
62.563000	168.500000	2.829200	-3.047900	1
62.544000	168.590000	2.484800	-3.046800	1
62.525000	168.670000	-0.264540	-3.048000	1
62.506000	168.760000	0.074354	-3.046900	1
62.486000	168.840000	-6.112100	-3.047800	1
62.467000	168.930000	3.510900	-3.047000	1
62.448000	169.010000	-0.958610	-3.047900	1
62.428000	169.100000	-5.426300	-3.046900	1
65.185000	146.530000	-5.956600	-2.295600	1
65.182000	146.640000	-2.176800	-2.295200	1
65.178000	146.740000	0.573940	-2.296100	1
65.174000	146.840000	-1.836600	-2.295600	1
65.170000	146.950000	0.913430	-2.295600	1
65.166000	147.050000	-1.146800	-2.295400	1
65.162000	147.160000	1.253200	-2.295200	1
65.158000	147.260000	-1.836200	-2.295900	1
65.154000	147.360000	-9.752900	-2.296200	1
65.149000	147.470000	-10.103000	-2.295300	1
65.145000	147.570000	-5.975500	-2.295300	1
65.011000	150.160000	-2.162000	-2.296000	1
65.005000	150.260000	-1.132300	-2.295200	1
64.999000	150.360000	-2.512000	-2.295300	1
64.992000	150.470000	-2.512400	-2.294500	1
64.985000	150.570000	0.928030	-2.294800	1
64.979000	150.670000	0.588020	-2.294800	1
64.972000	150.770000	-2.509000	-2.294700	1
64.965000	150.880000	-0.791440	-2.295500	1
64.959000	150.980000	0.238120	-2.294900	1
64.952000	151.080000	2.988400	-2.295200	1
64.945000	151.180000	1.958400	-2.295200	1
64.938000	151.290000	0.237620	-2.294200	1
64.930000	151.390000	1.621300	-2.294800	1
64.923000	151.490000	2.297700	-2.294200	1
64.916000	151.590000	0.930930	-2.294300	1
64.909000	151.690000	0.930950	-2.294200	1
64.901000	151.800000	-0.449780	-2.293300	1
64.894000	151.900000	0.240720	-2.293800	1
64.886000	152.000000	0.587070	-2.293200	1
64.878000	152.100000	1.269800	-2.292600	1
64.871000	152.200000	-0.099721	-2.293200	1
64.863000	152.310000	2.649600	-2.292300	1
64.855000	152.410000	4.370000	-2.292800	1
64.847000	152.510000	2.296900	-2.292900	1
64.839000	152.610000	3.326200	-2.291800	1
64.831000	152.710000	4.016900	-2.292700	1
64.822000	152.810000	3.676400	-2.292000	1
62.926000	166.550000	-1.138200	-2.296300	1
62.908000	166.630000	2.295000	-2.296400	1
62.890000	166.720000	2.644700	-2.296200	1
62.873000	166.810000	1.264700	-2.296300	1
62.855000	166.900000	-0.795300	-2.296500	1
62.837000	166.990000	5.044400	-2.296200	1
62.818000	167.070000	3.674300	-2.296200	1
62.800000	167.160000	4.704300	-2.296400	1
62.782000	167.250000	3.674000	-2.296300	1
62.764000	167.340000	-1.486300	-2.296100	1
62.745000	167.420000	-1.139500	-2.296200	1
62.727000	167.510000	-1.489700	-2.296100	1
62.709000	167.600000	1.257200	-2.296300	1
62.690000	167.680000	0.916660	-2.295700	1
62.672000	167.770000	-1.833100	-2.296300	1
62.653000	167.860000	0.229560	-2.295700	1
62.634000	167.940000	2.289800	-2.296100	1
62.615000	168.030000	1.259100	-2.295500	1
62.597000	168.120000	1.609700	-2.296600	1
62.578000	168.200000	0.915220	-2.295200	1
62.559000	168.290000	0.916010	-2.296500	1
62.540000	168.370000	-0.115150	-2.295400	1
62.521000	168.460000	1.945400	-2.296500	1
62.502000	168.550000	2.637500	-2.295400	1
62.483000	168.630000	2.285100	-2.296600	1
62.464000	168.720000	1.600900	-2.295500	1
62.444000	168.800000	-0.468550	-2.296400	1
65.139000	146.530000	-4.911500	-1.540600	1
65.135000	146.630000	-3.191700	-1.540200	1
65.132000	146.730000	-1.131100	-1.541100	1
65.128000	146.840000	0.938550	-1.540600	1
65.124000	146.940000	1.618500	-1.540600	1
65.120000	147.040000	4.718400	-1.540400	1
65.116000	147.150000	-2.841800	-1.540200	1
65.112000	147.250000	-3.531300	-1.540900	1
65.108000	147.360000	-5.594000	-1.541300	1
65.103000	147.460000	-6.627600	-1.540400	1
65.099000	147.560000	-7.673400	-1.540400	1
65.094000	147.670000	-2.510000	-1.540500	1
64.984000	149.840000	-1.461200	-1.540600	1
64.978000	149.940000	-1.121700	-1.540100	1
64.972000	150.040000	-1.121100	-1.540900	1
64.965000	150.140000	-1.457800	-1.541000	1
64.959000	150.250000	0.261930	-1.540300	1
64.953000	150.350000	0.262250	-1.540400	1
64.946000	150.450000	4.732000	-1.539600	1
64.940000	150.560000	1.292300	-1.539900	1
64.933000	150.660000	-0.427740	-1.539800	1
64.926000	150.760000	-1.117800	-1.539700	1
64.919000	150.860000	-0.424340	-1.540500	1
64.913000	150.960000	0.955310	-1.539900	1
64.906000	151.070000	4.045600	-1.540200	1
64.899000	151.170000	3.355600	-1.540300	1
64.892000	151.270000	2.324900	-1.539200	1
64.885000	151.370000	2.662500	-1.539900	1
64.877000	151.470000	6.792100	-1.539300	1
64.870000	151.580000	0.262110	-1.539300	1
64.863000	151.680000	-0.427820	-1.539300	1
64.855000	151.780000	-7.304600	-1.538400	1
64.848000	151.880000	-3.518100	-1.538900	1
64.840000	151.980000	-0.425500	-1.538300	1
64.832000	152.090000	0.954110	-1.537700	1
64.825000	152.190000	-0.425450	-1.538300	1
64.817000	152.290000	3.354000	-1.537400	1
64.809000	152.390000	3.351400	-1.537900	1
64.801000	152.490000	2.664400	-1.538000	1
64.793000	152.590000	2.323700	-1.537000	1
64.785000	152.690000	1.984400	-1.537800	1
64.777000	152.800000	1.984000	-1.537200	1
64.769000	152.900000	4.734000	-1.537100	1
64.760000	153.000000	4.734200	-1.537200	1
64.752000	153.100000	-0.429260	-1.536500	1
64.743000	153.200000	-8.000800	-1.537200	1
64.735000	153.300000	-8.682400	-1.536800	1
62.971000	166.070000	2.316200	-1.541300	1
62.954000	166.150000	1.626200	-1.541400	1
62.936000	166.240000	4.376100	-1.541400	1
62.919000	166.330000	5.406000	-1.541200	1
62.901000	166.420000	3.006100	-1.541400	1
62.883000	166.510000	7.476000	-1.541300	1
62.865000	166.600000	8.156000	-1.541400	1
62.848000	166.680000	8.849100	-1.541200	1
62.830000	166.770000	4.039100	-1.541400	1
62.812000	166.860000	6.099100	-1.541500	1
62.794000	166.950000	3.348800	-1.541200	1
62.776000	167.030000	8.508600	-1.541300	1
62.757000	167.120000	8.848600	-1.541400	1
62.739000	167.210000	1.288300	-1.541300	1
62.721000	167.300000	-2.832000	-1.541200	1
62.703000	167.380000	-3.185000	-1.541300	1
62.684000	167.470000	-1.465100	-1.541200	1
62.666000	167.560000	3.344900	-1.541300	1
62.647000	167.640000	-1.125600	-1.540800	1
62.629000	167.730000	-0.435340	-1.541300	1
62.610000	167.820000	1.974200	-1.540800	1
62.592000	167.900000	5.064300	-1.541100	1
62.573000	167.990000	6.443800	-1.540600	1
62.554000	168.080000	7.124300	-1.541600	1
62.535000	168.160000	4.033100	-1.540300	1
62.516000	168.250000	1.970700	-1.541600	1
62.497000	168.330000	1.969800	-1.540500	1
62.479000	168.420000	1.620200	-1.541500	1
62.459000	168.500000	0.589220	-1.540400	1
62.440000	168.590000	-1.130100	-1.541700	1
65.097000	146.410000	-6.292700	-0.792170	1
65.093000	146.520000	1.272900	-0.792000	1
65.089000	146.620000	7.462700	-0.791580	1
65.086000	146.730000	10.903000	-0.792450	1
65.082000	146.830000	1.622800	-0.792070	1
65.078000	146.930000	9.522700	-0.792030	1
65.074000	147.040000	8.492600	-0.791840	1
65.070000	147.140000	2.302600	-0.791620	1
65.066000	147.240000	1.272900	-0.792230	1
65.062000	147.350000	-4.227000	-0.792660	1
65.057000	147.450000	-8.013000	-0.791820	1
65.053000	147.560000	-4.575400	-0.791780	1
64.932000	149.930000	0.602120	-0.791420	1
64.926000	150.030000	-0.427560	-0.792230	1
64.920000	150.130000	-0.424510	-0.792480	1
64.913000	150.230000	3.005400	-0.791710	1
64.907000	150.340000	5.415700	-0.791840	1
64.900000	150.440000	3.005600	-0.791040	1
64.894000	150.540000	0.608550	-0.791220	1
64.887000	150.640000	0.948580	-0.791220	1
64.881000	150.750000	1.638500	-0.791040	1
64.874000	150.850000	4.728900	-0.791820	1
64.867000	150.950000	6.788700	-0.791290	1
64.860000	151.050000	6.108900	-0.791560	1
64.853000	151.150000	4.729000	-0.791710	1
64.846000	151.260000	6.108500	-0.790660	1
64.839000	151.360000	7.818900	-0.791310	1
64.832000	151.460000	8.505400	-0.790800	1
64.824000	151.560000	6.445400	-0.790720	1
64.817000	151.660000	5.065500	-0.790840	1
62.678000	167.260000	-2.841800	-0.792600	1
62.660000	167.340000	-1.121900	-0.792650	1
62.642000	167.430000	0.245320	-0.792620	1
62.623000	167.520000	1.628500	-0.792700	1
62.605000	167.600000	4.378300	-0.792290	1
62.587000	167.690000	3.688300	-0.792700	1
62.568000	167.780000	6.438100	-0.792310	1
62.549000	167.860000	2.998000	-0.792530	1
62.531000	167.950000	2.997600	-0.792060	1
62.512000	168.040000	5.057900	-0.793000	1
62.493000	168.120000	5.747100	-0.791740	1
62.474000	168.210000	7.467300	-0.792950	1
62.455000	168.290000	2.996600	-0.791960	1
62.436000	168.380000	1.624100	-0.792930	1
62.417000	168.460000	3.343400	-0.791850	1
62.398000	168.550000	2.303800	-0.793090	1
65.047000	146.510000	-4.041300	0.117860	1
65.043000	146.620000	16.239000	0.118110	1
65.040000	146.720000	15.199000	0.117850	1
65.036000	146.820000	10.051000	0.118200	1
65.032000	146.930000	10.391000	0.118000	1
65.028000	147.030000	14.521000	0.117780	1
65.024000	147.130000	15.201000	0.118270	1
65.020000	147.240000	12.461000	0.117930	1
65.016000	147.340000	6.608800	0.118240	1
65.011000	147.440000	-4.393900	0.118360	1
65.007000	147.550000	1.796300	0.117800	1
65.003000	147.650000	1.456400	0.118090	1
64.880000	150.020000	3.870600	0.117990	1
64.874000	150.120000	4.560900	0.118360	1
64.868000	150.220000	8.003700	0.118270	1
64.861000	150.320000	8.003900	0.117720	1
64.855000	150.430000	11.434000	0.117890	1
64.848000	150.530000	16.594000	0.117520	1
64.842000	150.630000	16.254000	0.117630	1
64.835000	150.730000	9.724400	0.118020	1
64.828000	150.830000	2.504300	0.117580	1
64.821000	150.940000	2.504400	0.118070	1
64.814000	151.040000	3.534500	0.118250	1
64.808000	151.140000	9.034500	0.117930	1
64.800000	151.240000	6.974600	0.118480	1
64.793000	151.340000	10.405000	0.118330	1
64.786000	151.440000	4.904600	0.118370	1
64.779000	151.550000	9.034700	0.119130	1
64.772000	151.650000	15.567000	0.118860	1
64.764000	151.750000	3.194800	0.119160	1
64.757000	151.850000	5.944800	0.119500	1
63.006000	165.370000	11.778000	0.118410	1
62.989000	165.460000	16.588000	0.118490	1
62.972000	165.550000	10.398000	0.118000	1
62.955000	165.640000	15.208000	0.118560	1
62.938000	165.730000	15.208000	0.118220	1
62.920000	165.810000	16.928000	0.118250	1
62.903000	165.900000	20.708000	0.118410	1
62.886000	165.990000	14.868000	0.118010	1
62.868000	166.080000	11.088000	0.118310	1
62.851000	166.170000	10.058000	0.118420	1
62.833000	166.260000	4.560700	0.117910	1
62.815000	166.340000	-6.102100	0.118390	1
62.798000	166.430000	9.720700	0.118100	1
62.780000	166.520000	8.680600	0.118040	1
62.762000	166.610000	17.961000	0.118320	1
62.744000	166.700000	18.310000	0.117890	1
62.727000	166.780000	19.340000	0.118150	1
62.709000	166.870000	18.310000	0.118290	1
62.690000	166.960000	18.650000	0.117810	1
62.672000	167.040000	15.560000	0.118320	1
62.654000	167.130000	8.339700	0.117970	1
62.636000	167.220000	-1.973200	0.117900	1
62.618000	167.310000	-1.633300	0.118270	1
62.599000	167.390000	9.716700	0.117890	1
62.581000	167.480000	9.366600	0.118040	1
62.563000	167.570000	13.496000	0.118270	1
62.544000	167.650000	11.776000	0.117840	1
62.526000	167.740000	9.716200	0.118300	1
62.507000	167.820000	6.966100	0.118070	1
62.488000	167.910000	6.965900	0.117900	1
62.470000	168.000000	12.806000	0.118530	1
62.451000	168.080000	3.862900	0.117880	1
62.432000	168.170000	3.522700	0.118400	1
62.413000	168.250000	3.862400	0.118360	1
62.394000	168.340000	6.612200	0.118220	1
62.375000	168.420000	3.522000	0.118310	1
62.356000	168.510000	4.209200	0.118520	1
62.337000	168.590000	3.859000	0.117870	1
62.318000	168.680000	0.766340	0.118750	1
62.299000	168.760000	-5.426600	0.117990	1
62.279000	168.850000	-6.794200	0.118450	1
62.260000	168.930000	13.136000	0.118350	1
64.997000	146.610000	8.449000	0.733960	1
64.994000	146.710000	9.135800	0.732870	1
64.990000	146.820000	9.825900	0.733320	1
64.986000	146.920000	4.328500	0.733320	1
64.982000	147.020000	4.328500	0.733400	1
64.978000	147.130000	14.289000	0.733930	1
64.974000	147.230000	5.358600	0.733160	1
64.970000	147.330000	1.575700	0.732680	1
64.965000	147.440000	-2.893900	0.733590	1
64.961000	147.540000	-1.173800	0.733510	1
64.956000	147.640000	-0.833770	0.733480	1
64.834000	150.000000	2.620800	0.733210	1
64.828000	150.110000	6.060900	0.732900	1
64.822000	150.210000	8.121500	0.733690	1
64.815000	150.310000	8.461500	0.733290	1
64.809000	150.410000	6.402100	0.734280	1
64.802000	150.510000	3.312200	0.734070	1
64.796000	150.620000	2.622300	0.734080	1
64.789000	150.720000	1.935200	0.734540	1
64.782000	150.820000	3.994800	0.733460	1
64.775000	150.920000	5.375100	0.734180	1
64.769000	151.020000	5.025100	0.734010	1
64.762000	151.120000	6.065000	0.733580	1
64.755000	151.230000	5.025600	0.735010	1
64.747000	151.330000	3.992600	0.734210	1
64.740000	151.430000	3.312800	0.734730	1
64.733000	151.530000	6.745800	0.735230	1
64.726000	151.630000	6.745700	0.734820	1
64.718000	151.730000	1.936100	0.735950	1
64.711000	151.830000	0.563320	0.735630	1
64.703000	151.940000	-2.876600	0.736000	1
64.696000	152.040000	-1.158800	0.737160	1
64.688000	152.140000	-2.189100	0.736290	1
64.680000	152.240000	-0.466010	0.737230	1
62.684000	166.740000	8.794200	0.732440	1
62.666000	166.830000	15.674000	0.732700	1
62.648000	166.920000	13.614000	0.732580	1
62.630000	167.010000	6.053800	0.732550	1
62.612000	167.090000	2.950900	0.732520	1
62.593000	167.180000	-0.829230	0.732580	1
62.575000	167.270000	-1.166000	0.732740	1
62.557000	167.350000	1.583800	0.732540	1
62.538000	167.440000	5.366400	0.732550	1
62.520000	167.530000	9.483800	0.733010	1
62.502000	167.610000	5.013500	0.732540	1
62.483000	167.700000	7.423500	0.732960	1
62.465000	167.780000	7.763300	0.732780	1
62.446000	167.870000	6.393300	0.733140	1
62.427000	167.960000	8.112900	0.732440	1
62.408000	168.040000	5.703100	0.733470	1
62.390000	168.130000	5.699700	0.732460	1
62.371000	168.210000	5.699900	0.733440	1
62.352000	168.300000	6.049300	0.732340	1
62.333000	168.380000	5.699600	0.733610	1
62.314000	168.470000	0.886130	0.732270	1
62.295000	168.550000	1.226400	0.733310	1
64.794000	149.890000	-1.813000	1.489300	1
64.788000	149.990000	0.586300	1.488300	1
64.782000	150.090000	4.026200	1.487800	1
64.775000	150.190000	2.306900	1.488600	1
64.769000	150.300000	1.616900	1.488200	1
64.763000	150.400000	1.617700	1.489200	1
64.756000	150.500000	-0.782200	1.489100	1
64.750000	150.600000	1.967900	1.489100	1
64.743000	150.700000	1.278300	1.489600	1
64.736000	150.800000	0.247550	1.488500	1
64.729000	150.910000	3.688100	1.489200	1
64.722000	151.010000	1.618000	1.489000	1
64.716000	151.110000	2.307700	1.488500	1
64.708000	151.210000	3.338700	1.490000	1
64.701000	151.310000	0.588220	1.489200	1
64.694000	151.410000	2.648600	1.489700	1
64.687000	151.510000	0.588980	1.490200	1
64.680000	151.620000	2.648700	1.489700	1
64.672000	151.720000	-0.780550	1.490800	1
64.665000	151.820000	1.279300	1.490500	1
64.657000	151.920000	-5.253600	1.490800	1
64.650000	152.020000	-2.848500	1.492000	1
64.642000	152.120000	-2.166200	1.491100	1
64.634000	152.220000	-0.785510	1.492000	1
64.626000	152.320000	-2.502600	1.492000	1
64.618000	152.420000	-2.503000	1.491400	1
64.610000	152.520000	0.588020	1.492800	1
64.602000	152.620000	5.057500	1.491900	1
64.594000	152.720000	1.617800	1.492200	1
64.586000	152.830000	-2.838900	1.492800	1
62.623000	166.790000	6.432400	1.487700	1
62.605000	166.880000	5.742200	1.487600	1
62.587000	166.970000	-0.100930	1.487500	1
62.569000	167.050000	-2.511100	1.487500	1
62.550000	167.140000	-1.144100	1.487600	1
62.532000	167.230000	-2.171200	1.487700	1
62.514000	167.310000	1.268600	1.487500	1
62.496000	167.400000	3.328500	1.487500	1
62.477000	167.490000	5.738700	1.487900	1
62.459000	167.570000	4.018300	1.487600	1
62.440000	167.660000	7.458400	1.487900	1
62.422000	167.740000	5.048200	1.487800	1
62.403000	167.830000	2.298200	1.488100	1
62.385000	167.920000	5.044700	1.487400	1
62.366000	168.000000	4.705200	1.488400	1
62.347000	168.090000	4.014300	1.487400	1
62.328000	168.170000	2.634700	1.488400	1
62.309000	168.260000	4.353800	1.487300	1
62.290000	168.340000	4.011600	1.488600	1
62.271000	168.430000	4.350500	1.487200	1
62.252000	168.510000	2.981000	1.488300	1
62.233000	168.600000	4.350400	1.487500	1
62.214000	168.680000	3.670900	1.488400	1
62.195000	168.770000	2.287000	1.487200	1
62.175000	168.850000	-6.302400	1.488500	1
64.754000	149.770000	-2.274200	2.237700	1
64.748000	149.880000	-2.960700	2.238300	1
64.742000	149.980000	-6.054700	2.237400	1
64.736000	150.080000	-1.931700	2.236900	1
64.730000	150.180000	2.879200	2.237700	1
64.723000	150.280000	2.539100	2.237300	1
64.717000	150.380000	-1.240100	2.238200	1
64.710000	150.490000	-1.236800	2.238200	1
64.704000	150.590000	1.163300	2.238100	1
64.697000	150.690000	0.483780	2.238700	1
64.691000	150.790000	0.822990	2.237600	1
64.684000	150.890000	2.883600	2.238200	1
64.677000	150.990000	2.193500	2.238100	1
64.670000	151.090000	1.853100	2.237600	1
64.663000	151.200000	3.224300	2.239000	1
64.656000	151.300000	0.133720	2.238200	1
64.649000	151.400000	-0.895920	2.238700	1
64.641000	151.500000	1.164600	2.239200	1
64.634000	151.600000	2.194200	2.238700	1
64.627000	151.700000	-0.898070	2.239800	1
62.598000	166.670000	-0.902570	2.236500	1
62.580000	166.750000	-0.212550	2.236700	1
62.562000	166.840000	1.504200	2.236700	1
62.544000	166.930000	-0.566120	2.236600	1
62.526000	167.020000	-2.969500	2.236600	1
62.508000	167.100000	-2.966500	2.236600	1
62.490000	167.190000	-3.659600	2.236800	1
62.472000	167.280000	1.503400	2.236500	1
62.453000	167.360000	3.213300	2.236600	1
62.435000	167.450000	3.563500	2.236900	1
62.417000	167.530000	2.533100	2.236600	1
62.398000	167.620000	2.533200	2.236900	1
62.380000	167.710000	1.843000	2.236800	1
62.361000	167.790000	1.149900	2.237100	1
62.342000	167.880000	1.499300	2.236500	1
62.324000	167.960000	3.559800	2.237400	1
62.305000	168.050000	1.495800	2.236500	1
62.286000	168.130000	0.806260	2.237400	1
62.267000	168.220000	2.525300	2.236300	1
62.248000	168.300000	3.896100	2.237600	1
62.229000	168.390000	1.494900	2.236200	1
62.210000	168.470000	-1.607700	2.237300	1
64.684000	150.170000	-0.280330	2.993800	1
64.677000	150.270000	1.102800	2.993400	1
64.671000	150.370000	0.067059	2.994300	1
64.664000	150.470000	-0.612790	2.994300	1
64.658000	150.570000	0.070606	2.994300	1
64.651000	150.670000	0.757830	2.994900	1
64.645000	150.780000	2.140400	2.993800	1
64.638000	150.880000	2.140900	2.994400	1
64.631000	150.980000	1.787600	2.994400	1
64.624000	151.080000	2.480500	2.993700	1
64.617000	151.180000	2.821700	2.995200	1
64.610000	151.280000	-0.268910	2.994400	1
64.603000	151.380000	-0.608570	2.994800	1
64.596000	151.480000	0.068709	2.995500	1
64.588000	151.580000	0.761580	2.994900	1
64.581000	151.680000	-1.637600	2.995900	1
64.573000	151.790000	-0.270990	2.995800	1
62.573000	166.540000	0.754790	2.992700	1
62.555000	166.630000	2.134700	2.992700	1
62.537000	166.720000	1.441300	2.992900	1
62.519000	166.800000	-1.999000	2.992900	1
62.501000	166.890000	-2.342500	2.992700	1
62.483000	166.980000	-2.342700	2.992800	1
62.465000	167.060000	-5.093000	2.992800	1
62.447000	167.150000	-4.399500	2.993000	1
62.429000	167.240000	0.060262	2.992700	1
62.411000	167.320000	1.780200	2.992700	1
62.392000	167.410000	0.410380	2.993100	1
62.374000	167.490000	0.410020	2.992800	1
62.355000	167.580000	-0.279970	2.993000	1
62.337000	167.670000	-0.620130	2.993000	1
62.318000	167.750000	0.406630	2.993200	1
62.300000	167.840000	2.126000	2.992700	1
62.281000	167.920000	0.053168	2.993500	1
62.262000	168.010000	-1.661000	2.992700	1
62.244000	168.090000	-0.290530	2.993500	1
62.225000	168.180000	-0.981530	2.992500	1
62.206000	168.260000	0.049313	2.993700	1
64.625000	150.360000	2.432400	3.749200	1
64.618000	150.460000	2.786100	3.749300	1
64.612000	150.560000	1.066100	3.749200	1
64.605000	150.660000	1.756700	3.749900	1
64.599000	150.760000	1.065900	3.748800	1
64.592000	150.860000	3.126500	3.749400	1
64.585000	150.960000	4.496500	3.749400	1
64.578000	151.060000	5.186100	3.748700	1
64.571000	151.170000	2.100700	3.750100	1
64.564000	151.270000	3.126700	3.749400	1
64.557000	151.370000	4.847000	3.749800	1
64.550000	151.470000	2.787600	3.750500	1
64.542000	151.570000	-1.683000	3.749800	1
64.535000	151.670000	0.377910	3.750800	1
64.528000	151.770000	-0.648720	3.750700	1
64.520000	151.870000	-4.439200	3.750800	1
62.548000	166.420000	-0.315900	3.748100	1
62.530000	166.500000	-1.686400	3.747700	1
62.512000	166.590000	-0.659930	3.747700	1
62.495000	166.680000	-2.720100	3.747800	1
62.477000	166.760000	-3.073700	3.747800	1
62.459000	166.850000	-3.074000	3.747700	1
62.441000	166.940000	-3.754200	3.747700	1
62.423000	167.020000	-5.131000	3.747700	1
62.404000	167.110000	-3.410800	3.748000	1
62.386000	167.200000	-1.351000	3.747600	1
62.368000	167.280000	-0.664550	3.747700	1
62.350000	167.370000	-2.384500	3.748000	1
62.331000	167.460000	-0.324710	3.747800	1
62.313000	167.540000	0.705280	3.747900	1
62.294000	167.630000	-0.324860	3.747900	1
62.276000	167.710000	0.365180	3.748100	1
62.257000	167.800000	-1.698900	3.747600	1
62.239000	167.880000	-4.112100	3.748400	1
62.220000	167.970000	-6.176600	3.747700	1
62.201000	168.050000	-5.142700	3.748400	1
62.182000	168.140000	-1.700000	3.747500	1
62.163000	168.220000	-0.325690	3.748700	1
62.145000	168.310000	2.419800	3.747400	1
62.126000	168.390000	-3.759800	3.748400	1
62.107000	168.480000	-2.393900	3.747500	1
62.087000	168.560000	-4.453400	3.748500	1
62.068000	168.650000	-5.834600	3.747200	1
62.049000	168.730000	-7.207200	3.748600	1
64.579000	150.340000	0.546250	4.502800	1
64.573000	150.440000	1.230000	4.502800	1
64.566000	150.540000	0.890090	4.502800	1
64.559000	150.650000	1.924200	4.503500	1
64.553000	150.750000	2.613500	4.502400	1
64.546000	150.850000	2.954100	4.503000	1
64.539000	150.950000	2.954100	4.503000	1
64.532000	151.050000	5.013700	4.502300	1
64.525000	151.150000	2.954800	4.503700	1
64.518000	151.250000	1.924300	4.503000	1
64.511000	151.350000	2.951000	4.503300	1
64.504000	151.450000	-0.134840	4.504100	1
64.497000	151.550000	-2.885500	4.503400	1
64.489000	151.650000	-3.918300	4.504400	1
64.482000	151.750000	1.231900	4.504400	1
64.474000	151.850000	-3.228300	4.504300	1
62.575000	166.030000	-6.675600	4.501500	1
62.558000	166.120000	-2.562600	4.501300	1
62.540000	166.200000	-4.955500	4.501500	1
62.523000	166.290000	-3.925900	4.501100	1
62.505000	166.380000	-1.518300	4.501700	1
62.487000	166.470000	-1.172200	4.501200	1
62.470000	166.550000	-2.202400	4.501300	1
62.452000	166.640000	-1.866000	4.501400	1
62.434000	166.730000	-3.589800	4.501400	1
62.416000	166.810000	-4.266600	4.501300	1
62.398000	166.900000	-4.953300	4.501300	1
62.380000	166.990000	-5.987100	4.501200	1
62.362000	167.070000	-4.613300	4.501600	1
62.344000	167.160000	-2.893600	4.501200	1
62.325000	167.240000	-1.863600	4.501300	1
62.307000	167.330000	-1.173400	4.501600	1
62.289000	167.420000	0.882760	4.501300	1
62.270000	167.500000	-0.837360	4.501400	1
62.252000	167.590000	2.259100	4.501500	1
62.233000	167.670000	-2.901500	4.501700	1
62.215000	167.760000	-2.905500	4.501200	1
62.196000	167.840000	-5.311800	4.501900	1
62.178000	167.930000	-6.339000	4.501300	1
62.159000	168.010000	-5.652100	4.501900	1
62.140000	168.100000	-0.489090	4.501000	1
62.121000	168.180000	2.258100	4.502200	1
62.102000	168.270000	2.257100	4.501000	1
62.083000	168.350000	-6.686400	4.501900	1
62.064000	168.440000	-5.657000	4.501100	1
62.045000	168.520000	-3.246200	4.502100	1
62.026000	168.610000	-4.967300	4.500800	1
62.007000	168.690000	-5.316500	4.502100	1
64.533000	150.330000	-7.890500	5.257500	1
64.526000	150.430000	-0.662300	5.257600	1
64.520000	150.530000	1.401400	5.257600	1
64.513000	150.630000	3.125700	5.258300	1
64.507000	150.730000	3.815000	5.257200	1
64.500000	150.830000	1.405500	5.257900	1
64.493000	150.930000	1.402000	5.257900	1
64.486000	151.030000	-1.688600	5.257100	1
64.479000	151.130000	0.376110	5.258500	1
64.472000	151.240000	2.785800	5.257900	1
64.465000	151.340000	1.066000	5.258100	1
64.458000	151.440000	-1.683500	5.259000	1
64.451000	151.540000	-1.007600	5.258200	1
64.443000	151.640000	0.036746	5.259200	1
64.436000	151.740000	-3.407000	5.259200	1
64.428000	151.840000	-3.403500	5.259100	1
64.421000	151.940000	-1.002300	5.260500	1
64.413000	152.040000	-5.466800	5.259600	1
62.636000	165.470000	-3.760600	5.256500	1
62.618000	165.550000	-3.073800	5.255900	1
62.601000	165.640000	-7.204800	5.256600	1
62.584000	165.730000	-4.801300	5.256000	1
62.567000	165.820000	-4.797600	5.256400	1
62.549000	165.910000	-3.757700	5.256000	1
62.532000	165.990000	-2.051100	5.256300	1
62.515000	166.080000	-5.824400	5.256100	1
62.497000	166.170000	-4.104100	5.256400	1
62.480000	166.250000	-2.040700	5.255900	1
62.462000	166.340000	-3.070500	5.256500	1
62.444000	166.430000	-2.040800	5.256000	1
62.427000	166.510000	-2.720900	5.256200	1
62.409000	166.600000	-3.074700	5.256200	1
62.391000	166.690000	-5.478700	5.256300	1
62.373000	166.770000	-4.105200	5.256100	1
62.355000	166.860000	-5.471800	5.256100	1
62.337000	166.950000	-5.822100	5.256000	1
62.319000	167.030000	-5.132000	5.256400	1
62.301000	167.120000	-3.072100	5.256000	1
62.283000	167.210000	-2.042200	5.256100	1
62.264000	167.290000	0.360750	5.256400	1
62.246000	167.380000	-2.056900	5.256200	1
62.228000	167.460000	-0.333680	5.256200	1
62.209000	167.550000	-1.023800	5.256300	1
62.191000	167.630000	-3.091200	5.256400	1
62.172000	167.720000	-2.734400	5.256100	1
62.154000	167.800000	-4.800700	5.256600	1
62.135000	167.890000	-4.111100	5.256100	1
62.116000	167.970000	-5.137400	5.256700	1
62.097000	168.060000	0.358590	5.255800	1
62.079000	168.140000	-3.764600	5.257000	1
62.060000	168.230000	-1.018100	5.255800	1
62.041000	168.310000	-7.205500	5.256700	1
62.022000	168.400000	-4.798500	5.255900	1
62.003000	168.480000	-3.081400	5.256900	1
61.984000	168.560000	-7.900200	5.255500	1
61.964000	168.650000	-7.892000	5.256900	1
64.480000	150.420000	-2.895300	6.011600	1
64.474000	150.520000	3.635000	6.011500	1
64.467000	150.620000	4.662400	6.012300	1
64.460000	150.720000	3.638700	6.011200	1
64.454000	150.820000	1.222200	6.011800	1
64.447000	150.920000	0.549640	6.011900	1
64.440000	151.020000	0.549140	6.011000	1
64.433000	151.120000	-1.516300	6.012400	1
64.426000	151.220000	1.576100	6.011800	1
64.419000	151.320000	1.912600	6.012000	1
64.412000	151.420000	-1.169500	6.013000	1
64.405000	151.520000	-1.523700	6.012100	1
64.397000	151.620000	-1.173000	6.013000	1
64.390000	151.720000	-3.579400	6.013200	1
64.382000	151.820000	-2.203100	6.012900	1
62.436000	166.220000	-3.236800	6.009700	1
62.419000	166.300000	-2.556400	6.010500	1
62.401000	166.390000	-1.866800	6.009900	1
62.383000	166.480000	-2.896900	6.010100	1
62.366000	166.560000	-4.964600	6.010100	1
62.348000	166.650000	-7.371300	6.010200	1
62.330000	166.740000	-5.307700	6.010000	1
62.312000	166.820000	-5.984200	6.010100	1
62.294000	166.910000	-3.591500	6.009900	1
62.276000	166.990000	-0.493920	6.010300	1
62.258000	167.080000	-1.868100	6.009900	1
62.240000	167.170000	-2.554900	6.010000	1
62.221000	167.250000	-2.204900	6.010300	1
62.203000	167.340000	-0.148700	6.010100	1
62.185000	167.420000	-0.152520	6.010100	1
62.166000	167.510000	-3.592800	6.010200	1
62.148000	167.590000	-4.970400	6.010300	1
62.129000	167.680000	-3.589600	6.010000	1
62.111000	167.760000	-5.309600	6.010400	1
62.092000	167.850000	-8.071500	6.010000	1
62.074000	167.930000	-2.903300	6.010600	1
62.055000	168.020000	-2.213900	6.009700	1
62.036000	168.100000	0.533060	6.010900	1
62.017000	168.190000	-1.537900	6.009700	1
61.998000	168.270000	-1.873800	6.010500	1
61.979000	168.360000	-2.915400	6.009700	1
61.960000	168.440000	-4.291300	6.010800	1
61.941000	168.520000	-2.911900	6.009400	1
61.922000	168.610000	-7.041700	6.010800	1
64.434000	150.400000	-5.582900	6.763500	1
64.428000	150.500000	-1.129800	6.763400	1
64.421000	150.600000	1.967100	6.764200	1
64.414000	150.700000	0.250270	6.763200	1
64.408000	150.800000	-1.125700	6.763800	1
64.401000	150.900000	-0.091745	6.763900	1
64.394000	151.000000	0.597800	6.762900	1
64.387000	151.100000	-0.087600	6.764400	1
64.380000	151.200000	-2.148000	6.763800	1
64.373000	151.300000	-3.525400	6.763900	1
64.366000	151.400000	0.255480	6.765000	1
64.358000	151.500000	-0.091336	6.764000	1
64.351000	151.600000	-3.524700	6.765000	1
64.344000	151.700000	-4.207200	6.765200	1
64.336000	151.800000	-2.831000	6.764800	1
62.446000	165.920000	-3.179700	6.762200	1
62.428000	166.000000	-1.123500	6.761900	1
62.411000	166.090000	-3.187200	6.762300	1
62.393000	166.180000	-4.557800	6.761700	1
62.376000	166.260000	-2.157300	6.762400	1
62.358000	166.350000	-2.505200	6.761900	1
62.340000	166.440000	-3.191500	6.762100	1
62.323000	166.520000	-2.841700	6.762000	1
62.305000	166.610000	-4.561900	6.762100	1
62.287000	166.700000	-4.222200	6.761900	1
62.269000	166.780000	-3.878500	6.762000	1
62.251000	166.870000	-4.908800	6.761900	1
62.233000	166.960000	-2.835400	6.762300	1
62.215000	167.040000	-1.469400	6.761800	1
62.197000	167.130000	-1.469500	6.761900	1
62.179000	167.210000	1.273200	6.762200	1
62.160000	167.300000	-0.439630	6.762000	1
62.142000	167.380000	-3.541200	6.762000	1
62.124000	167.470000	-4.567600	6.762100	1
62.105000	167.550000	-5.944200	6.762200	1
62.087000	167.640000	-5.937100	6.761900	1
62.068000	167.720000	-3.530400	6.762300	1
62.050000	167.810000	-4.914700	6.762000	1
62.031000	167.890000	-3.534400	6.762500	1
62.012000	167.980000	-4.568900	6.761700	1
61.993000	168.060000	-3.545600	6.762800	1
61.975000	168.150000	-4.569000	6.761600	1
61.956000	168.230000	-1.478300	6.762400	1
61.937000	168.320000	-0.788770	6.761700	1
61.918000	168.400000	-6.299900	6.762700	1
61.899000	168.480000	-8.700000	6.761300	1
61.880000	168.570000	-2.512000	6.762700	1
64.374000	150.590000	-7.507600	7.523800	1
64.368000	150.690000	-2.693600	7.522700	1
64.361000	150.790000	1.090800	7.523300	1
64.354000	150.890000	-0.275360	7.523500	1
64.347000	150.990000	-1.992200	7.522500	1
64.340000	151.090000	-2.681400	7.523900	1
64.333000	151.190000	-1.984100	7.523400	1
64.326000	151.290000	1.106100	7.523500	1
64.319000	151.390000	-5.442500	7.524600	1
64.312000	151.490000	-2.331400	7.523600	1
64.305000	151.590000	-5.084900	7.524500	1
64.297000	151.690000	-4.047100	7.524800	1
64.290000	151.790000	-5.778900	7.524400	1
64.282000	151.890000	-3.710200	7.525900	1
62.454000	165.620000	-1.986200	7.521400	1
62.437000	165.700000	-1.303400	7.521900	1
62.419000	165.790000	-2.683800	7.521400	1
62.402000	165.880000	-5.774100	7.521800	1
62.385000	165.970000	-5.430500	7.521500	1
62.367000	166.050000	-3.373900	7.521900	1
62.350000	166.140000	-3.020600	7.521200	1
62.332000	166.230000	-1.311300	7.522000	1
62.315000	166.310000	-4.412000	7.521400	1
62.297000	166.400000	-7.839000	7.521700	1
62.279000	166.490000	-4.058400	7.521500	1
62.261000	166.570000	-6.801400	7.521700	1
62.244000	166.660000	-5.085200	7.521500	1
62.226000	166.740000	-4.055200	7.521600	1
62.208000	166.830000	-4.401700	7.521400	1
62.190000	166.920000	-2.688900	7.521900	1
62.172000	167.000000	-0.632990	7.521400	1
62.153000	167.090000	0.747000	7.521500	1
62.135000	167.170000	2.470800	7.521700	1
62.117000	167.260000	-1.302600	7.521600	1
62.099000	167.340000	-6.470900	7.521500	1
62.080000	167.430000	-5.437000	7.521700	1
62.062000	167.510000	-4.407000	7.521700	1
62.044000	167.600000	-6.138800	7.521500	1
62.025000	167.680000	-6.811500	7.521800	1
62.006000	167.770000	-4.751400	7.521600	1
61.988000	167.850000	-2.694800	7.522000	1
61.969000	167.940000	-6.131900	7.521200	1
61.950000	168.020000	-0.974670	7.522300	1
61.932000	168.110000	0.744790	7.521200	1
61.913000	168.190000	-1.672500	7.522000	1
61.894000	168.270000	0.387240	7.521200	1
61.875000	168.360000	-4.415100	7.522200	1
61.856000	168.440000	-5.446000	7.520900	1
61.837000	168.530000	-3.725000	7.522300	1
64.334000	150.470000	-7.134700	8.276200	1
64.328000	150.570000	-5.417600	8.277100	1
64.321000	150.670000	-5.764200	8.276100	1
64.314000	150.770000	-2.656000	8.276700	1
64.308000	150.870000	-2.312000	8.276900	1
64.301000	150.970000	-4.709000	8.275800	1
64.294000	151.070000	-4.028100	8.277300	1
64.287000	151.170000	-2.998200	8.276800	1
64.280000	151.270000	-4.368300	8.276800	1
64.273000	151.370000	-2.655000	8.278000	1
64.265000	151.470000	-1.277900	8.276900	1
64.258000	151.570000	-3.681400	8.277800	1
64.251000	151.670000	-6.087800	8.278200	1
64.243000	151.770000	-5.744100	8.277700	1
64.236000	151.870000	-4.359400	8.279300	1
64.281000	150.560000	-9.115400	9.036000	1
64.274000	150.660000	-7.406500	9.035000	1
64.267000	150.760000	-4.640500	9.035500	1
64.261000	150.860000	-0.498520	9.035800	1
64.254000	150.960000	-1.529000	9.034700	1
64.247000	151.060000	-3.241000	9.036100	1
64.240000	151.160000	-3.594900	9.035700	1
64.233000	151.260000	-2.214700	9.035700	1
64.226000	151.360000	-3.598000	9.036900	1
64.219000	151.450000	-3.931000	9.035800	1
64.211000	151.550000	-4.274400	9.036700	1
64.204000	151.650000	-4.968000	9.037100	1
64.197000	151.750000	-4.270600	9.036500	1
64.189000	151.850000	-5.302500	9.038100	1
64.181000	151.950000	-5.306600	9.037300	1
64.174000	152.050000	-5.650100	9.037900	1
64.166000	152.150000	-4.963300	9.038800	1
62.210000	166.320000	-5.321500	9.033900	1
62.192000	166.410000	-4.967900	9.033700	1
62.174000	166.490000	-4.968000	9.034000	1
62.157000	166.580000	-4.632000	9.033700	1
62.139000	166.670000	-4.282000	9.033900	1
62.121000	166.750000	-4.282300	9.033600	1
62.103000	166.840000	-3.605900	9.034100	1
62.085000	166.920000	-4.632700	9.033500	1
62.067000	167.010000	-7.025800	9.033700	1
62.049000	167.090000	-4.636600	9.033900	1
62.030000	167.180000	-3.599100	9.033800	1
62.012000	167.260000	-2.573000	9.033700	1
61.994000	167.350000	-3.603100	9.033900	1
61.976000	167.430000	-3.607000	9.033900	1
61.957000	167.520000	-5.323700	9.033800	1
61.939000	167.600000	-7.384200	9.033900	1
61.920000	167.690000	-6.351000	9.033800	1
61.902000	167.770000	-6.004600	9.034100	1
61.883000	167.860000	-4.978500	9.033400	1
61.864000	167.940000	-1.193900	9.034400	1
61.846000	168.020000	-6.016400	9.033400	1
61.827000	168.110000	-7.721400	9.034100	1
61.808000	168.190000	-4.971100	9.033400	1
61.789000	168.280000	-3.955600	9.034400	1
61.770000	168.360000	-4.982600	9.033000	1
61.751000	168.440000	-6.019800	9.034400	1
64.178000	149.910000	-8.444400	11.299000	1
64.171000	150.010000	-6.731000	11.300000	1
64.165000	150.110000	-8.448100	11.299000	1
64.159000	150.210000	-7.413500	11.299000	1
64.152000	150.310000	-8.432500	11.300000	1
64.146000	150.410000	-5.685200	11.299000	1
64.139000	150.510000	-8.443200	11.300000	1
64.133000	150.610000	-8.779900	11.300000	1
64.126000	150.710000	-7.051200	11.300000	1
64.119000	150.810000	-8.098900	11.301000	1
64.113000	150.910000	-6.028700	11.299000	1
64.106000	151.010000	-7.054600	11.301000	1
64.099000	151.110000	-5.672800	11.300000	1
62.217000	165.510000	-5.685300	11.299000	1
62.199000	165.600000	-4.648400	11.298000	1
62.182000	165.690000	-3.969600	11.298000	1
62.165000	165.770000	-3.279700	11.298000	1
62.148000	165.860000	-5.349900	11.299000	1
62.130000	165.950000	-4.316300	11.298000	1
62.113000	166.030000	-6.384200	11.299000	1
62.096000	166.120000	-7.407400	11.298000	1
62.078000	166.200000	-4.648900	11.299000	1
62.060000	166.290000	-6.381000	11.298000	1
62.043000	166.380000	-5.679500	11.299000	1
62.025000	166.460000	-4.653200	11.298000	1
62.007000	166.550000	-6.027400	11.298000	1
61.989000	166.630000	-2.929600	11.298000	1
61.971000	166.720000	-4.653500	11.299000	1
61.954000	166.800000	-4.994000	11.298000	1
61.936000	166.890000	-4.994100	11.298000	1
61.918000	166.970000	-4.997800	11.298000	1
61.899000	167.060000	-5.348100	11.298000	1
61.881000	167.140000	-5.688300	11.298000	1
61.863000	167.230000	-6.382400	11.298000	1
61.845000	167.310000	-6.715000	11.298000	1
61.826000	167.400000	-4.658400	11.298000	1
61.808000	167.480000	-3.968400	11.298000	1
61.790000	167.570000	-6.032700	11.298000	1
61.771000	167.650000	-0.885680	11.299000	1
61.753000	167.730000	-3.972500	11.298000	1
61.734000	167.820000	-5.356400	11.299000	1
61.715000	167.900000	-3.647700	11.298000	1
61.697000	167.990000	-3.964900	11.298000	1
61.678000	168.070000	-5.693100	11.298000	1
61.659000	168.150000	-8.462500	11.299000	1
61.640000	168.240000	-8.791900	11.298000	1
61.621000	168.320000	-8.114800	11.299000	1
64.082000	149.890000	-9.176200	12.815000	1
64.076000	149.990000	-6.767100	12.815000	1
64.069000	150.080000	-6.755800	12.814000	1
64.063000	150.180000	-7.797400	12.815000	1
64.057000	150.280000	-10.190000	12.815000	1
64.050000	150.380000	-5.371200	12.815000	1
64.044000	150.480000	-7.095000	12.816000	1
64.037000	150.580000	-8.464400	12.815000	1
64.031000	150.680000	-7.445000	12.816000	1
64.024000	150.780000	-7.459900	12.816000	1
64.017000	150.880000	-6.393400	12.815000	1
64.010000	150.980000	-6.049000	12.816000	1
64.003000	151.070000	-7.784700	12.816000	1
63.996000	151.170000	-4.693900	12.816000	1
63.989000	151.270000	-3.666900	12.817000	1
63.982000	151.370000	-3.302000	12.816000	1
63.975000	151.470000	-2.961700	12.817000	1
63.968000	151.570000	-5.021800	12.817000	1
63.960000	151.670000	-5.041100	12.816000	1
63.953000	151.760000	-5.357900	12.818000	1
63.945000	151.860000	-6.052000	12.817000	1
63.938000	151.960000	-7.432200	12.818000	1
63.930000	152.060000	-6.741400	12.819000	1
62.144000	165.350000	-5.710600	12.814000	1
62.127000	165.440000	-3.993900	12.814000	1
62.110000	165.520000	-5.722200	12.814000	1
62.093000	165.610000	-6.409900	12.814000	1
62.076000	165.700000	-6.058600	12.814000	1
62.058000	165.780000	-6.394800	12.814000	1
62.041000	165.870000	-6.399100	12.813000	1
62.024000	165.950000	-5.718600	12.814000	1
62.006000	166.040000	-6.066700	12.814000	1
61.989000	166.130000	-7.776000	12.814000	1
61.971000	166.210000	-6.753300	12.814000	1
61.954000	166.300000	-5.369100	12.814000	1
61.936000	166.380000	-5.719500	12.814000	1
61.918000	166.470000	-5.029300	12.814000	1
61.900000	166.550000	-6.400000	12.813000	1
61.883000	166.640000	-6.403700	12.814000	1
61.865000	166.720000	-5.377500	12.814000	1
61.847000	166.810000	-4.010900	12.814000	1
61.829000	166.890000	-7.792300	12.814000	1
61.811000	166.980000	-7.780900	12.814000	1
61.793000	167.060000	-8.482900	12.814000	1
61.774000	167.150000	-6.754700	12.814000	1
61.756000	167.230000	-8.140400	12.814000	1
61.738000	167.310000	-6.072000	12.814000	1
61.720000	167.400000	-4.701900	12.814000	1
61.701000	167.480000	-2.624000	12.814000	1
61.683000	167.570000	-4.348100	12.814000	1
61.664000	167.650000	-1.944800	12.813000	1
61.646000	167.730000	-2.628400	12.814000	1
61.627000	167.820000	-4.012700	12.814000	1
61.608000	167.900000	-1.952200	12.814000	1
61.590000	167.990000	-6.413500	12.813000	1
61.571000	168.070000	-8.126100	12.814000	1
61.552000	168.150000	-9.157000	12.813000	1
61.533000	168.230000	-6.061600	12.814000	1
64.057000	149.470000	-6.809400	13.574000	1
64.051000	149.570000	-6.798100	13.574000	1
64.045000	149.670000	-5.775100	13.575000	1
64.039000	149.770000	-7.155500	13.575000	1
64.033000	149.870000	-8.541700	13.574000	1
64.027000	149.970000	-8.537700	13.574000	1
64.021000	150.070000	-6.813400	13.573000	1
64.015000	150.170000	-8.201400	13.573000	1
64.009000	150.270000	-8.197100	13.574000	1
64.002000	150.370000	-8.174600	13.574000	1
63.996000	150.470000	-7.139800	13.575000	1
63.989000	150.560000	-7.495200	13.574000	1
63.982000	150.660000	-8.869600	13.574000	1
63.976000	150.760000	-8.861800	13.575000	1
63.969000	150.860000	-6.816000	13.574000	1
63.962000	150.960000	-4.399600	13.575000	1
63.955000	151.060000	-4.747200	13.575000	1
63.948000	151.160000	-5.072400	13.574000	1
63.941000	151.250000	-3.709000	13.576000	1
63.934000	151.350000	-4.045600	13.575000	1
63.927000	151.450000	-5.773600	13.575000	1
63.919000	151.550000	-3.372500	13.576000	1
63.912000	151.650000	-5.425800	13.575000	1
63.905000	151.750000	-8.187600	13.577000	1
63.897000	151.840000	-6.792000	13.576000	1
63.890000	151.940000	-6.105300	13.576000	1
62.065000	165.490000	-4.730400	13.572000	1
62.048000	165.570000	-6.469800	13.573000	1
62.030000	165.660000	-6.123500	13.572000	1
62.013000	165.740000	-4.062800	13.573000	1
61.996000	165.830000	-7.153000	13.572000	1
61.979000	165.910000	-4.745700	13.573000	1
61.961000	166.000000	-6.814200	13.572000	1
61.944000	166.090000	-6.814200	13.573000	1
61.926000	166.170000	-6.803100	13.572000	1
61.909000	166.260000	-5.425200	13.573000	1
61.891000	166.340000	-4.048900	13.572000	1
61.873000	166.430000	-4.742700	13.573000	1
61.856000	166.510000	-5.773300	13.572000	1
61.838000	166.600000	-5.773200	13.573000	1
61.820000	166.680000	-6.478800	13.572000	1
61.802000	166.770000	-7.494200	13.573000	1
61.784000	166.850000	-6.804200	13.573000	1
61.766000	166.940000	-7.845800	13.573000	1
61.748000	167.020000	-6.804300	13.572000	1
61.730000	167.110000	-8.880500	13.573000	1
61.712000	167.190000	-6.475800	13.572000	1
61.693000	167.270000	-7.491200	13.573000	1
61.675000	167.360000	-3.725200	13.572000	1
61.657000	167.440000	-5.793200	13.573000	1
61.638000	167.530000	-4.057700	13.573000	1
61.620000	167.610000	-5.103300	13.572000	1
61.601000	167.690000	-7.498800	13.573000	1
61.583000	167.780000	-4.759500	13.572000	1
61.564000	167.860000	-4.423100	13.573000	1
61.545000	167.940000	-8.208500	13.572000	1
61.527000	168.030000	-8.208000	13.573000	1
61.508000	168.110000	-6.472600	13.572000	1
61.489000	168.190000	-6.464700	13.573000	1
63.934000	150.650000	-6.557300	14.326000	1
63.928000	150.750000	-5.878000	14.327000	1
63.921000	150.840000	-6.557400	14.326000	1
63.914000	150.940000	-4.847500	14.327000	1
63.907000	151.040000	-3.477100	14.327000	1
63.900000	151.140000	-4.862700	14.326000	1
63.893000	151.240000	-7.280500	14.328000	1
63.886000	151.340000	-4.526100	14.327000	1
63.879000	151.430000	-5.537300	14.327000	1
63.871000	151.530000	-5.884700	14.328000	1
63.864000	151.630000	-6.925400	14.327000	1
61.968000	165.700000	-5.539700	14.325000	1
61.951000	165.790000	-6.928100	14.324000	1
61.934000	165.880000	-7.943300	14.325000	1
61.916000	165.960000	-5.884200	14.324000	1
61.899000	166.050000	-6.559300	14.325000	1
61.881000	166.130000	-6.219400	14.324000	1
61.864000	166.220000	-4.838800	14.325000	1
61.846000	166.300000	-4.170300	14.324000	1
61.829000	166.390000	-5.200400	14.325000	1
61.811000	166.470000	-7.254700	14.324000	1
61.793000	166.560000	-9.330900	14.325000	1
61.775000	166.640000	-5.874300	14.324000	1
61.757000	166.730000	-6.572100	14.325000	1
61.739000	166.810000	-7.251200	14.325000	1
61.721000	166.900000	-6.232300	14.325000	1
61.703000	166.980000	-5.874700	14.324000	1
61.685000	167.060000	-6.922600	14.325000	1
61.667000	167.150000	-5.874800	14.325000	1
61.649000	167.230000	-5.878600	14.325000	1
61.631000	167.320000	-6.244100	14.324000	1
61.612000	167.400000	-7.611000	14.325000	1
61.594000	167.480000	-7.607300	14.325000	1
61.575000	167.570000	-4.187600	14.324000	1
61.557000	167.650000	-5.894100	14.325000	1
61.538000	167.730000	-6.577000	14.324000	1
61.520000	167.820000	-6.577000	14.325000	1
61.501000	167.900000	-6.573100	14.324000	1
61.482000	167.980000	-7.607300	14.325000	1
61.464000	168.070000	-6.588300	14.324000	1
61.445000	168.150000	-7.263100	14.325000	1
64.104000	146.360000	-7.990300	15.087000	1
64.101000	146.460000	-6.959800	15.087000	1
64.097000	146.560000	-7.993800	15.087000	1
64.093000	146.660000	-7.311100	15.087000	1
64.090000	146.760000	-8.688100	15.087000	1
64.086000	146.860000	-9.020400	15.087000	1
64.082000	146.960000	-9.023900	15.087000	1
64.078000	147.060000	-7.993000	15.087000	1
64.074000	147.160000	-7.299000	15.087000	1
64.070000	147.260000	-7.679400	15.087000	1
64.065000	147.360000	-5.256900	15.087000	1
64.061000	147.460000	-5.593300	15.087000	1
63.898000	150.430000	-6.937500	15.088000	1
63.892000	150.530000	-5.568300	15.088000	1
63.885000	150.630000	-7.956800	15.088000	1
63.879000	150.730000	-7.623900	15.088000	1
63.872000	150.830000	-6.593500	15.087000	1
63.865000	150.930000	-6.933400	15.088000	1
63.858000	151.020000	-6.596800	15.088000	1
63.851000	151.120000	-7.296100	15.088000	1
63.844000	151.220000	-4.178100	15.089000	1
63.837000	151.320000	-7.638500	15.088000	1
63.830000	151.420000	-4.537000	15.089000	1
63.823000	151.510000	-5.917000	15.090000	1
63.815000	151.610000	-7.280500	15.089000	1
63.808000	151.710000	-6.592000	15.090000	1
63.800000	151.810000	-7.615400	15.090000	1
61.730000	166.600000	-6.242700	15.086000	1
61.712000	166.690000	-6.600200	15.086000	1
61.694000	166.770000	-8.307500	15.086000	1
61.676000	166.850000	-8.304000	15.086000	1
61.658000	166.940000	-5.906600	15.086000	1
61.640000	167.020000	-6.933200	15.086000	1
61.622000	167.110000	-7.281200	15.086000	1
61.604000	167.190000	-5.564100	15.086000	1
61.585000	167.270000	-4.880400	15.086000	1
61.567000	167.360000	-6.254600	15.086000	1
61.549000	167.440000	-6.589800	15.086000	1
61.530000	167.530000	-5.557100	15.086000	1
61.512000	167.610000	-5.922200	15.086000	1
61.493000	167.690000	-7.998300	15.086000	1
61.475000	167.780000	-7.975400	15.086000	1
61.456000	167.860000	-8.319600	15.086000	1
61.437000	167.940000	-7.277600	15.086000	1
61.419000	168.020000	-4.881200	15.085000	1
61.400000	168.110000	-7.285300	15.086000	1
63.899000	149.630000	-5.624800	15.844000	1
63.893000	149.730000	-6.662400	15.845000	1
63.887000	149.830000	-8.731200	15.844000	1
63.881000	149.930000	-6.322600	15.844000	1
63.875000	150.020000	-8.372800	15.843000	1
63.869000	150.120000	-8.026000	15.843000	1
63.862000	150.220000	-7.674400	15.844000	1
63.856000	150.320000	-8.022100	15.843000	1
63.849000	150.420000	-8.017900	15.844000	1
63.843000	150.520000	-8.716100	15.844000	1
63.836000	150.610000	-8.021400	15.844000	1
63.830000	150.710000	-6.317700	15.845000	1
63.823000	150.810000	-6.647000	15.844000	1
63.816000	150.910000	-7.333300	15.845000	1
63.809000	151.010000	-6.983000	15.845000	1
61.720000	166.390000	-6.309400	15.842000	1
61.702000	166.480000	-7.680000	15.843000	1
61.684000	166.560000	-8.031900	15.842000	1
61.666000	166.640000	-8.714900	15.843000	1
61.648000	166.730000	-7.688000	15.842000	1
61.631000	166.810000	-8.385900	15.843000	1
61.613000	166.900000	-8.718900	15.842000	1
61.595000	166.980000	-6.997800	15.843000	1
61.576000	167.070000	-7.699400	15.842000	1
61.558000	167.150000	-4.246900	15.843000	1
61.540000	167.230000	-4.604700	15.842000	1
61.522000	167.320000	-5.975200	15.843000	1
61.503000	167.400000	-7.367200	15.843000	1
61.485000	167.480000	-6.329500	15.842000	1
61.467000	167.570000	-5.982900	15.843000	1
61.448000	167.650000	-6.669400	15.842000	1
61.429000	167.730000	-5.627800	15.842000	1
61.411000	167.820000	-7.344800	15.842000	1
61.392000	167.900000	-6.317700	15.843000	1
61.374000	167.980000	-8.040000	15.842000	1
61.355000	168.060000	-6.321300	15.843000	1
63.826000	150.010000	-5.074900	16.598000	1
63.819000	150.110000	-7.829900	16.598000	1
63.813000	150.200000	-7.493100	16.598000	1
63.807000	150.300000	-7.134300	16.598000	1
63.800000	150.400000	-7.814300	16.599000	1
63.794000	150.500000	-8.183300	16.598000	1
63.787000	150.600000	-8.504600	16.598000	1
63.781000	150.700000	-8.175500	16.599000	1
63.774000	150.790000	-7.137600	16.598000	1
63.767000	150.890000	-6.787000	16.599000	1
63.760000	150.990000	-6.779400	16.599000	1
63.753000	151.090000	-6.809300	16.599000	1
61.621000	166.600000	-7.820800	16.597000	1
61.603000	166.690000	-7.136900	16.597000	1
61.585000	166.770000	-7.480600	16.597000	1
61.567000	166.860000	-5.427400	16.596000	1
61.549000	166.940000	-7.499300	16.597000	1
61.531000	167.020000	-7.481000	16.597000	1
61.513000	167.110000	-8.182800	16.597000	1
61.495000	167.190000	-7.477600	16.596000	1
61.476000	167.270000	-6.129400	16.597000	1
61.458000	167.360000	-7.130000	16.597000	1
61.440000	167.440000	-7.133700	16.596000	1
61.421000	167.520000	-5.439200	16.597000	1
61.403000	167.610000	-4.745700	16.597000	1
61.384000	167.690000	-8.520200	16.597000	1
61.366000	167.770000	-7.825800	16.596000	1
61.347000	167.860000	-6.802200	16.597000	1
61.328000	167.940000	-7.489300	16.596000	1
61.310000	168.020000	-6.798600	16.597000	1
63.948000	146.530000	-6.173100	17.363000	1
63.944000	146.630000	-6.855800	17.362000	1
63.940000	146.730000	-6.859200	17.362000	1
63.936000	146.830000	-3.754200	17.362000	1
63.932000	146.930000	-5.832000	17.363000	1
63.928000	147.030000	-4.111200	17.363000	1
63.924000	147.130000	-5.134000	17.363000	1
63.920000	147.230000	-5.466800	17.362000	1
63.916000	147.330000	-5.463000	17.362000	1
63.912000	147.430000	-5.820500	17.362000	1
63.908000	147.520000	-7.512700	17.363000	1
63.730000	150.680000	-6.120000	17.364000	1
63.724000	150.780000	-7.146900	17.363000	1
63.717000	150.870000	-6.145800	17.364000	1
63.710000	150.970000	-5.790700	17.364000	1
63.703000	151.070000	-7.851900	17.363000	1
63.696000	151.170000	-7.523700	17.365000	1
63.689000	151.260000	-7.847700	17.364000	1
63.682000	151.360000	-8.871100	17.364000	1
63.675000	151.460000	-8.881800	17.365000	1
63.667000	151.560000	-6.850400	17.364000	1
63.660000	151.650000	-6.477500	17.365000	1
63.653000	151.750000	-9.248200	17.365000	1
63.645000	151.850000	-7.862100	17.365000	1
63.637000	151.950000	-8.198100	17.367000	1
63.630000	152.040000	-8.201900	17.365000	1
63.622000	152.140000	-8.555800	17.366000	1
63.614000	152.240000	-7.152100	17.367000	1
63.607000	152.330000	-8.190600	17.366000	1
63.599000	152.430000	-5.442200	17.367000	1
61.627000	166.310000	-8.549200	17.361000	1
61.610000	166.390000	-7.500800	17.362000	1
61.592000	166.480000	-7.498000	17.361000	1
61.574000	166.560000	-8.546100	17.362000	1
61.556000	166.650000	-5.444700	17.361000	1
61.538000	166.730000	-8.894000	17.362000	1
61.521000	166.810000	-6.475200	17.361000	1
61.502000	166.900000	-5.452200	17.362000	1
61.484000	166.980000	-6.837000	17.361000	1
61.466000	167.060000	-5.452500	17.362000	1
61.448000	167.150000	-6.483300	17.361000	1
61.430000	167.230000	-7.502600	17.361000	1
61.412000	167.310000	-8.208100	17.361000	1
61.393000	167.400000	-8.189600	17.361000	1
61.375000	167.480000	-6.479300	17.361000	1
61.356000	167.560000	-8.550800	17.361000	1
61.338000	167.650000	-7.513600	17.361000	1
61.319000	167.730000	-7.506400	17.361000	1
61.301000	167.810000	-6.138900	17.362000	1
61.282000	167.900000	-6.486600	17.361000	1
61.263000	167.980000	-4.436700	17.361000	1
63.693000	150.470000	-7.623000	18.123000	1
63.687000	150.560000	-5.894600	18.123000	1
63.680000	150.660000	-7.272300	18.124000	1
63.673000	150.760000	-6.242200	18.123000	1
63.667000	150.860000	-5.569000	18.124000	1
63.660000	150.950000	-5.908900	18.124000	1
63.653000	151.050000	-6.230500	18.124000	1
63.646000	151.150000	-6.233700	18.125000	1
63.639000	151.250000	-7.958800	18.124000	1
63.632000	151.340000	-7.965800	18.124000	1
63.624000	151.440000	-6.594700	18.126000	1
63.617000	151.540000	-8.652600	18.124000	1
63.610000	151.640000	-6.236700	18.126000	1
63.602000	151.730000	-6.942000	18.126000	1
63.595000	151.830000	-6.594400	18.125000	1
63.587000	151.930000	-7.617300	18.127000	1
63.580000	152.020000	-8.637100	18.126000	1
63.572000	152.120000	-7.266700	18.127000	1
63.564000	152.220000	-6.922600	18.127000	1
63.556000	152.310000	-6.597700	18.126000	1
61.889000	164.730000	-5.203600	18.122000	1
61.872000	164.820000	-5.901500	18.122000	1
61.855000	164.900000	-7.276500	18.122000	1
61.838000	164.990000	-6.242900	18.122000	1
61.822000	165.070000	-5.891700	18.122000	1
61.805000	165.160000	-4.872500	18.122000	1
61.788000	165.250000	-2.819400	18.122000	1
61.771000	165.330000	-6.258200	18.122000	1
61.754000	165.420000	-8.995500	18.122000	1
61.737000	165.500000	-7.274100	18.122000	1
61.720000	165.590000	-5.559800	18.121000	1
61.703000	165.670000	-6.228800	18.122000	1
61.685000	165.760000	-6.575500	18.121000	1
61.668000	165.840000	-6.930600	18.122000	1
61.651000	165.930000	-6.930900	18.121000	1
61.633000	166.010000	-5.206200	18.122000	1
61.616000	166.100000	-6.233300	18.121000	1
61.598000	166.180000	-7.617700	18.122000	1
61.581000	166.270000	-8.993200	18.121000	1
61.563000	166.350000	-8.989000	18.122000	1
61.545000	166.430000	-6.920400	18.121000	1
61.527000	166.520000	-5.900900	18.122000	1
61.510000	166.600000	-4.878100	18.122000	1
61.492000	166.690000	-6.255900	18.122000	1
61.474000	166.770000	-7.290600	18.121000	1
61.456000	166.850000	-4.867100	18.122000	1
61.438000	166.940000	-5.557400	18.121000	1
61.420000	167.020000	-4.199200	18.122000	1
61.402000	167.100000	-6.252900	18.121000	1
61.384000	167.190000	-6.603000	18.122000	1
61.365000	167.270000	-5.211300	18.122000	1
61.347000	167.350000	-7.279900	18.121000	1
61.329000	167.440000	-6.939500	18.122000	1
61.310000	167.520000	-7.630200	18.122000	1
61.292000	167.600000	-7.629900	18.122000	1
61.273000	167.690000	-8.320500	18.121000	1
61.255000	167.770000	-5.575800	18.122000	1
61.236000	167.850000	-8.316500	18.121000	1
61.217000	167.930000	-2.153300	18.122000	1