La	Lo	Sig	Theta	Ice
61.373000	129.520000	-8.316800	-18.175000	1
61.397000	129.590000	-8.656800	-18.175000	1
61.422000	129.670000	-7.966300	-18.175000	1
61.446000	129.750000	-7.973400	-18.175000	1
61.470000	129.820000	-7.272100	-18.175000	1
61.494000	129.900000	-6.945900	-18.175000	1
61.519000	129.980000	-7.282100	-18.175000	1
61.543000	130.050000	-7.965100	-18.175000	1
61.567000	130.130000	-7.282000	-18.175000	1
61.591000	130.210000	-6.597600	-18.175000	1
61.615000	130.290000	-7.620800	-18.175000	1
61.639000	130.360000	-7.635600	-18.175000	1
61.663000	130.440000	-7.281500	-18.175000	1
61.687000	130.520000	-7.281500	-18.175000	1
61.710000	130.600000	-7.967900	-18.175000	1
61.734000	130.680000	-8.654800	-18.175000	1
61.758000	130.750000	-7.627200	-18.175000	1
61.781000	130.830000	-7.269600	-18.175000	1
61.805000	130.910000	-6.592500	-18.175000	1
61.829000	130.990000	-6.932600	-18.175000	1
61.852000	131.070000	-7.279600	-18.175000	1
61.876000	131.150000	-8.319900	-18.175000	1
61.899000	131.230000	-6.938800	-18.175000	1
61.922000	131.310000	-6.602200	-18.175000	1
61.946000	131.380000	-6.594800	-18.175000	1
61.969000	131.460000	-7.286200	-18.175000	1
61.992000	131.540000	-8.326800	-18.175000	1
62.015000	131.620000	-6.934500	-18.176000	1
62.039000	131.700000	-8.318900	-18.175000	1
62.062000	131.780000	-7.274000	-18.176000	1
65.523000	150.180000	-5.849400	-18.179000	1
65.534000	150.290000	-6.547000	-18.179000	1
65.545000	150.390000	-2.765300	-18.179000	1
65.555000	150.490000	-5.516200	-18.179000	1
65.566000	150.600000	-5.512300	-18.179000	1
65.576000	150.700000	-5.515900	-18.178000	1
65.586000	150.800000	-4.486600	-18.179000	1
65.597000	150.910000	-5.515500	-18.179000	1
65.607000	151.010000	-5.515500	-18.178000	1
65.617000	151.110000	-5.844500	-18.179000	1
65.627000	151.220000	-5.511600	-18.179000	1
65.637000	151.320000	-6.191800	-18.179000	1
65.647000	151.420000	-6.545700	-18.179000	1
65.657000	151.530000	-6.191800	-18.179000	1
65.667000	151.630000	-6.195200	-18.179000	1
65.676000	151.740000	-5.854300	-18.179000	1
65.686000	151.840000	-6.544800	-18.179000	1
65.695000	151.940000	-3.797000	-18.179000	1
65.705000	152.050000	-6.205400	-18.179000	1
65.714000	152.150000	-6.212800	-18.179000	1
65.724000	152.260000	-8.283600	-18.179000	1
65.733000	152.360000	-3.822800	-18.178000	1
65.474000	150.220000	-5.437800	-17.421000	1
65.485000	150.320000	-3.717100	-17.421000	1
65.496000	150.420000	-6.482900	-17.421000	1
65.506000	150.520000	-5.441000	-17.421000	1
65.517000	150.630000	-5.455100	-17.421000	1
65.527000	150.730000	-6.149000	-17.421000	1
65.538000	150.830000	-5.790100	-17.421000	1
65.548000	150.940000	-6.477800	-17.421000	1
65.558000	151.040000	-4.760800	-17.421000	1
65.568000	151.140000	-5.447100	-17.421000	1
65.578000	151.250000	-4.409100	-17.421000	1
65.588000	151.350000	-6.481000	-17.421000	1
65.598000	151.450000	-6.129600	-17.421000	1
65.608000	151.560000	-5.102700	-17.421000	1
65.617000	151.660000	-6.823500	-17.421000	1
65.627000	151.770000	-6.834500	-17.421000	1
65.637000	151.870000	-6.823500	-17.421000	1
65.436000	150.350000	-5.745200	-16.659000	1
65.447000	150.450000	-4.370800	-16.658000	1
65.458000	150.560000	-6.442700	-16.658000	1
65.468000	150.660000	-6.431300	-16.659000	1
65.478000	150.760000	-5.408200	-16.658000	1
65.489000	150.870000	-6.094600	-16.658000	1
65.499000	150.970000	-6.094500	-16.659000	1
65.509000	151.070000	-4.710200	-16.658000	1
65.519000	151.180000	-5.053800	-16.659000	1
65.529000	151.280000	-4.717300	-16.659000	1
65.539000	151.380000	-5.744200	-16.658000	1
65.549000	151.490000	-6.090400	-16.659000	1
65.559000	151.590000	-5.747500	-16.659000	1
65.568000	151.690000	-6.097500	-16.659000	1
65.578000	151.800000	-6.785200	-16.659000	1
65.588000	151.900000	-5.751000	-16.659000	1
65.597000	152.000000	-4.033900	-16.659000	1
65.607000	152.110000	-6.112100	-16.659000	1
65.616000	152.210000	-6.108400	-16.659000	1
65.625000	152.320000	-6.463100	-16.659000	1
65.634000	152.420000	-8.162000	-16.658000	1
61.128000	129.870000	-6.546500	-13.631000	1
61.152000	129.940000	-5.859900	-13.631000	1
61.176000	130.020000	-6.546200	-13.631000	1
61.200000	130.090000	-7.243800	-13.631000	1
61.224000	130.170000	-7.916400	-13.631000	1
61.248000	130.250000	-7.232100	-13.631000	1
61.272000	130.320000	-6.544900	-13.631000	1
61.296000	130.400000	-6.892300	-13.631000	1
61.320000	130.480000	-7.582600	-13.631000	1
61.344000	130.560000	-6.197900	-13.631000	1
61.368000	130.630000	-6.548000	-13.631000	1
61.391000	130.710000	-5.167400	-13.631000	1
61.415000	130.790000	-6.197700	-13.631000	1
61.439000	130.860000	-6.880200	-13.631000	1
61.462000	130.940000	-6.547300	-13.631000	1
61.486000	131.020000	-6.543600	-13.631000	1
61.509000	131.100000	-6.887300	-13.631000	1
61.533000	131.180000	-7.917400	-13.631000	1
61.556000	131.250000	-7.229300	-13.631000	1
61.579000	131.330000	-7.573100	-13.631000	1
61.603000	131.410000	-7.913200	-13.631000	1
61.626000	131.490000	-8.263100	-13.631000	1
61.649000	131.570000	-7.571900	-13.631000	1
61.672000	131.650000	-6.885400	-13.631000	1
61.696000	131.730000	-6.191200	-13.631000	1
61.719000	131.800000	-7.915400	-13.631000	1
61.742000	131.880000	-7.238800	-13.631000	1
61.765000	131.960000	-7.919100	-13.631000	1
61.787000	132.040000	-7.234800	-13.631000	1
61.810000	132.120000	-7.907100	-13.631000	1
61.833000	132.200000	-7.570600	-13.631000	1
61.856000	132.280000	-8.268600	-13.631000	1
61.879000	132.360000	-7.914600	-13.631000	1
61.901000	132.440000	-8.597000	-13.631000	1
61.924000	132.520000	-7.914000	-13.631000	1
61.947000	132.600000	-7.566100	-13.631000	1
61.969000	132.680000	-8.260100	-13.631000	1
61.992000	132.760000	-6.192000	-13.631000	1
62.014000	132.840000	-7.576400	-13.631000	1
62.036000	132.920000	-7.568500	-13.631000	1
62.059000	133.000000	-7.232000	-13.631000	1
65.225000	150.270000	-5.800400	-13.633000	1
65.236000	150.380000	-7.184400	-13.633000	1
65.246000	150.480000	-6.147300	-13.634000	1
65.257000	150.580000	-4.086700	-13.633000	1
65.267000	150.680000	-2.362600	-13.633000	1
65.278000	150.780000	-3.052500	-13.633000	1
65.288000	150.890000	-4.086500	-13.633000	1
65.298000	150.990000	-6.150600	-13.633000	1
65.308000	151.090000	-5.112600	-13.634000	1
65.318000	151.190000	-5.459000	-13.633000	1
65.328000	151.300000	-6.492800	-13.634000	1
65.338000	151.400000	-5.466100	-13.634000	1
65.348000	151.500000	-4.775900	-13.633000	1
65.358000	151.600000	-6.134800	-13.634000	1
65.368000	151.710000	-7.526500	-13.634000	1
65.377000	151.810000	-6.836200	-13.633000	1
65.387000	151.910000	-3.748900	-13.634000	1
65.396000	152.010000	-5.472900	-13.634000	1
65.406000	152.120000	-5.134200	-13.634000	1
65.415000	152.220000	-6.491800	-13.633000	1
65.424000	152.320000	-3.412300	-13.633000	1
65.433000	152.430000	-7.533500	-13.634000	1
65.443000	152.530000	-7.540500	-13.633000	1
61.087000	129.920000	-6.402100	-12.872000	1
61.112000	130.000000	-5.725500	-12.872000	1
61.136000	130.070000	-6.069400	-12.872000	1
61.160000	130.150000	-5.367600	-12.872000	1
61.184000	130.230000	-5.725000	-12.872000	1
61.208000	130.300000	-5.370900	-12.872000	1
61.232000	130.380000	-6.064700	-12.872000	1
61.256000	130.460000	-6.408400	-12.872000	1
61.279000	130.530000	-6.060500	-12.872000	1
61.303000	130.610000	-6.396600	-12.872000	1
61.327000	130.690000	-5.720300	-12.872000	1
61.351000	130.770000	-6.400300	-12.872000	1
61.374000	130.840000	-7.086600	-12.872000	1
61.398000	130.920000	-6.399300	-12.872000	1
61.421000	131.000000	-6.749500	-12.872000	1
61.445000	131.080000	-6.402900	-12.872000	1
61.468000	131.150000	-6.398800	-12.872000	1
61.492000	131.230000	-8.477300	-12.872000	1
61.515000	131.310000	-7.438900	-12.872000	1
61.539000	131.390000	-7.088500	-12.872000	1
61.562000	131.470000	-7.434900	-12.872000	1
61.585000	131.540000	-7.080600	-12.872000	1
61.608000	131.620000	-6.057600	-12.872000	1
61.631000	131.700000	-7.088000	-12.872000	1
61.654000	131.780000	-7.087800	-12.872000	1
61.678000	131.860000	-7.781700	-12.872000	1
61.700000	131.940000	-7.441500	-12.872000	1
61.723000	132.020000	-8.117800	-12.872000	1
61.746000	132.100000	-7.440500	-12.872000	1
61.769000	132.180000	-8.470800	-12.872000	1
61.792000	132.260000	-7.440100	-12.872000	1
61.815000	132.340000	-7.443700	-12.872000	1
61.837000	132.410000	-6.395600	-12.872000	1
61.860000	132.490000	-7.081800	-12.872000	1
65.167000	150.200000	-6.010700	-12.874000	1
65.178000	150.310000	-6.010500	-12.874000	1
65.189000	150.410000	-5.670200	-12.874000	1
65.199000	150.510000	-5.669800	-12.874000	1
65.210000	150.610000	-4.639500	-12.874000	1
65.220000	150.710000	-3.254700	-12.874000	1
65.231000	150.810000	-3.959800	-12.874000	1
65.241000	150.920000	-3.258300	-12.874000	1
65.251000	151.020000	-5.668700	-12.874000	1
65.261000	151.120000	-6.001100	-12.874000	1
65.271000	151.220000	-6.352600	-12.874000	1
65.281000	151.320000	-6.012300	-12.874000	1
65.291000	151.430000	-5.321900	-12.874000	1
65.301000	151.530000	-3.257600	-12.874000	1
65.311000	151.630000	-4.977800	-12.874000	1
65.320000	151.730000	-4.988800	-12.874000	1
65.330000	151.840000	-3.966200	-12.874000	1
65.339000	151.940000	-5.671400	-12.874000	1
65.349000	152.040000	-3.943300	-12.874000	1
65.358000	152.150000	-5.332500	-12.874000	1
65.368000	152.250000	-7.049200	-12.874000	1
65.377000	152.350000	-1.540300	-12.874000	1
65.386000	152.450000	-3.617900	-12.874000	1
65.395000	152.560000	-6.347300	-12.874000	1
65.404000	152.660000	-7.041200	-12.874000	1
61.008000	130.030000	-6.706600	-11.359000	1
61.032000	130.110000	-6.702800	-11.359000	1
61.056000	130.190000	-6.016000	-11.359000	1
61.080000	130.260000	-6.366100	-11.359000	1
61.104000	130.340000	-5.331700	-11.359000	1
61.128000	130.410000	-5.671700	-11.359000	1
61.152000	130.490000	-5.330800	-11.359000	1
61.175000	130.570000	-6.372200	-11.359000	1
61.199000	130.640000	-6.364600	-11.359000	1
61.223000	130.720000	-5.670300	-11.359000	1
61.247000	130.800000	-6.368100	-11.359000	1
61.270000	130.870000	-7.040400	-11.359000	1
61.294000	130.950000	-6.006400	-11.359000	1
61.317000	131.030000	-6.363800	-11.359000	1
61.341000	131.110000	-7.036300	-11.359000	1
61.364000	131.180000	-6.699900	-11.359000	1
61.388000	131.260000	-6.699600	-11.359000	1
61.411000	131.340000	-6.695700	-11.359000	1
61.434000	131.420000	-7.039500	-11.359000	1
61.458000	131.500000	-6.695300	-11.359000	1
61.481000	131.570000	-6.008700	-11.359000	1
61.504000	131.650000	-6.702600	-11.359000	1
61.527000	131.730000	-6.007800	-11.359000	1
61.550000	131.810000	-7.731900	-11.359000	1
61.573000	131.890000	-6.697600	-11.359000	1
61.596000	131.970000	-6.697400	-11.359000	1
61.619000	132.050000	-7.037500	-11.359000	1
61.642000	132.120000	-7.391100	-11.359000	1
61.665000	132.200000	-7.731100	-11.359000	1
61.688000	132.280000	-8.081100	-11.359000	1
61.710000	132.360000	-7.036700	-11.359000	1
61.733000	132.440000	-7.040400	-11.359000	1
61.756000	132.520000	-7.044000	-11.359000	1
61.778000	132.600000	-6.005900	-11.359000	1
61.801000	132.680000	-6.699900	-11.359000	1
65.117000	150.670000	-4.929900	-11.361000	1
65.127000	150.770000	-5.623800	-11.361000	1
65.137000	150.870000	-4.589500	-11.361000	1
65.148000	150.970000	-4.249400	-11.361000	1
65.158000	151.080000	-5.616000	-11.361000	1
65.168000	151.180000	-5.275500	-11.361000	1
65.178000	151.280000	-5.271700	-11.361000	1
65.188000	151.380000	-5.959400	-11.361000	1
65.198000	151.480000	-5.279000	-11.361000	1
65.207000	151.590000	-4.577400	-11.361000	1
65.217000	151.690000	-2.868300	-11.361000	1
65.227000	151.790000	-2.181800	-11.361000	1
65.236000	151.890000	-5.954900	-11.361000	1
65.246000	152.000000	-6.996400	-11.361000	1
65.255000	152.100000	-5.267000	-11.361000	1
65.265000	152.200000	-6.308400	-11.361000	1
65.060000	150.600000	-6.694500	-10.601000	1
65.070000	150.700000	-5.310300	-10.600000	1
65.081000	150.800000	-6.004200	-10.600000	1
65.091000	150.900000	-5.310100	-10.600000	1
65.101000	151.000000	-4.633700	-10.600000	1
65.111000	151.110000	-6.690300	-10.600000	1
65.121000	151.210000	-4.633300	-10.601000	1
65.131000	151.310000	-6.003700	-10.600000	1
65.141000	151.410000	-6.686200	-10.600000	1
65.151000	151.510000	-6.347200	-10.601000	1
65.161000	151.610000	-5.313100	-10.600000	1
65.170000	151.720000	-3.245000	-10.600000	1
65.180000	151.820000	-4.625000	-10.601000	1
65.190000	151.920000	-6.685500	-10.600000	1
65.199000	152.020000	-6.331400	-10.601000	1
65.209000	152.120000	-6.692900	-10.600000	1
64.968000	150.660000	-4.967600	-9.090300	1
64.979000	150.760000	-5.997800	-9.090100	1
64.989000	150.860000	-5.317600	-9.090000	1
64.999000	150.960000	-4.627300	-9.090100	1
65.009000	151.060000	-4.273400	-9.090000	1
65.019000	151.160000	-2.899400	-9.089800	1
65.029000	151.260000	-3.936700	-9.090300	1
65.039000	151.360000	-3.593000	-9.089800	1
65.049000	151.470000	-3.936600	-9.090100	1
65.059000	151.570000	-4.618900	-9.090200	1
65.069000	151.670000	-5.312800	-9.090000	1
65.078000	151.770000	-5.989000	-9.090100	1
65.088000	151.870000	-4.965600	-9.090300	1
65.097000	151.970000	-2.572800	-9.090100	1
60.796000	130.430000	-5.885900	-6.821900	1
60.820000	130.510000	-5.539400	-6.821900	1
60.844000	130.580000	-4.169100	-6.821800	1
60.867000	130.660000	-5.199000	-6.822000	1
60.891000	130.730000	-5.538500	-6.821800	1
60.915000	130.810000	-5.542000	-6.822000	1
60.938000	130.890000	-5.891900	-6.821800	1
60.962000	130.960000	-6.228100	-6.822000	1
60.986000	131.040000	-6.231500	-6.822100	1
61.009000	131.120000	-7.261700	-6.822000	1
61.033000	131.190000	-7.253900	-6.822100	1
61.056000	131.270000	-5.887400	-6.821800	1
61.079000	131.350000	-6.231000	-6.822000	1
61.103000	131.420000	-7.611100	-6.821900	1
61.126000	131.500000	-6.577000	-6.821900	1
61.149000	131.580000	-6.573100	-6.821800	1
61.172000	131.660000	-6.580400	-6.821900	1
61.195000	131.730000	-6.576500	-6.821800	1
61.218000	131.810000	-5.882400	-6.822000	1
61.241000	131.890000	-5.886200	-6.821800	1
61.264000	131.970000	-6.229100	-6.822100	1
61.287000	132.050000	-6.915300	-6.822200	1
61.310000	132.120000	-7.259100	-6.822000	1
61.333000	132.200000	-6.571200	-6.822200	1
61.356000	132.280000	-7.258700	-6.822100	1
61.378000	132.360000	-6.574800	-6.822000	1
61.401000	132.440000	-7.254600	-6.822200	1
61.424000	132.520000	-6.914500	-6.822100	1
61.446000	132.600000	-6.914400	-6.822100	1
61.469000	132.670000	-6.914100	-6.822300	1
61.491000	132.750000	-6.914100	-6.822100	1
64.689000	150.300000	-0.626660	-5.313600	1
64.700000	150.400000	-2.343100	-5.313300	1
64.710000	150.500000	-4.062700	-5.313600	1
64.721000	150.600000	-4.402500	-5.313800	1
64.731000	150.700000	-4.748800	-5.313600	1
64.742000	150.800000	-5.088500	-5.313900	1
64.752000	150.900000	-3.708300	-5.313800	1
64.762000	151.000000	-3.708300	-5.313600	1
64.772000	151.100000	-1.647900	-5.313800	1
64.782000	151.200000	-2.334200	-5.313700	1
64.792000	151.300000	-3.368000	-5.313400	1
64.802000	151.400000	-4.747600	-5.313900	1
64.812000	151.500000	-3.707700	-5.313400	1
64.822000	151.600000	-3.367400	-5.313600	1
64.831000	151.700000	-1.647000	-5.313800	1
64.841000	151.800000	-0.977920	-5.313600	1
64.851000	151.900000	-3.706900	-5.313700	1
64.860000	152.000000	-3.706700	-5.314000	1
64.870000	152.100000	-4.053100	-5.313700	1
64.879000	152.200000	-4.743000	-5.313900	1
64.888000	152.310000	0.417250	-5.313700	1
64.897000	152.410000	-1.992600	-5.313900	1
64.907000	152.510000	-3.710000	-5.313700	1
64.916000	152.610000	-1.309900	-5.313500	1
64.925000	152.710000	-4.399600	-5.313900	1
64.934000	152.810000	-3.706100	-5.313500	1
64.942000	152.910000	-4.059500	-5.313600	1
64.951000	153.020000	-2.346200	-5.314000	1
64.655000	150.420000	-3.174900	-4.558500	1
64.665000	150.520000	-2.830900	-4.558800	1
64.676000	150.620000	-3.517000	-4.559000	1
64.686000	150.720000	-2.830500	-4.558800	1
64.697000	150.820000	-1.106500	-4.559100	1
64.707000	150.920000	-0.766380	-4.559000	1
64.717000	151.020000	-2.136400	-4.558800	1
64.727000	151.120000	-1.796100	-4.559000	1
64.737000	151.220000	-2.826100	-4.558900	1
64.747000	151.320000	-4.542700	-4.558600	1
64.757000	151.420000	-1.459200	-4.559100	1
64.767000	151.520000	-1.795800	-4.558600	1
64.777000	151.630000	-1.105500	-4.558800	1
64.786000	151.730000	-2.131700	-4.559000	1
64.796000	151.830000	-3.855400	-4.558900	1
64.805000	151.930000	-5.926100	-4.559000	1
64.815000	152.030000	-5.571500	-4.559200	1
64.824000	152.130000	-4.541500	-4.558900	1
64.834000	152.230000	-2.484700	-4.559100	1
64.843000	152.330000	-2.481200	-4.558900	1
60.641000	130.640000	-6.226300	-3.802600	1
60.664000	130.710000	-6.233100	-3.802500	1
60.688000	130.790000	-4.509300	-3.802500	1
60.712000	130.870000	-5.202300	-3.802700	1
60.735000	130.940000	-6.232500	-3.802400	1
60.759000	131.020000	-4.172000	-3.802700	1
60.782000	131.090000	-6.232200	-3.802400	1
60.806000	131.170000	-5.538200	-3.802700	1
60.829000	131.250000	-5.538200	-3.802600	1
60.853000	131.320000	-7.951800	-3.802700	1
60.876000	131.400000	-6.571400	-3.802700	1
60.899000	131.470000	-6.921400	-3.802500	1
60.922000	131.550000	-6.227600	-3.802600	1
60.946000	131.630000	-6.567500	-3.802600	1
60.969000	131.710000	-6.227400	-3.802500	1
60.992000	131.780000	-5.887100	-3.802500	1
61.015000	131.860000	-6.567000	-3.802600	1
61.038000	131.940000	-4.503200	-3.802400	1
61.061000	132.010000	-5.886500	-3.802600	1
61.084000	132.090000	-5.536300	-3.802400	1
61.107000	132.170000	-5.886000	-3.802600	1
61.129000	132.250000	-6.225800	-3.802800	1
61.152000	132.330000	-5.885800	-3.802600	1
61.175000	132.400000	-5.885400	-3.802800	1
61.197000	132.480000	-4.165200	-3.802700	1
61.220000	132.560000	-2.785100	-3.802700	1
61.243000	132.640000	-4.161500	-3.802700	1
61.265000	132.720000	-1.751200	-3.802700	1
61.288000	132.800000	-6.915000	-3.802600	1
61.310000	132.870000	-6.564600	-3.802900	1
61.332000	132.950000	-6.224600	-3.802600	1
61.355000	133.030000	-5.884400	-3.802700	1
61.377000	133.110000	-5.534200	-3.802700	1
64.610000	150.450000	1.032800	-3.802800	1
64.620000	150.550000	0.003215	-3.803100	1
64.631000	150.650000	1.033600	-3.803300	1
64.641000	150.750000	-0.346450	-3.803100	1
64.652000	150.850000	0.003945	-3.803400	1
64.662000	150.950000	1.037600	-3.803300	1
64.672000	151.050000	-1.372500	-3.803200	1
64.682000	151.150000	0.007835	-3.803300	1
64.692000	151.250000	-1.372100	-3.803300	1
64.702000	151.350000	1.377800	-3.802900	1
64.712000	151.450000	-1.021700	-3.803500	1
64.722000	151.550000	-1.712000	-3.803000	1
64.732000	151.650000	-1.021600	-3.803100	1
64.741000	151.750000	-2.401400	-3.803400	1
61.044000	132.140000	-5.792100	-3.046600	1
61.067000	132.220000	-5.441800	-3.046800	1
61.090000	132.300000	-4.411500	-3.046900	1
61.113000	132.380000	-2.701400	-3.046700	1
61.135000	132.450000	-2.011000	-3.047000	1
61.158000	132.530000	-2.007600	-3.046900	1
61.180000	132.610000	-2.347500	-3.046800	1
61.203000	132.690000	1.772800	-3.046900	1
61.225000	132.770000	-3.037200	-3.046900	1
61.248000	132.840000	-4.760600	-3.046700	1
61.270000	132.920000	-4.410200	-3.047000	1
61.293000	133.000000	-5.790400	-3.046700	1
61.315000	133.080000	-5.100100	-3.046800	1
61.337000	133.160000	-6.130000	-3.046800	1
64.554000	150.380000	-0.254470	-3.047300	1
64.565000	150.480000	3.865500	-3.046900	1
64.575000	150.580000	1.805900	-3.047100	1
64.586000	150.680000	1.466200	-3.047300	1
64.596000	150.780000	1.469600	-3.047100	1
64.607000	150.880000	3.870000	-3.047400	1
64.617000	150.980000	1.470100	-3.047400	1
64.627000	151.080000	2.500200	-3.047200	1
64.637000	151.180000	0.780380	-3.047300	1
64.647000	151.280000	0.780500	-3.047300	1
64.657000	151.380000	-1.279700	-3.046900	1
64.667000	151.480000	-2.309200	-3.047500	1
64.677000	151.580000	-0.939370	-3.047000	1
64.686000	151.680000	-1.965800	-3.047100	1
60.913000	131.880000	-2.200500	-2.295400	1
60.936000	131.960000	-3.243600	-2.295400	1
60.959000	132.040000	-4.273500	-2.295400	1
60.982000	132.110000	-2.893300	-2.295500	1
61.005000	132.190000	-2.893300	-2.295300	1
61.028000	132.270000	2.257100	-2.295500	1
61.051000	132.350000	2.610500	-2.295600	1
61.073000	132.420000	0.890540	-2.295500	1
61.096000	132.500000	0.550840	-2.295700	1
61.119000	132.580000	-1.859100	-2.295600	1
61.141000	132.660000	-7.359300	-2.295600	1
61.164000	132.740000	-5.982200	-2.295600	1
61.186000	132.820000	-6.672100	-2.295600	1
64.520000	150.510000	3.322200	-2.295500	1
64.531000	150.610000	4.012600	-2.295700	1
64.541000	150.710000	4.362900	-2.295900	1
64.552000	150.800000	3.672900	-2.295700	1
64.562000	150.900000	4.366500	-2.296000	1
64.572000	151.000000	6.076700	-2.296000	1
64.582000	151.100000	2.986700	-2.295800	1
64.592000	151.200000	2.646900	-2.295900	1
64.602000	151.300000	1.267000	-2.295900	1
64.612000	151.400000	-2.163200	-2.295500	1
64.622000	151.500000	-0.792600	-2.296000	1
64.632000	151.600000	-0.102810	-2.295600	1
64.642000	151.700000	-1.482600	-2.295700	1
64.651000	151.800000	-2.512300	-2.296000	1
60.805000	131.700000	-4.243400	-1.540700	1
60.828000	131.780000	5.033700	-1.540700	1
60.851000	131.860000	5.726800	-1.540600	1
60.874000	131.930000	4.004000	-1.540700	1
60.897000	132.010000	7.447200	-1.540700	1
60.920000	132.090000	6.064300	-1.540600	1
60.943000	132.160000	1.597500	-1.540700	1
60.966000	132.240000	2.627500	-1.540500	1
60.989000	132.320000	3.317800	-1.540700	1
61.011000	132.400000	5.038000	-1.540800	1
61.034000	132.470000	-0.112020	-1.540700	1
61.057000	132.550000	-6.644900	-1.540900	1
61.079000	132.630000	-3.901700	-1.540900	1
61.102000	132.710000	-6.304700	-1.540800	1
61.124000	132.790000	-5.614500	-1.540800	1
61.146000	132.860000	-5.964300	-1.540800	1
61.169000	132.940000	-6.644300	-1.540700	1
61.191000	133.020000	-6.307200	-1.540900	1
61.213000	133.100000	-5.617200	-1.540700	1
61.236000	133.180000	-5.274100	-1.540700	1
61.258000	133.260000	-2.523800	-1.540800	1
61.280000	133.340000	-1.153600	-1.540700	1
61.302000	133.420000	-2.183500	-1.540800	1
61.324000	133.490000	-4.583500	-1.540700	1
61.346000	133.570000	-5.613300	-1.540700	1
61.368000	133.650000	-4.933100	-1.540700	1
61.390000	133.730000	-4.933000	-1.540700	1
64.263000	148.670000	-4.563700	-1.541000	1
64.275000	148.770000	-2.840800	-1.540700	1
64.287000	148.860000	4.032400	-1.540800	1
64.299000	148.960000	5.749400	-1.541000	1
64.310000	149.060000	6.089300	-1.540600	1
64.322000	149.160000	6.089500	-1.540800	1
64.333000	149.250000	0.589720	-1.540900	1
64.344000	149.350000	-6.283400	-1.540800	1
64.356000	149.450000	-7.313300	-1.540800	1
64.476000	150.530000	4.034600	-1.540600	1
64.486000	150.630000	4.727900	-1.540800	1
64.497000	150.730000	4.728200	-1.541000	1
64.507000	150.830000	4.378200	-1.540800	1
64.517000	150.930000	5.071500	-1.541000	1
64.527000	151.030000	1.981700	-1.541000	1
64.537000	151.130000	5.071800	-1.540900	1
64.547000	151.230000	4.042000	-1.541000	1
64.557000	151.330000	2.322100	-1.541000	1
64.567000	151.430000	1.292000	-1.540600	1
64.577000	151.530000	1.982500	-1.541100	1
64.587000	151.630000	2.325300	-1.540700	1
64.597000	151.730000	-0.767510	-1.540800	1
64.606000	151.830000	-0.430500	-1.541000	1
60.972000	132.450000	-4.598500	-0.792430	1
60.995000	132.520000	-3.908400	-0.792320	1
61.017000	132.600000	-5.628300	-0.792480	1
61.040000	132.680000	-6.318200	-0.792450	1
61.062000	132.760000	-5.631200	-0.792380	1
61.085000	132.830000	-3.561000	-0.792410	1
61.107000	132.910000	-5.290900	-0.792430	1
61.129000	132.990000	-3.910800	-0.792220	1
61.152000	133.070000	-5.970600	-0.792460	1
61.174000	133.150000	-8.040700	-0.792290	1
61.196000	133.230000	-7.687800	-0.792280	1
61.218000	133.310000	-6.317500	-0.792360	1
61.240000	133.380000	-5.967400	-0.792310	1
64.442000	150.660000	4.029600	-0.792240	1
64.452000	150.760000	4.722500	-0.792440	1
64.462000	150.860000	0.942640	-0.792260	1
64.473000	150.960000	5.755700	-0.792440	1
64.483000	151.060000	5.062600	-0.792480	1
64.493000	151.150000	6.442700	-0.792340	1
64.503000	151.250000	5.412900	-0.792400	1
64.513000	151.350000	3.353000	-0.792460	1
64.523000	151.450000	0.592990	-0.792070	1
64.532000	151.550000	-0.433970	-0.792540	1
64.542000	151.650000	0.946020	-0.792200	1
64.552000	151.750000	1.976200	-0.792240	1
60.796000	132.030000	-2.689900	0.118100	1
60.819000	132.110000	-4.409800	0.118530	1
60.842000	132.180000	-6.819800	0.118300	1
60.865000	132.260000	-5.099500	0.118210	1
60.887000	132.340000	-7.162100	0.118590	1
60.910000	132.420000	-5.791900	0.118140	1
60.933000	132.490000	-5.099100	0.118420	1
60.955000	132.570000	-1.998800	0.118450	1
60.978000	132.650000	-7.161600	0.118110	1
61.000000	132.730000	-6.818700	0.118520	1
61.023000	132.810000	0.751660	0.118330	1
61.045000	132.880000	0.751800	0.118140	1
61.068000	132.960000	-2.688100	0.118510	1
61.090000	133.040000	-1.998000	0.118020	1
61.112000	133.120000	-4.407900	0.118310	1
61.134000	133.200000	0.749180	0.118460	1
61.157000	133.280000	-6.480900	0.118120	1
61.179000	133.350000	-6.480800	0.118540	1
61.201000	133.430000	-6.130600	0.118350	1
61.223000	133.510000	-6.820500	0.118200	1
61.245000	133.590000	-6.130300	0.118600	1
61.267000	133.670000	-6.817600	0.118180	1
64.407000	150.780000	2.838300	0.117910	1
64.418000	150.880000	2.501200	0.118220	1
64.428000	150.980000	3.534000	0.117870	1
64.438000	151.080000	5.254200	0.118190	1
64.448000	151.180000	11.094000	0.118230	1
64.458000	151.280000	5.594500	0.117960	1
64.468000	151.380000	4.904600	0.118400	1
64.478000	151.480000	0.092118	0.118100	1
64.488000	151.580000	4.224900	0.118110	1
64.497000	151.680000	-1.635000	0.118480	1
64.507000	151.780000	7.655200	0.118090	1
60.665000	131.770000	-1.554400	0.732750	1
60.688000	131.850000	-4.644300	0.732710	1
60.711000	131.930000	-5.674200	0.732620	1
60.734000	132.000000	-0.173740	0.732910	1
60.757000	132.080000	-5.333800	0.732670	1
60.780000	132.160000	-7.046400	0.732880	1
60.802000	132.230000	-6.363500	0.732820	1
60.825000	132.310000	-7.736200	0.732700	1
60.848000	132.390000	-6.705900	0.732980	1
60.871000	132.470000	-5.673100	0.732730	1
60.893000	132.540000	0.867230	0.732660	1
60.916000	132.620000	1.897400	0.732760	1
60.938000	132.700000	-4.302700	0.732500	1
60.961000	132.780000	-6.362600	0.732640	1
60.983000	132.850000	-1.889500	0.732660	1
61.006000	132.930000	-4.985400	0.732560	1
61.028000	133.010000	-2.582400	0.732680	1
61.050000	133.090000	-6.015100	0.732740	1
61.072000	133.170000	-2.924900	0.732620	1
61.095000	133.240000	-5.334800	0.732810	1
61.117000	133.320000	-7.394800	0.732730	1
61.139000	133.400000	-6.014500	0.732790	1
61.161000	133.480000	-6.014400	0.732760	1
61.183000	133.560000	-3.951400	0.732710	1
61.205000	133.640000	-6.701400	0.732880	1
61.227000	133.720000	-7.394100	0.732760	1
61.249000	133.800000	-6.701100	0.732730	1
64.363000	150.810000	2.605300	0.732740	1
64.373000	150.910000	3.988300	0.733050	1
64.383000	151.010000	2.611100	0.732760	1
64.393000	151.110000	4.331300	0.732800	1
64.403000	151.210000	5.711500	0.732950	1
64.413000	151.310000	0.545610	0.732820	1
64.423000	151.400000	3.298500	0.732860	1
64.433000	151.500000	-1.524000	0.733210	1
64.443000	151.600000	-1.861300	0.732720	1
64.452000	151.700000	-2.201000	0.733170	1
64.462000	151.800000	1.229100	0.733040	1
64.472000	151.900000	-2.553600	0.732860	1
64.098000	148.880000	-6.645100	1.488000	1
64.109000	148.980000	-4.239100	1.487900	1
64.121000	149.080000	-0.456070	1.487800	1
64.132000	149.170000	0.577130	1.488000	1
64.144000	149.270000	1.604100	1.488100	1
64.155000	149.370000	3.324100	1.487900	1
64.167000	149.470000	5.387200	1.488000	1
64.178000	149.560000	-0.455620	1.488000	1
64.189000	149.660000	-8.711800	1.488000	1
64.318000	150.840000	2.989300	1.487700	1
64.328000	150.940000	2.639700	1.488000	1
64.338000	151.030000	2.302700	1.487700	1
64.348000	151.130000	2.995700	1.487700	1
64.358000	151.230000	1.613100	1.487900	1
64.368000	151.330000	-0.096869	1.487800	1
64.378000	151.430000	3.333300	1.487800	1
64.388000	151.530000	-0.096321	1.488200	1
64.398000	151.630000	-3.193700	1.487700	1
64.407000	151.730000	-1.473200	1.488100	1
64.417000	151.830000	0.586890	1.488000	1
64.426000	151.930000	-2.163200	1.487800	1
64.436000	152.020000	-4.916000	1.487900	1
64.445000	152.120000	-4.232100	1.487800	1
64.455000	152.220000	0.930970	1.487600	1
64.263000	150.760000	-1.603000	2.236900	1
64.273000	150.860000	2.183300	2.236700	1
64.283000	150.960000	1.153700	2.237000	1
64.293000	151.060000	1.156900	2.236800	1
64.304000	151.160000	3.567000	2.236700	1
64.314000	151.260000	4.937300	2.236900	1
64.324000	151.360000	-0.902670	2.236800	1
64.333000	151.450000	0.124340	2.236800	1
64.343000	151.550000	-2.625300	2.237100	1
64.353000	151.650000	-3.309300	2.236700	1
64.363000	151.750000	-1.588800	2.237000	1
64.372000	151.850000	-0.898680	2.237000	1
64.382000	151.950000	-3.308800	2.236800	1
64.391000	152.050000	-5.715000	2.236900	1
64.238000	150.990000	-0.620070	2.993100	1
64.248000	151.090000	-1.646800	2.992900	1
64.258000	151.180000	0.063407	2.992900	1
64.268000	151.280000	-2.339700	2.993000	1
64.278000	151.380000	0.410440	2.993000	1
64.288000	151.480000	-1.312800	2.992900	1
64.298000	151.580000	-3.029100	2.993300	1
64.308000	151.680000	-3.022700	2.992800	1
64.317000	151.780000	-1.998900	2.993200	1
64.327000	151.870000	-1.642100	2.993100	1
64.337000	151.970000	-1.995500	2.993000	1
64.346000	152.070000	-4.748800	2.993000	1
64.355000	152.170000	-3.031800	2.993000	1
64.365000	152.270000	-3.031900	2.992800	1
64.374000	152.370000	-4.751700	2.993000	1
64.383000	152.470000	-4.404900	2.992900	1
64.392000	152.570000	-4.751300	2.993100	1
64.401000	152.670000	-5.088000	2.992900	1
64.410000	152.770000	-4.751100	2.992900	1
64.419000	152.870000	-0.617170	2.993300	1
64.428000	152.970000	-5.080800	2.992900	1
64.437000	153.070000	-2.333800	2.993000	1
64.445000	153.170000	-1.303400	2.993400	1
60.229000	131.060000	-6.201800	3.747300	1
60.252000	131.140000	-6.541900	3.747000	1
60.276000	131.210000	-5.174900	3.747200	1
60.299000	131.290000	-4.824900	3.746900	1
60.322000	131.360000	-5.514700	3.747100	1
60.346000	131.440000	-5.514600	3.746900	1
60.369000	131.520000	-4.820900	3.747000	1
60.392000	131.590000	-5.177300	3.747200	1
60.415000	131.670000	-4.483800	3.746900	1
60.438000	131.740000	-5.173500	3.747200	1
60.462000	131.820000	-5.863600	3.746900	1
60.485000	131.890000	-5.513300	3.747100	1
60.508000	131.970000	-5.859700	3.747100	1
60.530000	132.050000	-5.862900	3.747200	1
60.553000	132.120000	-6.539500	3.747000	1
60.576000	132.200000	-6.539100	3.747300	1
60.599000	132.280000	-4.138900	3.747100	1
60.622000	132.350000	-6.202300	3.747300	1
60.644000	132.430000	-6.542200	3.747200	1
60.667000	132.510000	-4.478400	3.747100	1
60.690000	132.580000	-6.538300	3.747300	1
60.712000	132.660000	-5.168100	3.747200	1
60.735000	132.740000	-6.888300	3.747100	1
60.757000	132.810000	-5.861200	3.747100	1
60.780000	132.890000	-5.171100	3.747000	1
60.802000	132.970000	-4.480800	3.747000	1
60.824000	133.050000	-2.757100	3.747100	1
60.847000	133.120000	-6.197300	3.747000	1
60.869000	133.200000	-6.197100	3.747100	1
60.891000	133.280000	-4.816800	3.747200	1
60.913000	133.360000	-4.476600	3.747200	1
60.935000	133.440000	-5.856500	3.747200	1
60.957000	133.510000	-6.536400	3.747300	1
60.979000	133.590000	-5.166100	3.747200	1
61.001000	133.670000	-5.166000	3.747200	1
61.023000	133.750000	-5.505900	3.747200	1
64.193000	151.010000	-5.132100	3.748000	1
64.203000	151.110000	-3.408500	3.747800	1
64.213000	151.210000	0.368280	3.747800	1
64.223000	151.310000	-0.661510	3.747900	1
64.233000	151.410000	-1.688000	3.747900	1
64.243000	151.500000	-2.044800	3.747800	1
64.253000	151.600000	-4.444500	3.748200	1
64.263000	151.700000	-3.747700	3.747800	1
64.272000	151.800000	-4.437400	3.748000	1
64.282000	151.900000	-3.407200	3.748100	1
64.291000	152.000000	-1.343700	3.747900	1
64.301000	152.100000	-3.743600	3.747900	1
64.310000	152.190000	-5.467000	3.747900	1
60.190000	131.110000	-5.349400	4.500600	1
60.213000	131.190000	-6.025900	4.500400	1
60.237000	131.260000	-4.999100	4.500500	1
60.260000	131.340000	-4.659000	4.500300	1
60.283000	131.410000	-5.688800	4.500500	1
60.306000	131.490000	-6.025300	4.500300	1
60.330000	131.560000	-6.025000	4.500400	1
60.353000	131.640000	-4.998200	4.500500	1
60.376000	131.720000	-4.994600	4.500300	1
60.399000	131.790000	-5.687600	4.500600	1
60.422000	131.870000	-6.717800	4.500300	1
60.445000	131.940000	-7.407600	4.500500	1
60.468000	132.020000	-5.347200	4.500500	1
60.491000	132.090000	-5.347000	4.500600	1
60.514000	132.170000	-5.687000	4.500400	1
60.537000	132.250000	-4.992900	4.500700	1
60.559000	132.320000	-5.686600	4.500500	1
60.582000	132.400000	-4.656100	4.500700	1
60.605000	132.480000	-6.376200	4.500600	1
60.627000	132.550000	-5.346000	4.500500	1
60.650000	132.630000	-6.022200	4.500700	1
60.672000	132.710000	-6.715800	4.500600	1
60.695000	132.780000	-5.682000	4.500500	1
60.717000	132.860000	-6.372000	4.500500	1
60.740000	132.940000	-4.991800	4.500400	1
60.762000	133.020000	-7.055000	4.500400	1
60.784000	133.090000	-6.711300	4.500500	1
60.807000	133.170000	-4.991000	4.500400	1
60.829000	133.250000	-2.930600	4.500500	1
60.851000	133.330000	-3.620500	4.500600	1
60.873000	133.410000	-4.646800	4.500600	1
60.895000	133.480000	-6.020400	4.500600	1
60.917000	133.560000	-6.710300	4.500700	1
60.939000	133.640000	-4.990000	4.500700	1
60.961000	133.720000	-5.339900	4.500600	1
60.983000	133.800000	-5.339700	4.500600	1
61.004000	133.880000	-4.649400	4.500700	1
61.026000	133.950000	-7.403200	4.500600	1
61.048000	134.030000	-5.339200	4.500600	1
61.070000	134.110000	-6.019100	4.500700	1
60.150000	131.160000	-5.175500	5.255200	1
60.174000	131.240000	-4.489100	5.255000	1
60.197000	131.310000	-5.178900	5.255200	1
60.221000	131.390000	-5.178900	5.254900	1
60.244000	131.460000	-4.834900	5.255100	1
60.267000	131.540000	-4.834900	5.254900	1
60.290000	131.610000	-6.894800	5.255000	1
60.313000	131.690000	-4.488000	5.255100	1
60.337000	131.760000	-5.868100	5.255000	1
60.360000	131.840000	-6.544200	5.255200	1
60.383000	131.920000	-4.487200	5.255000	1
60.406000	131.990000	-5.867100	5.255100	1
60.428000	132.070000	-5.866900	5.255200	1
60.451000	132.140000	-6.546800	5.255200	1
60.474000	132.220000	-5.863000	5.255000	1
60.497000	132.300000	-5.516300	5.255300	1
60.520000	132.370000	-5.516200	5.255100	1
60.542000	132.450000	-6.206100	5.255300	1
60.565000	132.520000	-5.515900	5.255200	1
60.588000	132.600000	-6.899600	5.255200	1
60.610000	132.680000	-5.515400	5.255400	1
60.633000	132.760000	-6.201800	5.255200	1
60.655000	132.830000	-5.861700	5.255200	1
60.677000	132.910000	-5.511500	5.255200	1
60.700000	132.990000	-6.205200	5.255100	1
60.722000	133.060000	-5.171300	5.255100	1
60.744000	133.140000	-5.514300	5.255100	1
60.767000	133.220000	-7.234500	5.255000	1
60.789000	133.300000	-5.864100	5.255100	1
60.811000	133.370000	-5.513900	5.255200	1
60.833000	133.450000	-5.173700	5.255200	1
60.855000	133.530000	-4.479800	5.255200	1
60.877000	133.610000	-6.196200	5.255300	1
60.899000	133.690000	-6.199700	5.255300	1
60.921000	133.770000	-6.539600	5.255300	1
60.942000	133.840000	-5.859300	5.255300	1
60.964000	133.920000	-4.829000	5.255400	1
60.986000	134.000000	-5.509000	5.255300	1
61.008000	134.080000	-5.168800	5.255300	1
64.103000	151.060000	-5.467000	5.256300	1
64.113000	151.160000	-2.720000	5.256200	1
64.123000	151.260000	-4.100000	5.256100	1
64.133000	151.360000	-4.439800	5.256200	1
64.143000	151.450000	-2.383200	5.256200	1
64.153000	151.550000	-5.473300	5.256100	1
64.163000	151.650000	-3.072800	5.256500	1
64.172000	151.750000	0.370930	5.256100	1
64.182000	151.850000	-2.378900	5.256300	1
64.191000	151.950000	-4.785300	5.256400	1
64.201000	152.040000	-3.072300	5.256200	1
64.210000	152.140000	-4.792300	5.256200	1
64.220000	152.240000	-3.408400	5.256200	1
64.229000	152.340000	-5.128500	5.256000	1
64.238000	152.440000	-4.445500	5.256200	1
64.247000	152.540000	-6.509200	5.256100	1
64.256000	152.640000	-5.135100	5.256300	1
64.265000	152.740000	-0.661170	5.256100	1
64.274000	152.830000	-1.014600	5.256100	1
64.283000	152.930000	-1.697900	5.256500	1
64.292000	153.030000	-3.410700	5.256200	1
64.300000	153.130000	-3.410600	5.256200	1
64.309000	153.230000	-5.126800	5.256600	1
60.111000	131.210000	-5.352400	6.008900	1
60.134000	131.290000	-5.009700	6.008800	1
60.158000	131.360000	-3.975600	6.008900	1
60.181000	131.440000	-4.665700	6.008600	1
60.204000	131.510000	-5.351700	6.008900	1
60.228000	131.590000	-3.635300	6.008500	1
60.251000	131.660000	-6.725300	6.008800	1
60.274000	131.740000	-6.031400	6.008800	1
60.297000	131.810000	-5.004800	6.008700	1
60.320000	131.890000	-4.660800	6.008900	1
60.343000	131.960000	-5.690900	6.008700	1
60.366000	132.040000	-6.030200	6.008900	1
60.389000	132.120000	-5.007300	6.008900	1
60.412000	132.190000	-6.033600	6.008900	1
60.434000	132.270000	-5.003400	6.008800	1
60.457000	132.340000	-6.383200	6.009000	1
60.480000	132.420000	-5.353000	6.008800	1
60.502000	132.500000	-5.002700	6.009000	1
60.525000	132.570000	-5.692700	6.008900	1
60.548000	132.650000	-5.692600	6.008900	1
60.570000	132.730000	-5.692300	6.009100	1
60.593000	132.800000	-4.665800	6.009000	1
60.615000	132.880000	-4.662000	6.008900	1
60.637000	132.960000	-6.725900	6.008900	1
60.660000	133.030000	-4.321800	6.008800	1
60.682000	133.110000	-6.028100	6.008800	1
60.704000	133.190000	-3.277700	6.008900	1
60.726000	133.270000	-3.974600	6.008700	1
60.749000	133.340000	-4.657000	6.008900	1
60.771000	133.420000	-5.690700	6.008900	1
60.793000	133.500000	-5.690500	6.009000	1
60.815000	133.580000	-6.376800	6.009000	1
60.837000	133.660000	-5.346400	6.009100	1
60.858000	133.730000	-4.996300	6.009000	1
60.880000	133.810000	-6.029900	6.009000	1
60.902000	133.890000	-4.992300	6.009000	1
64.058000	151.090000	-1.522900	6.010200	1
64.068000	151.190000	-3.232900	6.010100	1
64.078000	151.280000	-3.926600	6.010000	1
64.088000	151.380000	-5.309800	6.010100	1
64.098000	151.480000	-3.925800	6.010100	1
64.108000	151.580000	-4.615800	6.009900	1
64.117000	151.680000	-0.838830	6.010300	1
64.127000	151.770000	-4.279100	6.010000	1
64.137000	151.870000	-4.271500	6.010200	1
64.146000	151.970000	-4.275100	6.010300	1
64.156000	152.070000	-7.025300	6.010100	1
64.165000	152.170000	-3.238400	6.010100	1
64.174000	152.260000	-4.618300	6.010100	1
64.184000	152.360000	-2.898100	6.009900	1
64.193000	152.460000	-4.954400	6.010000	1
64.202000	152.560000	-3.584100	6.010000	1
64.211000	152.660000	-4.957600	6.010200	1
64.220000	152.760000	-4.621300	6.010000	1
64.229000	152.860000	-5.314800	6.010000	1
64.013000	151.110000	-6.635700	6.762100	1
64.023000	151.210000	-4.217800	6.762000	1
64.033000	151.310000	-3.527600	6.761900	1
64.043000	151.410000	-3.877400	6.762000	1
64.053000	151.500000	-5.590700	6.762000	1
64.062000	151.600000	-5.250600	6.761800	1
64.072000	151.700000	-3.193800	6.762200	1
64.082000	151.800000	-3.530100	6.761900	1
64.091000	151.890000	-5.246400	6.762100	1
64.101000	151.990000	-5.249900	6.762200	1
64.110000	152.090000	-4.219700	6.762100	1
64.120000	152.190000	-2.843100	6.762000	1
64.129000	152.290000	-3.529200	6.762000	1
64.138000	152.390000	-3.529200	6.761800	1
64.147000	152.480000	-4.909100	6.761900	1
60.032000	131.310000	-4.798500	7.520000	1
60.055000	131.390000	-4.794600	7.519900	1
60.078000	131.460000	-4.104300	7.520000	1
60.102000	131.530000	-6.174600	7.519700	1
60.125000	131.610000	-6.170400	7.520000	1
60.148000	131.680000	-5.824200	7.519600	1
60.171000	131.760000	-5.480100	7.519900	1
60.194000	131.830000	-5.823800	7.519900	1
60.217000	131.910000	-6.169900	7.519800	1
60.240000	131.990000	-4.099400	7.520000	1
60.263000	132.060000	-4.449400	7.519900	1
60.286000	132.140000	-5.128700	7.520000	1
60.309000	132.210000	-5.818500	7.520100	1
60.332000	132.290000	-5.132100	7.520000	1
60.354000	132.360000	-6.508400	7.519900	1
60.377000	132.440000	-6.168100	7.520200	1
60.400000	132.520000	-5.821700	7.519900	1
60.422000	132.590000	-6.511600	7.520200	1
60.445000	132.670000	-7.201700	7.520000	1
60.467000	132.750000	-6.167600	7.520000	1
60.490000	132.820000	-5.821100	7.520200	1
60.512000	132.900000	-6.507300	7.520100	1
60.534000	132.980000	-7.201100	7.520100	1
60.557000	133.050000	-6.847100	7.520000	1
60.579000	133.130000	-5.130500	7.520000	1
60.601000	133.210000	-5.816700	7.519900	1
63.936000	150.850000	-3.718900	7.521500	1
63.947000	150.940000	-0.278450	7.521500	1
63.957000	151.040000	-4.408800	7.521300	1
63.967000	151.140000	-5.774900	7.521600	1
63.977000	151.240000	-5.438500	7.521500	1
63.987000	151.330000	-1.307400	7.521400	1
63.997000	151.430000	-3.027400	7.521500	1
64.007000	151.530000	-3.381000	7.521500	1
64.017000	151.630000	-2.337100	7.521400	1
64.026000	151.720000	-3.034300	7.521700	1
64.036000	151.820000	-5.780900	7.521400	1
64.045000	151.920000	-4.746900	7.521500	1
64.055000	152.020000	-5.433000	7.521700	1
64.064000	152.110000	-4.402700	7.521600	1
64.074000	152.210000	-2.686100	7.521500	1
64.083000	152.310000	-1.659600	7.521500	1
64.092000	152.410000	-3.375900	7.521300	1
64.101000	152.510000	-3.715600	7.521400	1
64.110000	152.610000	-7.152400	7.521400	1
64.119000	152.700000	-6.820700	7.521600	1
59.790000	131.610000	-5.793900	12.050000	1
59.813000	131.680000	-6.827800	12.051000	1
59.836000	131.750000	-6.823900	12.050000	1
59.859000	131.830000	-7.177600	12.050000	1
59.882000	131.900000	-6.830900	12.050000	1
59.905000	131.980000	-7.177400	12.050000	1
59.928000	132.050000	-7.859700	12.050000	1
59.951000	132.130000	-8.203500	12.050000	1
59.974000	132.200000	-8.543500	12.050000	1
59.996000	132.280000	-5.792300	12.050000	1
60.019000	132.350000	-6.822300	12.051000	1
60.042000	132.430000	-5.788100	12.050000	1
60.064000	132.500000	-6.145400	12.051000	1
60.087000	132.580000	-6.488800	12.050000	1
60.110000	132.650000	-7.865200	12.051000	1
60.132000	132.730000	-6.480900	12.051000	1
60.155000	132.800000	-6.484500	12.051000	1
60.177000	132.880000	-5.454000	12.051000	1
60.199000	132.960000	-6.147900	12.051000	1
60.222000	133.030000	-7.174300	12.051000	1
60.244000	133.110000	-7.518000	12.051000	1
60.266000	133.190000	-7.170200	12.051000	1
60.288000	133.260000	-6.139700	12.051000	1
60.310000	133.340000	-6.479700	12.051000	1
60.333000	133.420000	-7.867800	12.051000	1
60.355000	133.490000	-5.789400	12.051000	1
60.377000	133.570000	-6.823200	12.051000	1
60.399000	133.650000	-7.863600	12.051000	1
60.420000	133.720000	-5.445000	12.051000	1
60.442000	133.800000	-7.168600	12.051000	1
60.464000	133.880000	-6.821900	12.051000	1
60.486000	133.950000	-6.141700	12.051000	1
60.507000	134.030000	-5.783800	12.051000	1
60.529000	134.110000	-6.817800	12.051000	1
60.551000	134.190000	-7.167800	12.051000	1
60.572000	134.270000	-6.133500	12.051000	1
60.594000	134.340000	-6.473400	12.051000	1
60.615000	134.420000	-6.129300	12.051000	1
60.637000	134.500000	-5.446600	12.051000	1
60.658000	134.580000	-5.786600	12.051000	1
60.679000	134.660000	-5.790200	12.051000	1
63.608000	150.520000	-5.755300	12.053000	1
63.618000	150.610000	-6.789300	12.053000	1
63.629000	150.710000	-5.762600	12.053000	1
63.639000	150.800000	-6.796700	12.053000	1
63.649000	150.900000	-5.063300	12.053000	1
63.660000	151.000000	-5.762200	12.053000	1
63.670000	151.090000	-5.414400	12.053000	1
63.680000	151.190000	-6.112100	12.053000	1
63.690000	151.290000	-6.795900	12.053000	1
63.700000	151.380000	-7.470600	12.053000	1
63.710000	151.480000	-6.115200	12.053000	1
63.720000	151.580000	-5.413500	12.053000	1
63.729000	151.670000	-4.054300	12.053000	1
63.739000	151.770000	-6.458000	12.053000	1
63.748000	151.870000	-6.102500	12.053000	1
63.758000	151.960000	-6.442400	12.053000	1
63.767000	152.060000	-5.744600	12.053000	1
63.777000	152.160000	-6.434500	12.053000	1
59.748000	131.650000	-7.498900	12.811000	1
59.771000	131.730000	-7.137100	12.811000	1
59.794000	131.800000	-6.446800	12.811000	1
59.817000	131.880000	-6.800400	12.811000	1
59.840000	131.950000	-7.136600	12.811000	1
59.863000	132.030000	-6.796300	12.810000	1
59.886000	132.100000	-5.765700	12.811000	1
59.909000	132.180000	-6.445800	12.811000	1
59.932000	132.250000	-7.493000	12.811000	1
59.955000	132.330000	-5.772200	12.811000	1
59.977000	132.400000	-5.764300	12.811000	1
60.000000	132.480000	-7.142400	12.811000	1
60.023000	132.550000	-5.077500	12.811000	1
60.045000	132.630000	-6.802000	12.811000	1
60.068000	132.700000	-6.096200	12.811000	1
60.090000	132.780000	-7.495600	12.811000	1
60.113000	132.850000	-7.831900	12.811000	1
60.135000	132.930000	-7.476300	12.811000	1
60.157000	133.010000	-7.827800	12.811000	1
60.180000	133.080000	-6.447200	12.811000	1
60.202000	133.160000	-7.133400	12.811000	1
60.224000	133.230000	-7.827200	12.811000	1
60.246000	133.310000	-5.758800	12.811000	1
60.268000	133.390000	-6.796600	12.811000	1
60.290000	133.460000	-6.445800	12.811000	1
60.312000	133.540000	-5.769200	12.811000	1
60.334000	133.620000	-4.735000	12.811000	1
60.356000	133.690000	-7.135600	12.811000	1
60.378000	133.770000	-7.825700	12.811000	1
60.400000	133.850000	-6.441500	12.811000	1
60.422000	133.920000	-6.787500	12.811000	1
60.443000	134.000000	-7.489100	12.811000	1
60.465000	134.080000	-7.485100	12.811000	1
60.487000	134.160000	-6.786900	12.811000	1
60.508000	134.230000	-7.477200	12.811000	1
60.530000	134.310000	-6.794200	12.811000	1
60.551000	134.390000	-6.444000	12.811000	1
60.573000	134.470000	-6.440300	12.811000	1
60.594000	134.550000	-4.039200	12.811000	1
63.682000	151.700000	-6.413100	12.814000	1
63.692000	151.790000	-7.461200	12.813000	1
63.701000	151.890000	-5.725300	12.814000	1
63.711000	151.990000	-5.382500	12.814000	1
63.720000	152.080000	-5.721100	12.813000	1
63.729000	152.180000	-6.389900	12.814000	1
63.739000	152.280000	-7.777900	12.814000	1
63.748000	152.370000	-6.397100	12.813000	1
63.757000	152.470000	-7.094700	12.813000	1
63.766000	152.570000	-6.747000	12.813000	1
63.775000	152.660000	-7.094500	12.813000	1
63.784000	152.760000	-5.716400	12.813000	1
63.793000	152.860000	-5.377300	12.814000	1
63.802000	152.960000	-6.056100	12.814000	1
63.811000	153.050000	-7.086400	12.813000	1
63.819000	153.150000	-7.082400	12.814000	1
63.828000	153.250000	-7.082200	12.814000	1
63.836000	153.350000	-5.361600	12.813000	1
59.706000	131.700000	-7.885100	13.569000	1
59.730000	131.780000	-6.854000	13.570000	1
59.753000	131.850000	-7.204000	13.569000	1
59.776000	131.930000	-7.547500	13.569000	1
59.799000	132.000000	-6.516900	13.569000	1
59.822000	132.080000	-6.159100	13.569000	1
59.844000	132.150000	-6.158800	13.569000	1
59.867000	132.220000	-6.508800	13.569000	1
59.890000	132.300000	-5.478200	13.569000	1
59.913000	132.370000	-7.198700	13.569000	1
59.935000	132.450000	-7.542600	13.570000	1
59.958000	132.520000	-5.810500	13.569000	1
59.981000	132.600000	-6.165300	13.570000	1
60.003000	132.680000	-5.817700	13.569000	1
60.026000	132.750000	-7.198000	13.570000	1
60.048000	132.830000	-7.205400	13.569000	1
60.071000	132.900000	-5.820900	13.570000	1
60.093000	132.980000	-6.160900	13.570000	1
60.115000	133.050000	-7.192900	13.570000	1
60.137000	133.130000	-6.514000	13.569000	1
60.160000	133.210000	-6.853800	13.570000	1
60.182000	133.280000	-7.203900	13.570000	1
60.204000	133.360000	-6.849900	13.570000	1
60.226000	133.430000	-6.155700	13.570000	1
60.248000	133.510000	-7.196000	13.570000	1
60.270000	133.590000	-6.163100	13.570000	1
60.292000	133.660000	-6.513100	13.570000	1
60.314000	133.740000	-6.155200	13.569000	1
60.336000	133.820000	-7.531800	13.569000	1
60.358000	133.900000	-7.883400	13.569000	1
60.379000	133.970000	-6.508600	13.570000	1
60.401000	134.050000	-6.150700	13.570000	1
60.423000	134.130000	-7.871400	13.570000	1
60.444000	134.200000	-6.837000	13.570000	1
60.466000	134.280000	-7.197600	13.570000	1
60.487000	134.360000	-6.149400	13.570000	1
63.545000	150.860000	-7.161200	13.572000	1
63.555000	150.950000	-5.444300	13.572000	1
63.565000	151.050000	-6.128100	13.572000	1
63.575000	151.140000	-4.761300	13.572000	1
63.585000	151.240000	-4.070900	13.572000	1
63.595000	151.330000	-5.447200	13.572000	1
63.605000	151.430000	-4.413000	13.572000	1
63.615000	151.530000	-7.159900	13.572000	1
63.625000	151.620000	-6.802100	13.572000	1
63.634000	151.720000	-6.469200	13.572000	1
63.644000	151.820000	-8.204900	13.572000	1
63.654000	151.910000	-5.438700	13.572000	1
63.663000	152.010000	-4.058200	13.572000	1
63.672000	152.110000	-7.860800	13.572000	1
63.682000	152.200000	-6.114600	13.572000	1
63.691000	152.300000	-5.076600	13.572000	1
63.700000	152.400000	-7.154800	13.572000	1
63.709000	152.490000	-5.770400	13.572000	1
63.719000	152.590000	-7.490900	13.572000	1
63.728000	152.690000	-7.494700	13.572000	1
63.736000	152.780000	-8.530500	13.572000	1
63.745000	152.880000	-5.086400	13.572000	1
63.754000	152.980000	-5.772800	13.572000	1
63.763000	153.070000	-6.795500	13.572000	1
63.771000	153.170000	-5.772500	13.572000	1
59.665000	131.750000	-6.972800	14.321000	1
59.688000	131.830000	-8.002800	14.321000	1
59.711000	131.900000	-8.002800	14.321000	1
59.734000	131.980000	-6.972000	14.321000	1
59.757000	132.050000	-6.975500	14.321000	1
59.780000	132.120000	-6.273800	14.321000	1
59.803000	132.200000	-6.963800	14.321000	1
59.826000	132.270000	-8.001800	14.321000	1
59.848000	132.350000	-6.280800	14.321000	1
59.871000	132.420000	-7.647500	14.321000	1
59.894000	132.500000	-7.303100	14.321000	1
59.916000	132.570000	-6.963000	14.321000	1
59.939000	132.650000	-6.955200	14.322000	1
59.961000	132.720000	-6.962800	14.321000	1
59.984000	132.800000	-7.305700	14.321000	1
60.006000	132.870000	-6.271400	14.321000	1
60.029000	132.950000	-7.641900	14.321000	1
60.051000	133.030000	-7.305300	14.321000	1
60.073000	133.100000	-6.274900	14.321000	1
60.095000	133.180000	-6.610900	14.321000	1
60.118000	133.250000	-6.603500	14.321000	1
60.140000	133.330000	-7.995200	14.321000	1
60.162000	133.410000	-6.610600	14.322000	1
60.184000	133.480000	-7.652400	14.321000	1
60.206000	133.560000	-7.300700	14.321000	1
60.228000	133.630000	-7.648300	14.321000	1
60.250000	133.710000	-8.334700	14.321000	1
60.272000	133.790000	-7.296500	14.321000	1
60.293000	133.870000	-6.963800	14.321000	1
60.315000	133.940000	-7.643300	14.321000	1
60.337000	134.020000	-5.918600	14.322000	1
60.358000	134.100000	-7.299000	14.322000	1
60.380000	134.170000	-7.302600	14.322000	1
60.402000	134.250000	-6.604600	14.322000	1
60.423000	134.330000	-5.918100	14.322000	1
60.445000	134.410000	-6.604200	14.322000	1
60.466000	134.480000	-6.600300	14.322000	1
63.577000	151.650000	-8.287300	14.324000	1
63.587000	151.740000	-6.585200	14.324000	1
63.597000	151.840000	-5.199500	14.324000	1
63.606000	151.940000	-6.569200	14.324000	1
63.616000	152.030000	-7.953400	14.324000	1
63.625000	152.130000	-8.999300	14.324000	1
63.634000	152.220000	-8.300800	14.324000	1
63.644000	152.320000	-7.255100	14.324000	1
63.653000	152.420000	-6.568600	14.324000	1
63.662000	152.510000	-6.224300	14.324000	1
63.671000	152.610000	-5.193900	14.324000	1
63.680000	152.710000	-7.258400	14.324000	1
63.689000	152.810000	-7.594700	14.324000	1
63.698000	152.900000	-8.643900	14.324000	1
63.707000	153.000000	-7.261600	14.324000	1
59.623000	131.800000	-8.354600	15.082000	1
59.646000	131.880000	-7.677600	15.083000	1
59.669000	131.950000	-7.677700	15.082000	1
59.692000	132.030000	-6.646900	15.082000	1
59.715000	132.100000	-6.646600	15.082000	1
59.737000	132.170000	-6.635200	15.082000	1
59.760000	132.250000	-5.948500	15.082000	1
59.783000	132.320000	-7.318300	15.082000	1
59.806000	132.400000	-6.299000	15.082000	1
59.828000	132.470000	-7.672000	15.082000	1
59.851000	132.550000	-6.648900	15.083000	1
59.874000	132.620000	-7.317700	15.082000	1
59.896000	132.700000	-5.264100	15.083000	1
59.919000	132.770000	-6.977100	15.082000	1
59.941000	132.850000	-5.954100	15.083000	1
59.963000	132.920000	-6.984600	15.083000	1
59.986000	133.000000	-7.674600	15.083000	1
60.008000	133.070000	-5.946200	15.083000	1
60.030000	133.150000	-7.324100	15.083000	1
60.052000	133.230000	-6.980000	15.083000	1
60.075000	133.300000	-8.014400	15.083000	1
60.097000	133.380000	-8.010300	15.083000	1
60.119000	133.450000	-7.319100	15.083000	1
60.141000	133.530000	-6.642600	15.083000	1
60.163000	133.610000	-7.665300	15.083000	1
60.185000	133.680000	-7.672900	15.083000	1
60.207000	133.760000	-7.672600	15.083000	1
60.228000	133.840000	-8.352900	15.083000	1
60.250000	133.910000	-7.314700	15.083000	1
60.272000	133.990000	-6.641600	15.083000	1
60.294000	134.070000	-6.276200	15.083000	1
60.315000	134.140000	-7.314100	15.083000	1
63.470000	151.100000	-6.625800	15.085000	1
63.480000	151.190000	-8.321500	15.085000	1
63.490000	151.290000	-7.981200	15.085000	1
63.500000	151.380000	-7.637100	15.086000	1
63.509000	151.480000	-8.674900	15.086000	1
63.519000	151.580000	-8.656000	15.086000	1
63.529000	151.670000	-8.313000	15.085000	1
63.539000	151.770000	-9.003200	15.086000	1
63.548000	151.860000	-8.320200	15.085000	1
63.558000	151.960000	-5.561200	15.086000	1
63.567000	152.060000	-7.631900	15.086000	1
63.577000	152.150000	-7.620600	15.086000	1
63.586000	152.250000	-6.930200	15.086000	1
59.580000	131.850000	-7.036800	15.839000	1
59.603000	131.930000	-8.074500	15.839000	1
59.626000	132.000000	-5.669500	15.839000	1
59.649000	132.070000	-6.013100	15.839000	1
59.672000	132.150000	-7.039600	15.839000	1
59.695000	132.220000	-6.016600	15.839000	1
59.718000	132.300000	-7.396800	15.839000	1
59.740000	132.370000	-7.737300	15.839000	1
59.763000	132.450000	-7.039100	15.839000	1
59.786000	132.520000	-6.366000	15.839000	1
59.808000	132.600000	-7.729000	15.839000	1
59.831000	132.670000	-7.729100	15.839000	1
59.853000	132.750000	-6.694300	15.839000	1
59.876000	132.820000	-6.694400	15.839000	1
59.898000	132.900000	-7.384400	15.839000	1
59.921000	132.970000	-7.731500	15.839000	1
59.943000	133.050000	-7.033100	15.839000	1
59.965000	133.120000	-6.708100	15.839000	1
59.987000	133.200000	-7.390700	15.839000	1
60.010000	133.270000	-7.383000	15.839000	1
60.032000	133.350000	-8.425000	15.839000	1
60.054000	133.430000	-6.696200	15.839000	1
60.076000	133.500000	-7.028500	15.839000	1
60.098000	133.580000	-6.688400	15.839000	1
60.120000	133.650000	-7.036100	15.839000	1
60.142000	133.730000	-7.389800	15.839000	1
60.163000	133.810000	-7.729700	15.839000	1
60.185000	133.880000	-7.382100	15.839000	1
60.207000	133.960000	-6.351500	15.839000	1
60.229000	134.040000	-7.031600	15.839000	1
60.250000	134.110000	-6.683700	15.839000	1
60.272000	134.190000	-7.030700	15.839000	1
60.293000	134.270000	-7.030500	15.839000	1