La	Lo	Sig	Theta	Ice
66.078000	150.190000	-5.199400	-15.145000	1
66.078000	150.300000	-3.135100	-15.145000	1
66.078000	150.410000	-5.195200	-15.146000	1
66.077000	150.520000	-4.859200	-15.145000	1
66.077000	150.630000	-4.855200	-15.145000	1
66.077000	150.740000	-4.516100	-15.146000	1
66.076000	150.840000	-4.855300	-15.145000	1
66.076000	150.950000	-5.202700	-15.146000	1
66.076000	151.060000	-5.195000	-15.146000	1
66.075000	151.170000	-5.535200	-15.145000	1
66.074000	151.280000	-6.221800	-15.145000	1
66.073000	151.390000	-5.892700	-15.146000	1
66.073000	151.490000	-5.881600	-15.145000	1
66.072000	151.600000	-3.828300	-15.146000	1
66.071000	151.710000	-4.858500	-15.146000	1
66.070000	151.820000	-4.866000	-15.146000	1
66.068000	151.930000	-5.904000	-15.146000	1
66.067000	152.040000	-5.881300	-15.145000	1
66.029000	150.310000	-5.497900	-14.391000	1
66.029000	150.420000	-5.826400	-14.392000	1
66.028000	150.520000	-5.161500	-14.391000	1
66.028000	150.630000	-4.803800	-14.391000	1
66.028000	150.740000	-4.799600	-14.392000	1
66.027000	150.850000	-3.773500	-14.391000	1
66.027000	150.960000	-4.799800	-14.391000	1
66.026000	151.060000	-5.157200	-14.392000	1
66.026000	151.170000	-5.149900	-14.391000	1
66.025000	151.280000	-5.161100	-14.391000	1
66.024000	151.390000	-5.497200	-14.392000	1
66.023000	151.500000	-5.153500	-14.391000	1
66.023000	151.600000	-4.795700	-14.392000	1
66.022000	151.710000	-6.191400	-14.392000	1
66.020000	151.820000	-5.841000	-14.392000	1
66.019000	151.930000	-4.130500	-14.392000	1
66.018000	152.040000	-1.372700	-14.391000	1
66.017000	152.140000	-3.096600	-14.391000	1
66.015000	152.250000	-5.512000	-14.392000	1
66.014000	152.360000	-3.784100	-14.392000	1
66.012000	152.470000	-5.837200	-14.391000	1
66.011000	152.580000	-6.554000	-14.391000	1
65.931000	150.310000	-6.337200	-12.874000	1
65.931000	150.420000	-5.314100	-12.875000	1
65.931000	150.530000	-4.970500	-12.875000	1
65.930000	150.640000	-5.660600	-12.875000	1
65.930000	150.750000	-3.936000	-12.876000	1
65.930000	150.850000	-5.306700	-12.874000	1
65.929000	150.960000	-4.272600	-12.875000	1
65.929000	151.070000	-3.935900	-12.875000	1
65.928000	151.180000	-4.279900	-12.875000	1
65.927000	151.280000	-5.664100	-12.874000	1
65.927000	151.390000	-6.343500	-12.875000	1
65.926000	151.500000	-5.317100	-12.875000	1
65.925000	151.610000	-4.973200	-12.875000	1
65.924000	151.710000	-5.663300	-12.875000	1
65.923000	151.820000	-6.343500	-12.875000	1
65.922000	151.930000	-6.339700	-12.875000	1
65.920000	152.040000	-4.640500	-12.875000	1
65.919000	152.140000	-7.391500	-12.875000	1
65.918000	152.250000	-8.421900	-12.875000	1
65.916000	152.360000	-7.387300	-12.875000	1
65.914000	152.470000	-6.686100	-12.874000	1
65.913000	152.580000	-3.602700	-12.875000	1
65.911000	152.680000	-5.666700	-12.875000	1
65.909000	152.790000	-4.984100	-12.875000	1
65.907000	152.900000	-5.320200	-12.875000	1
65.905000	153.010000	-6.006900	-12.875000	1
65.903000	153.110000	-6.697200	-12.875000	1
65.901000	153.220000	-6.346900	-12.875000	1
65.882000	150.100000	-7.741000	-12.116000	1
65.882000	150.210000	-6.013000	-12.115000	1
65.882000	150.320000	-3.960100	-12.114000	1
65.882000	150.430000	-6.020200	-12.115000	1
65.882000	150.530000	-4.288600	-12.115000	1
65.882000	150.640000	-2.572100	-12.114000	1
65.882000	150.750000	-4.978300	-12.116000	1
65.881000	150.860000	-4.296100	-12.115000	1
65.881000	150.960000	-4.636100	-12.115000	1
65.880000	151.070000	-4.632000	-12.115000	1
65.879000	151.180000	-4.982200	-12.115000	1
65.879000	151.290000	-4.978500	-12.114000	1
65.878000	151.390000	-5.325900	-12.115000	1
65.877000	151.500000	-5.662200	-12.115000	1
65.876000	151.610000	-5.325900	-12.115000	1
65.875000	151.720000	-4.643100	-12.115000	1
65.874000	151.820000	-5.333300	-12.115000	1
65.873000	151.930000	-7.736600	-12.115000	1
65.834000	150.320000	-5.611100	-11.361000	1
65.834000	150.430000	-5.270600	-11.362000	1
65.834000	150.540000	-4.236800	-11.361000	1
65.834000	150.640000	-5.270900	-11.361000	1
65.834000	150.750000	-4.584000	-11.362000	1
65.833000	150.860000	-3.554200	-11.361000	1
65.833000	150.970000	-3.890400	-11.361000	1
65.832000	151.070000	-2.523600	-11.362000	1
65.832000	151.180000	-4.924100	-11.362000	1
65.831000	151.290000	-2.170200	-11.361000	1
65.830000	151.390000	-5.274100	-11.362000	1
65.829000	151.500000	-5.614300	-11.361000	1
65.828000	151.610000	-3.893900	-11.361000	1
65.827000	151.720000	-3.553600	-11.362000	1
65.826000	151.820000	-5.961600	-11.362000	1
65.825000	151.930000	-5.289100	-11.362000	1
65.824000	152.040000	-5.292900	-11.361000	1
65.786000	150.320000	-3.931800	-10.600000	1
65.786000	150.430000	-4.617700	-10.601000	1
65.786000	150.540000	-4.957900	-10.601000	1
65.786000	150.650000	-4.958100	-10.600000	1
65.786000	150.750000	-4.957500	-10.602000	1
65.785000	150.860000	-3.585200	-10.601000	1
65.785000	150.970000	-4.617800	-10.601000	1
65.784000	151.070000	-3.930500	-10.601000	1
65.783000	151.180000	-3.248000	-10.601000	1
65.783000	151.290000	-3.930800	-10.600000	1
65.782000	151.400000	-4.620600	-10.601000	1
65.781000	151.500000	-4.964500	-10.601000	1
65.780000	151.610000	-5.654600	-10.601000	1
65.779000	151.720000	-4.624200	-10.601000	1
65.778000	151.820000	-5.665800	-10.601000	1
65.777000	151.930000	-1.885200	-10.601000	1
65.776000	152.040000	-6.338500	-10.601000	1
65.774000	152.140000	-4.643200	-10.601000	1
65.773000	152.250000	-2.919100	-10.601000	1
65.771000	152.360000	-6.699700	-10.601000	1
65.770000	152.470000	-5.315800	-10.601000	1
65.768000	152.570000	-4.274200	-10.600000	1
65.766000	152.680000	-5.658000	-10.601000	1
65.739000	150.110000	-4.248700	-9.845500	1
65.739000	150.220000	-4.931400	-9.844800	1
65.739000	150.330000	-5.271700	-9.844400	1
65.739000	150.440000	-4.931100	-9.845300	1
65.738000	150.540000	-3.214800	-9.844800	1
65.738000	150.650000	-3.895100	-9.844300	1
65.738000	150.760000	-4.240800	-9.845500	1
65.737000	150.860000	-2.184600	-9.844700	1
65.737000	150.970000	-2.864800	-9.844500	1
65.736000	151.080000	-3.554400	-9.845300	1
65.736000	151.180000	-4.938400	-9.845000	1
65.735000	151.290000	-3.894800	-9.844300	1
65.734000	151.400000	-3.898200	-9.845000	1
65.733000	151.500000	-5.270900	-9.844800	1
65.733000	151.610000	-4.580800	-9.844600	1
65.732000	151.720000	-5.968500	-9.845000	1
65.730000	151.820000	-5.614600	-9.844900	1
65.729000	151.930000	-2.184000	-9.845000	1
65.728000	152.040000	-5.285800	-9.844800	1
65.727000	152.140000	-3.905700	-9.844500	1
65.725000	152.250000	-5.285800	-9.844700	1
65.724000	152.360000	-3.572900	-9.845100	1
65.722000	152.460000	-2.210600	-9.844400	1
65.720000	152.570000	-7.686400	-9.844400	1
65.719000	152.680000	-5.621900	-9.845000	1
65.717000	152.790000	-5.625800	-9.844700	1
64.558000	168.470000	-2.875200	-9.843700	1
64.545000	168.560000	-4.255500	-9.842900	1
64.532000	168.660000	-4.587500	-9.843900	1
64.518000	168.760000	-4.247500	-9.843500	1
64.505000	168.860000	-4.941200	-9.843600	1
64.492000	168.950000	-4.925500	-9.844700	1
64.478000	169.050000	-4.936900	-9.843900	1
65.636000	146.280000	-6.354600	-9.090400	1
65.639000	146.390000	-5.664500	-9.090500	1
65.642000	146.500000	-6.691100	-9.090300	1
65.645000	146.600000	-6.698500	-9.090400	1
65.647000	146.710000	-6.698400	-9.090300	1
65.650000	146.810000	-4.287700	-9.090500	1
65.653000	146.920000	-0.170960	-9.090500	1
65.655000	147.030000	-3.951200	-9.090400	1
65.657000	147.130000	-6.015300	-9.090400	1
65.660000	147.240000	-7.399200	-9.090500	1
65.662000	147.350000	-7.399300	-9.090100	1
65.664000	147.450000	-6.364900	-9.090700	1
65.691000	150.220000	-4.618500	-9.090600	1
65.691000	150.330000	-4.268600	-9.090100	1
65.691000	150.440000	-4.264400	-9.091000	1
65.691000	150.540000	-2.204300	-9.090600	1
65.691000	150.650000	-2.554500	-9.090000	1
65.691000	150.760000	-4.267900	-9.091200	1
65.690000	150.860000	-4.264500	-9.090500	1
65.690000	150.970000	-4.260800	-9.090200	1
65.689000	151.080000	-3.237800	-9.091000	1
65.689000	151.180000	-3.927900	-9.090800	1
65.688000	151.290000	-4.264500	-9.090000	1
65.687000	151.400000	-4.614200	-9.090700	1
65.686000	151.500000	-4.954200	-9.090500	1
65.685000	151.610000	-3.927900	-9.090300	1
65.684000	151.720000	-4.957900	-9.090700	1
65.683000	151.820000	-3.237600	-9.090700	1
65.682000	151.930000	-2.893700	-9.090700	1
65.681000	152.040000	-6.334400	-9.090500	1
65.679000	152.140000	-5.304200	-9.090200	1
65.678000	152.250000	-4.621500	-9.090500	1
65.676000	152.360000	-0.490880	-9.090900	1
65.675000	152.460000	-3.599000	-9.090200	1
65.673000	152.570000	-7.022100	-9.090100	1
65.671000	152.680000	-6.681700	-9.090700	1
65.670000	152.780000	-4.617600	-9.090400	1
65.668000	152.890000	-5.311300	-9.090800	1
65.666000	153.000000	-5.319100	-9.090200	1
65.358000	160.060000	-4.962600	-9.090300	1
65.351000	160.160000	-5.656300	-9.090600	1
65.344000	160.270000	-3.932500	-9.089900	1
65.336000	160.370000	-3.932600	-9.089700	1
65.329000	160.480000	-5.988800	-9.090300	1
65.321000	160.580000	-6.339000	-9.090300	1
65.314000	160.680000	-5.648900	-9.090300	1
65.306000	160.790000	-5.649000	-9.090300	1
65.298000	160.890000	-4.619100	-9.089900	1
65.291000	160.990000	-4.619300	-9.089500	1
65.283000	161.100000	-5.649200	-9.090200	1
65.275000	161.200000	-4.963000	-9.090200	1
65.267000	161.300000	-5.312900	-9.090500	1
64.526000	168.340000	-4.279300	-9.088900	1
64.512000	168.440000	-5.319000	-9.089500	1
64.499000	168.530000	-1.521200	-9.088700	1
64.486000	168.630000	-4.270900	-9.089600	1
64.473000	168.730000	-3.590900	-9.089200	1
64.459000	168.830000	-3.240700	-9.089200	1
64.446000	168.920000	-4.608900	-9.090400	1
64.433000	169.020000	-5.295400	-9.089600	1
65.644000	150.120000	-4.024700	-8.334900	1
65.644000	150.230000	-4.704900	-8.334500	1
65.644000	150.330000	-3.675000	-8.333900	1
65.644000	150.440000	-3.678300	-8.334800	1
65.644000	150.550000	-4.708500	-8.334400	1
65.644000	150.650000	-2.994800	-8.333800	1
65.643000	150.760000	-4.360600	-8.335000	1
65.643000	150.870000	-3.678400	-8.334300	1
65.642000	150.970000	-3.674700	-8.334000	1
65.642000	151.080000	-2.994200	-8.334800	1
65.641000	151.190000	-3.334300	-8.334700	1
65.641000	151.290000	-4.361000	-8.333800	1
65.640000	151.400000	-4.024400	-8.334400	1
65.639000	151.510000	-5.394600	-8.334300	1
65.638000	151.610000	-4.708200	-8.334100	1
65.637000	151.720000	-6.092100	-8.334500	1
65.636000	151.820000	-6.428400	-8.334400	1
65.635000	151.930000	-6.785900	-8.334500	1
65.633000	152.040000	-4.035400	-8.334300	1
65.632000	152.140000	-7.133600	-8.334100	1
65.631000	152.250000	-5.759400	-8.334300	1
65.629000	152.360000	-6.796900	-8.334700	1
65.628000	152.460000	-2.997800	-8.334000	1
65.626000	152.570000	-4.031700	-8.333900	1
65.624000	152.680000	-6.428000	-8.334500	1
65.622000	152.780000	-5.751700	-8.334200	1
65.621000	152.890000	-5.057600	-8.334700	1
65.619000	152.990000	-6.431800	-8.334000	1
65.616000	153.100000	-6.091900	-8.334000	1
65.614000	153.210000	-6.793000	-8.334500	1
65.612000	153.310000	-3.689000	-8.334200	1
65.610000	153.420000	-3.005100	-8.334400	1
65.608000	153.530000	-6.432000	-8.333900	1
64.506000	168.120000	-4.372200	-8.332900	1
64.493000	168.210000	-6.778800	-8.332700	1
64.480000	168.310000	-2.990500	-8.332700	1
64.467000	168.410000	-5.412900	-8.333300	1
64.454000	168.510000	-2.315300	-8.332500	1
64.441000	168.600000	-2.307200	-8.333400	1
64.427000	168.700000	-3.341100	-8.333000	1
64.414000	168.800000	-3.669700	-8.333000	1
64.401000	168.890000	-7.113300	-8.334200	1
64.387000	168.990000	-6.419600	-8.333400	1
65.597000	149.910000	-5.102000	-7.578200	1
65.597000	150.020000	-4.418500	-7.577300	1
65.597000	150.120000	-3.731600	-7.578300	1
65.597000	150.230000	-4.067900	-7.578000	1
65.597000	150.340000	-2.348100	-7.577300	1
65.597000	150.440000	-3.037600	-7.578300	1
65.597000	150.550000	-4.417900	-7.578000	1
65.596000	150.660000	-3.391900	-7.577300	1
65.596000	150.760000	-3.727500	-7.578400	1
65.596000	150.870000	-4.075300	-7.577900	1
65.595000	150.970000	-2.011500	-7.577400	1
65.595000	151.080000	-3.731200	-7.578200	1
65.594000	151.190000	-2.351100	-7.578200	1
65.593000	151.290000	-3.391600	-7.577300	1
65.593000	151.400000	-3.037400	-7.577900	1
65.592000	151.510000	-3.731200	-7.577800	1
65.591000	151.610000	-1.321100	-7.577500	1
65.590000	151.720000	-3.044700	-7.578000	1
65.589000	151.820000	-6.152600	-7.577900	1
65.588000	151.930000	-4.071000	-7.578000	1
65.586000	152.040000	-3.044700	-7.577800	1
65.585000	152.140000	-2.014700	-7.577500	1
65.584000	152.250000	-5.451300	-7.577700	1
65.582000	152.360000	-1.678100	-7.578200	1
65.580000	152.460000	-2.018400	-7.577500	1
65.579000	152.570000	-7.522900	-7.577300	1
65.577000	152.670000	-5.794800	-7.577900	1
65.446000	146.220000	-6.314800	-6.068700	1
65.449000	146.320000	-3.900800	-6.068900	1
65.452000	146.430000	-6.647400	-6.069000	1
65.455000	146.530000	-3.553500	-6.068700	1
65.458000	146.640000	-5.277200	-6.068900	1
65.460000	146.750000	-2.176900	-6.068600	1
65.463000	146.850000	-3.553000	-6.069000	1
65.465000	146.960000	-5.960600	-6.068900	1
65.468000	147.060000	-2.533800	-6.068900	1
65.470000	147.170000	-6.314100	-6.068800	1
65.472000	147.270000	-7.687800	-6.069000	1
65.474000	147.380000	-7.691700	-6.068500	1
65.501000	149.390000	-1.136200	-6.068900	1
65.501000	149.500000	-3.192600	-6.068900	1
65.502000	149.600000	-4.908100	-6.069500	1
65.502000	149.710000	-5.262300	-6.068700	1
65.503000	149.810000	-4.908200	-6.069100	1
65.503000	149.920000	-3.537700	-6.069400	1
65.503000	150.020000	-4.228300	-6.068400	1
65.503000	150.130000	-4.227700	-6.069400	1
65.504000	150.240000	-3.187600	-6.069300	1
65.503000	150.340000	-1.814200	-6.068500	1
65.503000	150.450000	-2.847300	-6.069400	1
65.503000	150.550000	-2.843700	-6.069200	1
65.503000	150.660000	-2.154200	-6.068400	1
65.503000	150.770000	-1.813400	-6.069500	1
65.502000	150.870000	-2.157300	-6.069100	1
65.502000	150.980000	-2.844000	-6.068500	1
65.501000	151.080000	-2.847100	-6.069400	1
65.501000	151.190000	-3.183400	-6.069400	1
65.500000	151.300000	-1.473800	-6.068400	1
65.499000	151.400000	-2.153500	-6.069000	1
65.498000	151.510000	-3.183500	-6.069000	1
65.497000	151.610000	-3.877400	-6.068700	1
65.496000	151.720000	-2.506900	-6.069200	1
65.455000	149.610000	-4.743600	-5.314500	1
65.456000	149.710000	-4.053900	-5.313800	1
65.456000	149.820000	-3.359900	-5.314100	1
65.456000	149.920000	-4.389600	-5.314500	1
65.457000	150.030000	-5.080200	-5.313500	1
65.457000	150.130000	-1.989400	-5.314300	1
65.457000	150.240000	-3.019300	-5.314400	1
65.457000	150.350000	-2.329800	-5.313500	1
65.457000	150.450000	0.080972	-5.314400	1
65.457000	150.560000	-0.959060	-5.314300	1
65.456000	150.660000	-3.363400	-5.313400	1
65.456000	150.770000	-0.608890	-5.314500	1
65.456000	150.870000	-3.359200	-5.314200	1
65.455000	150.980000	-1.639500	-5.313500	1
65.455000	151.090000	-2.665300	-5.314400	1
65.454000	151.190000	-3.358800	-5.314500	1
65.453000	151.300000	-1.635800	-5.313400	1
65.452000	151.400000	-0.608940	-5.314000	1
65.452000	151.510000	-3.355400	-5.314000	1
65.451000	151.610000	-2.669100	-5.313700	1
65.450000	151.720000	-3.022400	-5.314200	1
65.449000	151.820000	-0.616010	-5.314000	1
65.447000	151.930000	-3.365900	-5.314200	1
65.446000	152.040000	-0.612250	-5.314100	1
65.445000	152.140000	-1.302500	-5.313700	1
65.443000	152.250000	-2.336100	-5.313900	1
65.442000	152.350000	-6.123300	-5.314400	1
65.440000	152.460000	-5.426300	-5.313800	1
65.439000	152.560000	-3.026300	-5.313500	1
65.437000	152.670000	-1.642200	-5.314000	1
65.435000	152.770000	-4.388800	-5.313800	1
65.357000	146.340000	-5.930500	-4.559100	1
65.359000	146.450000	-6.616900	-4.559200	1
65.362000	146.550000	-3.526800	-4.558900	1
65.365000	146.660000	-1.806500	-4.559100	1
65.367000	146.760000	0.253470	-4.558800	1
65.370000	146.870000	-0.086155	-4.559200	1
65.372000	146.970000	1.284000	-4.559200	1
65.375000	147.080000	-7.646600	-4.559100	1
65.377000	147.180000	-2.503200	-4.559000	1
65.379000	147.290000	-6.626800	-4.559300	1
65.381000	147.400000	-8.701800	-4.558700	1
65.384000	147.500000	-10.081000	-4.559400	1
65.410000	149.930000	-4.541500	-4.559700	1
65.410000	150.030000	-2.818500	-4.558700	1
65.410000	150.140000	-2.817800	-4.559500	1
65.410000	150.240000	-1.447600	-4.559600	1
65.410000	150.350000	-1.448200	-4.558700	1
65.410000	150.450000	-2.817600	-4.559500	1
65.410000	150.560000	-0.067388	-4.559600	1
65.410000	150.660000	-0.404530	-4.558600	1
65.410000	150.770000	-2.123800	-4.559600	1
65.409000	150.880000	-3.504000	-4.559400	1
65.409000	150.980000	-2.128000	-4.558700	1
65.408000	151.090000	-1.097300	-4.559500	1
65.407000	151.190000	-1.783600	-4.559700	1
65.407000	151.300000	-0.754220	-4.558600	1
65.406000	151.400000	-1.097400	-4.559100	1
65.405000	151.510000	-2.817400	-4.559200	1
65.404000	151.610000	-1.097500	-4.558800	1
65.403000	151.720000	-0.764210	-4.559300	1
65.402000	151.820000	-1.454300	-4.559100	1
65.401000	151.930000	-4.190700	-4.559400	1
65.400000	152.040000	-5.910900	-4.559300	1
65.398000	152.140000	-2.488000	-4.558900	1
65.397000	152.250000	-4.541000	-4.559000	1
64.228000	168.360000	-0.070645	-4.557500	1
64.215000	168.460000	-0.066521	-4.558200	1
64.202000	168.550000	0.967020	-4.558000	1
64.189000	168.650000	0.273370	-4.557700	1
64.176000	168.750000	-0.065631	-4.558900	1
64.162000	168.840000	1.307500	-4.558100	1
65.313000	146.460000	-3.779000	-3.803500	1
65.316000	146.560000	0.000934	-3.803200	1
65.319000	146.670000	-1.378900	-3.803400	1
65.321000	146.770000	-1.032500	-3.803100	1
65.324000	146.880000	0.001426	-3.803500	1
65.326000	146.980000	-0.688540	-3.803500	1
65.328000	147.090000	-1.385400	-3.803500	1
65.331000	147.190000	-3.789000	-3.803300	1
65.333000	147.300000	-4.482200	-3.803600	1
65.335000	147.400000	-7.922900	-3.803000	1
65.337000	147.510000	-6.906000	-3.803700	1
65.339000	147.610000	-7.582800	-3.803400	1
65.363000	149.720000	-6.178600	-3.803300	1
65.363000	149.820000	-3.764700	-3.803500	1
65.364000	149.930000	-3.424200	-3.804000	1
65.364000	150.030000	-2.394800	-3.803000	1
65.364000	150.140000	-1.704200	-3.803700	1
65.364000	150.240000	-2.734000	-3.803900	1
65.364000	150.350000	-2.054600	-3.803000	1
65.364000	150.460000	-1.363900	-3.803800	1
65.364000	150.560000	-3.083800	-3.803900	1
65.363000	150.670000	-2.054500	-3.802900	1
65.363000	150.770000	-1.363700	-3.803800	1
65.363000	150.880000	-2.053800	-3.803800	1
65.362000	150.980000	-2.054400	-3.803000	1
65.362000	151.090000	-1.363700	-3.803800	1
65.361000	151.190000	-1.359900	-3.804000	1
65.360000	151.300000	-1.014200	-3.803000	1
65.359000	151.400000	0.019705	-3.803400	1
65.359000	151.510000	-0.673640	-3.803500	1
65.358000	151.610000	-3.764000	-3.803100	1
65.357000	151.720000	-1.710400	-3.803600	1
64.183000	168.330000	-0.333290	-3.801900	1
64.170000	168.430000	1.740800	-3.802500	1
64.157000	168.530000	1.740700	-3.802300	1
64.144000	168.620000	0.700580	-3.802000	1
64.131000	168.720000	0.361620	-3.803200	1
64.117000	168.810000	-0.668850	-3.802400	1
65.264000	146.360000	-8.160100	-3.047300	1
65.267000	146.470000	-4.729700	-3.047400	1
65.270000	146.570000	2.833700	-3.047200	1
65.272000	146.680000	-0.599460	-3.047400	1
65.275000	146.780000	0.433690	-3.047000	1
65.277000	146.890000	1.804100	-3.047500	1
65.280000	146.990000	-3.009300	-3.047400	1
65.282000	147.100000	-0.949080	-3.047500	1
65.284000	147.200000	-0.599060	-3.047300	1
65.287000	147.310000	-5.072300	-3.047600	1
65.289000	147.410000	-8.169600	-3.047000	1
65.291000	147.520000	-9.552600	-3.047600	1
65.317000	150.040000	-0.932610	-3.047000	1
65.317000	150.140000	-1.962100	-3.047600	1
65.318000	150.250000	-1.611700	-3.047900	1
65.317000	150.350000	-0.242340	-3.047000	1
65.317000	150.460000	-0.931700	-3.047700	1
65.317000	150.560000	-0.241480	-3.047900	1
65.317000	150.670000	0.097699	-3.046800	1
65.317000	150.770000	1.478500	-3.047700	1
65.316000	150.880000	0.451860	-3.047800	1
65.316000	150.980000	-1.608900	-3.046900	1
65.315000	151.090000	2.171900	-3.047700	1
65.315000	151.190000	-0.581170	-3.048100	1
65.314000	151.300000	2.508100	-3.047000	1
65.313000	151.400000	0.448380	-3.047300	1
65.312000	151.510000	0.788570	-3.047500	1
65.311000	151.610000	-3.335100	-3.047100	1
65.310000	151.720000	-2.304700	-3.047600	1
64.139000	168.300000	0.099172	-3.045900	1
64.126000	168.400000	-3.677100	-3.046400	1
64.113000	168.500000	-1.263700	-3.046300	1
64.099000	168.590000	-0.923890	-3.045900	1
64.086000	168.690000	-0.926160	-3.047100	1
64.073000	168.780000	0.103420	-3.046400	1
65.218000	146.370000	-9.056400	-2.295900	1
65.221000	146.480000	-5.612800	-2.296000	1
65.224000	146.580000	1.260400	-2.295700	1
65.226000	146.690000	0.920610	-2.296000	1
65.229000	146.790000	0.577220	-2.295600	1
65.231000	146.890000	0.920780	-2.296000	1
65.234000	147.000000	-0.109200	-2.296000	1
65.236000	147.100000	-1.142200	-2.296100	1
65.238000	147.210000	-2.172200	-2.295900	1
65.241000	147.310000	-10.089000	-2.296200	1
65.243000	147.420000	-9.749300	-2.295600	1
65.271000	150.040000	0.243410	-2.295600	1
65.271000	150.140000	-3.196200	-2.296100	1
65.271000	150.250000	-2.155700	-2.296500	1
65.271000	150.350000	0.593680	-2.295600	1
65.271000	150.460000	-0.445720	-2.296300	1
65.271000	150.560000	-0.095454	-2.296500	1
65.271000	150.670000	5.053700	-2.295400	1
65.271000	150.770000	5.054400	-2.296200	1
65.270000	150.880000	4.374600	-2.296400	1
65.270000	150.980000	2.303800	-2.295500	1
65.269000	151.090000	3.337700	-2.296300	1
65.268000	151.190000	0.247980	-2.296600	1
65.268000	151.300000	2.994100	-2.295600	1
65.267000	151.400000	1.277500	-2.295900	1
65.266000	151.510000	2.307700	-2.296100	1
65.265000	151.610000	-2.155800	-2.295600	1
65.264000	151.720000	-4.568600	-2.296100	1
64.120000	168.080000	-1.471500	-2.294300	1
64.107000	168.180000	-0.093936	-2.295100	1
64.094000	168.280000	-2.498100	-2.294500	1
64.081000	168.370000	3.002400	-2.295000	1
64.068000	168.470000	1.632400	-2.294900	1
64.055000	168.560000	0.248990	-2.294500	1
64.042000	168.660000	1.283200	-2.295600	1
64.028000	168.750000	-2.147300	-2.294900	1
65.172000	146.380000	-9.723700	-1.540900	1
65.175000	146.490000	-6.617400	-1.541100	1
65.177000	146.590000	-3.184400	-1.540800	1
65.180000	146.690000	0.945890	-1.541000	1
65.183000	146.800000	3.695700	-1.540600	1
65.185000	146.900000	1.976100	-1.541100	1
65.188000	147.010000	1.976100	-1.541000	1
65.190000	147.110000	0.596250	-1.541100	1
65.192000	147.220000	3.693300	-1.540900	1
65.195000	147.320000	-8.692900	-1.541200	1
65.197000	147.430000	-10.422000	-1.540600	1
65.199000	147.530000	-11.801000	-1.541200	1
65.225000	150.040000	-2.142200	-1.540600	1
65.225000	150.150000	-0.071742	-1.541100	1
65.225000	150.250000	-1.111300	-1.541600	1
65.225000	150.360000	0.268140	-1.540700	1
65.225000	150.460000	-0.071352	-1.541300	1
65.225000	150.570000	4.049000	-1.541600	1
65.224000	150.670000	3.361100	-1.540500	1
65.224000	150.780000	7.491700	-1.541200	1
65.224000	150.880000	5.081900	-1.541500	1
65.223000	150.990000	2.671200	-1.540500	1
65.223000	151.090000	2.331800	-1.541300	1
65.222000	151.190000	3.712100	-1.541700	1
65.221000	151.300000	2.331500	-1.540600	1
65.221000	151.400000	3.361700	-1.540900	1
65.220000	151.510000	2.331900	-1.541100	1
65.219000	151.610000	6.111700	-1.540700	1
65.218000	151.720000	7.492100	-1.541200	1
65.217000	151.820000	0.961950	-1.540900	1
65.215000	151.930000	0.272160	-1.541200	1
65.214000	152.030000	0.612240	-1.541200	1
64.101000	167.860000	-2.816900	-1.539200	1
64.088000	167.960000	0.613540	-1.539600	1
64.075000	168.060000	1.996400	-1.539400	1
64.063000	168.150000	1.994100	-1.540200	1
64.050000	168.250000	-1.103400	-1.539600	1
64.037000	168.340000	3.027000	-1.540100	1
64.024000	168.440000	3.027000	-1.540000	1
64.010000	168.530000	1.996800	-1.539600	1
63.997000	168.630000	-0.062389	-1.540700	1
63.984000	168.730000	-2.132800	-1.540000	1
65.129000	146.490000	-4.225700	-0.792470	1
65.132000	146.600000	3.684400	-0.792190	1
65.134000	146.700000	-1.125600	-0.792410	1
65.137000	146.810000	1.627000	-0.792040	1
65.139000	146.910000	3.347300	-0.792480	1
65.142000	147.020000	6.777300	-0.792450	1
65.144000	147.120000	5.747500	-0.792580	1
65.146000	147.220000	4.717500	-0.792320	1
65.149000	147.330000	-9.718300	-0.792660	1
65.151000	147.430000	-10.764000	-0.792040	1
65.179000	150.250000	-0.417910	-0.793050	1
65.179000	150.360000	-1.108200	-0.792080	1
65.179000	150.460000	-0.075152	-0.792680	1
65.179000	150.570000	2.675100	-0.793060	1
65.178000	150.670000	6.794600	-0.791890	1
65.178000	150.780000	8.515000	-0.792580	1
65.178000	150.880000	6.115100	-0.792940	1
65.177000	150.990000	7.484700	-0.791950	1
65.177000	151.090000	4.395100	-0.792650	1
65.176000	151.200000	6.455300	-0.793110	1
65.175000	151.300000	9.544900	-0.792080	1
65.174000	151.400000	6.455100	-0.792240	1
65.174000	151.510000	6.455200	-0.792520	1
65.173000	151.610000	7.825100	-0.792110	1
65.172000	151.720000	7.825400	-0.792530	1
65.171000	151.820000	9.545400	-0.792330	1
65.169000	151.930000	-0.764550	-0.792570	1
65.168000	152.030000	-3.167900	-0.792640	1
64.057000	167.840000	-1.801400	-0.790670	1
64.044000	167.930000	-1.455700	-0.791160	1
64.031000	168.030000	2.677000	-0.790910	1
64.018000	168.120000	-0.412660	-0.791730	1
64.005000	168.220000	6.459900	-0.791140	1
63.992000	168.320000	8.520100	-0.791530	1
63.979000	168.410000	10.240000	-0.791540	1
63.966000	168.510000	12.650000	-0.790970	1
63.953000	168.600000	1.300400	-0.792040	1
63.940000	168.700000	2.327500	-0.791420	1
65.083000	146.500000	3.186200	0.118270	1
65.086000	146.610000	17.616000	0.118260	1
65.088000	146.710000	17.956000	0.117960	1
65.091000	146.820000	0.776210	0.118350	1
65.093000	146.920000	9.026300	0.118220	1
65.096000	147.020000	16.249000	0.118090	1
65.098000	147.130000	5.936500	0.118410	1
65.100000	147.230000	-0.593510	0.117930	1
65.103000	147.340000	-5.063500	0.118270	1
65.133000	150.570000	11.100000	0.118060	1
65.132000	150.670000	9.040300	0.118130	1
65.132000	150.780000	6.980300	0.118430	1
65.132000	150.880000	12.130000	0.118080	1
65.131000	150.990000	10.413000	0.118300	1
65.131000	151.090000	6.983000	0.118250	1
65.130000	151.200000	10.763000	0.118080	1
65.129000	151.300000	9.383100	0.118370	1
65.129000	151.400000	7.323100	0.117970	1
65.128000	151.510000	7.663200	0.118100	1
65.127000	151.610000	13.513000	0.118310	1
65.126000	151.720000	10.413000	0.117770	1
65.125000	151.820000	21.753000	0.118220	1
65.123000	151.930000	2.853400	0.118290	1
65.122000	152.030000	-3.679300	0.118080	1
64.025000	167.710000	-6.766300	0.119140	1
64.012000	167.810000	-3.681300	0.119500	1
64.000000	167.900000	-1.956000	0.119320	1
63.987000	168.000000	11.109000	0.118950	1
63.974000	168.100000	5.959400	0.119300	1
63.961000	168.190000	14.552000	0.118650	1
63.948000	168.290000	16.272000	0.118630	1
63.935000	168.380000	17.302000	0.118740	1
63.922000	168.480000	15.922000	0.117900	1
63.909000	168.570000	9.739500	0.118180	1
63.895000	168.670000	2.519500	0.118140	1
65.037000	146.510000	-4.272700	0.732910	1
65.040000	146.620000	8.790300	0.733210	1
65.042000	146.720000	14.980000	0.732860	1
65.045000	146.820000	8.790400	0.733430	1
65.047000	146.930000	6.392900	0.732880	1
65.050000	147.030000	10.513000	0.732870	1
65.052000	147.130000	5.363000	0.732780	1
65.054000	147.240000	0.553130	0.732950	1
65.056000	147.340000	-5.639800	0.732660	1
65.059000	147.450000	-8.402300	0.733380	1
65.087000	150.470000	2.627600	0.732820	1
65.086000	150.570000	3.660100	0.732110	1
65.086000	150.670000	7.440700	0.733460	1
65.086000	150.780000	6.410500	0.732970	1
65.085000	150.880000	7.440200	0.732250	1
65.085000	150.990000	4.350700	0.733480	1
65.084000	151.090000	5.380500	0.732780	1
65.084000	151.200000	8.130300	0.732110	1
65.083000	151.300000	5.030800	0.733310	1
65.082000	151.400000	4.350800	0.733110	1
65.081000	151.510000	7.440700	0.732770	1
65.080000	151.610000	8.471000	0.733320	1
65.079000	151.720000	6.070800	0.732700	1
65.078000	151.820000	8.131100	0.733080	1
65.077000	151.920000	7.441000	0.732840	1
65.076000	152.030000	-3.904600	0.732630	1
64.737000	160.170000	2.621100	0.734040	1
64.730000	160.270000	-0.469140	0.733470	1
64.723000	160.370000	0.563730	0.733790	1
64.715000	160.480000	-1.506300	0.733640	1
64.708000	160.580000	1.243300	0.732940	1
64.700000	160.680000	3.993400	0.733360	1
64.692000	160.780000	0.903470	0.733950	1
64.685000	160.880000	-3.919600	0.733700	1
64.677000	160.980000	-6.329800	0.733740	1
64.669000	161.080000	1.243000	0.733420	1
64.661000	161.180000	8.462800	0.732990	1
64.653000	161.280000	3.993100	0.733710	1
64.645000	161.380000	-1.507100	0.733420	1
64.637000	161.490000	-2.879600	0.734240	1
63.955000	167.880000	-1.836100	0.734680	1
63.942000	167.970000	1.604100	0.734850	1
63.929000	168.070000	8.136500	0.734070	1
63.916000	168.160000	11.227000	0.734390	1
63.903000	168.260000	12.257000	0.734060	1
63.890000	168.350000	12.946000	0.733990	1
63.877000	168.450000	12.947000	0.734400	1
63.864000	168.540000	11.226000	0.733410	1
63.851000	168.640000	5.726600	0.734020	1
64.993000	146.620000	2.987600	1.488200	1
64.996000	146.730000	1.264500	1.487800	1
64.998000	146.830000	1.264800	1.488400	1
65.001000	146.940000	3.677400	1.487900	1
65.003000	147.040000	6.427500	1.487900	1
65.006000	147.140000	5.737500	1.487700	1
65.008000	147.250000	0.237720	1.487900	1
65.010000	147.350000	1.954700	1.487600	1
65.012000	147.450000	-5.604900	1.488300	1
65.014000	147.560000	-5.268100	1.487700	1
65.016000	147.660000	-3.898000	1.487900	1
65.018000	147.770000	-6.301000	1.488000	1
65.040000	149.950000	-1.471100	1.487200	1
65.040000	150.050000	-1.130400	1.488100	1
65.040000	150.160000	-0.087326	1.488100	1
65.040000	150.260000	0.592210	1.487200	1
65.040000	150.360000	-0.437080	1.488200	1
65.040000	150.470000	-0.777210	1.487800	1
65.040000	150.570000	1.282400	1.487100	1
65.040000	150.680000	4.723300	1.488400	1
65.039000	150.780000	0.943020	1.488000	1
65.039000	150.880000	0.942520	1.487200	1
65.038000	150.990000	0.253350	1.488400	1
65.038000	151.090000	2.653000	1.487800	1
65.037000	151.200000	4.035500	1.487100	1
65.037000	151.300000	2.313400	1.488200	1
65.036000	151.400000	2.653400	1.488100	1
65.035000	151.510000	2.313200	1.487700	1
65.034000	151.610000	3.346500	1.488300	1
65.033000	151.720000	3.696200	1.487700	1
65.032000	151.820000	2.656500	1.488100	1
65.031000	151.920000	3.696400	1.487800	1
65.029000	152.030000	1.286300	1.487600	1
65.028000	152.130000	-3.879400	1.488100	1
63.923000	167.750000	-1.119400	1.490300	1
63.910000	167.850000	-3.867000	1.489600	1
63.897000	167.940000	0.953250	1.489800	1
63.884000	168.040000	3.012800	1.489000	1
63.872000	168.130000	1.633000	1.489300	1
63.859000	168.230000	6.452800	1.489000	1
63.846000	168.320000	4.732700	1.488900	1
63.832000	168.420000	4.733100	1.489400	1
63.819000	168.510000	5.762400	1.488400	1
63.806000	168.610000	6.102900	1.489000	1
64.994000	149.850000	-0.558770	2.237100	1
64.994000	149.950000	-1.239300	2.236300	1
64.994000	150.050000	-0.895370	2.237100	1
64.994000	150.160000	-1.585200	2.237200	1
64.994000	150.260000	-2.615900	2.236300	1
64.994000	150.370000	-1.581900	2.237200	1
64.994000	150.470000	-1.922000	2.236900	1
64.994000	150.570000	0.827500	2.236100	1
64.994000	150.680000	1.518500	2.237400	1
64.993000	150.780000	-1.231700	2.237100	1
64.993000	150.880000	-0.202350	2.236200	1
64.992000	150.990000	0.488630	2.237400	1
64.992000	151.090000	2.548300	2.236900	1
64.991000	151.200000	3.917800	2.236200	1
64.991000	151.300000	1.518600	2.237200	1
64.990000	151.400000	2.198600	2.237200	1
64.989000	151.510000	0.828340	2.236800	1
64.988000	151.610000	0.828830	2.237300	1
64.987000	151.720000	0.138470	2.236800	1
64.986000	151.820000	2.198800	2.237100	1
64.985000	151.920000	1.168700	2.236900	1
64.983000	152.030000	3.918600	2.236700	1
64.982000	152.130000	2.552000	2.237100	1
64.981000	152.230000	-1.918100	2.237000	1
64.638000	160.240000	-1.592700	2.237500	1
64.631000	160.340000	-1.589300	2.237800	1
64.624000	160.440000	0.480670	2.237700	1
64.616000	160.540000	-0.559960	2.237000	1
64.609000	160.650000	-3.649900	2.237300	1
64.601000	160.750000	-0.559510	2.237900	1
64.593000	160.850000	-4.686200	2.237800	1
64.586000	160.950000	-7.439700	2.237800	1
64.578000	161.050000	-6.743500	2.237600	1
64.570000	161.150000	-2.267500	2.237000	1
64.562000	161.250000	-1.927000	2.237600	1
64.948000	149.950000	-1.642500	2.992400	1
64.948000	150.060000	-2.678500	2.993200	1
64.948000	150.160000	-1.638100	2.993400	1
64.948000	150.260000	-2.678900	2.992400	1
64.948000	150.370000	-2.678100	2.993300	1
64.948000	150.470000	-2.674800	2.993100	1
64.948000	150.570000	-0.268660	2.992300	1
64.947000	150.680000	-2.677700	2.993500	1
64.947000	150.780000	-2.674500	2.993300	1
64.947000	150.890000	-0.955160	2.992400	1
64.946000	150.990000	0.425860	2.993600	1
64.946000	151.090000	2.485500	2.993100	1
64.945000	151.200000	1.795000	2.992400	1
64.944000	151.300000	0.425790	2.993400	1
64.943000	151.400000	1.455900	2.993400	1
64.943000	151.510000	0.765560	2.992900	1
64.942000	151.610000	-1.294000	2.993500	1
64.941000	151.710000	0.075692	2.993000	1
64.939000	151.820000	0.426030	2.993300	1
64.938000	151.920000	1.455900	2.993100	1
64.937000	152.020000	-0.604300	2.992800	1
64.936000	152.130000	1.456000	2.993300	1
64.934000	152.230000	4.896000	2.993200	1
64.933000	152.340000	-2.674400	2.992900	1
64.614000	159.920000	-4.746800	2.993400	1
64.607000	160.020000	-6.113600	2.993200	1
64.600000	160.130000	-3.362600	2.994200	1
64.593000	160.230000	-2.332900	2.993700	1
64.585000	160.330000	0.420780	2.994100	1
64.578000	160.430000	-0.269290	2.994000	1
64.570000	160.530000	0.070090	2.993200	1
64.563000	160.630000	-1.639900	2.993500	1
64.555000	160.730000	-0.269520	2.994000	1
64.548000	160.830000	-4.743200	2.994000	1
64.540000	160.930000	-7.837000	2.994000	1
64.532000	161.030000	-7.833900	2.993800	1
64.901000	149.850000	-2.710100	3.748200	1
64.901000	149.950000	-1.340600	3.747400	1
64.901000	150.060000	-1.339900	3.748100	1
64.901000	150.160000	-3.059600	3.748400	1
64.902000	150.270000	-1.676800	3.747400	1
64.902000	150.370000	-2.026000	3.748200	1
64.901000	150.470000	-2.706000	3.748100	1
64.901000	150.580000	-3.056500	3.747200	1
64.901000	150.680000	-3.735500	3.748400	1
64.901000	150.780000	-3.055600	3.748300	1
64.900000	150.890000	-3.056300	3.747300	1
64.900000	150.990000	-0.645230	3.748500	1
64.899000	151.090000	-0.645520	3.748100	1
64.899000	151.200000	0.383940	3.747300	1
64.898000	151.300000	-1.675400	3.748300	1
64.897000	151.400000	-0.305210	3.748300	1
64.896000	151.510000	0.384500	3.747900	1
64.895000	151.610000	-2.025100	3.748400	1
64.894000	151.710000	0.384650	3.747900	1
64.893000	151.820000	-1.335100	3.748300	1
64.892000	151.920000	-2.365200	3.748100	1
64.891000	152.020000	-1.335400	3.747800	1
64.889000	152.130000	-0.645080	3.748200	1
64.888000	152.230000	-2.025100	3.748200	1
64.886000	152.330000	1.764700	3.747800	1
64.885000	152.440000	0.044717	3.747900	1
64.883000	152.540000	-5.815700	3.748400	1
64.882000	152.640000	-3.398700	3.748200	1
64.568000	159.910000	-8.222400	3.748400	1
64.561000	160.010000	-7.195700	3.748100	1
64.554000	160.110000	-3.747700	3.749100	1
64.547000	160.210000	-0.314370	3.748700	1
64.539000	160.310000	-1.344100	3.749000	1
64.532000	160.410000	0.715870	3.748900	1
64.525000	160.510000	-1.341300	3.748200	1
64.517000	160.610000	-0.994730	3.748400	1
64.509000	160.710000	-2.714500	3.748900	1
64.502000	160.810000	-5.124800	3.748900	1
64.494000	160.910000	-9.242100	3.748900	1
63.789000	167.670000	1.085300	3.750500	1
63.776000	167.760000	-2.015400	3.749700	1
63.764000	167.860000	-2.695300	3.749900	1
63.751000	167.950000	-0.975740	3.749200	1
63.738000	168.050000	-1.325700	3.749300	1
63.725000	168.140000	0.054242	3.749200	1
63.712000	168.240000	-1.329500	3.748900	1
63.699000	168.330000	-0.635610	3.749400	1
63.686000	168.430000	-0.636240	3.748700	1
63.673000	168.520000	1.424100	3.749100	1
64.855000	149.960000	-2.883100	4.501000	1
64.855000	150.060000	-3.572600	4.501600	1
64.855000	150.160000	-3.222100	4.502000	1
64.855000	150.270000	-3.912800	4.500900	1
64.855000	150.370000	-3.568500	4.501800	1
64.855000	150.470000	-1.844800	4.501700	1
64.855000	150.580000	-2.185500	4.500800	1
64.855000	150.680000	-1.504500	4.502000	1
64.854000	150.780000	-1.158000	4.502000	1
64.854000	150.890000	-0.818800	4.500900	1
64.853000	150.990000	-2.874400	4.502100	1
64.853000	151.090000	-1.158100	4.501700	1
64.852000	151.200000	-0.818350	4.500900	1
64.851000	151.300000	-2.541300	4.501800	1
64.851000	151.400000	-1.851100	4.501900	1
64.850000	151.510000	-1.157800	4.501400	1
64.849000	151.610000	-2.877500	4.502000	1
64.848000	151.710000	-3.578500	4.501500	1
64.847000	151.820000	1.235600	4.501900	1
64.846000	151.920000	-2.187500	4.501700	1
64.844000	152.020000	-1.851300	4.501400	1
64.843000	152.120000	-2.187500	4.501700	1
64.842000	152.230000	-3.217600	4.501700	1
64.840000	152.330000	-3.221300	4.501400	1
64.839000	152.430000	-0.471170	4.501500	1
64.837000	152.540000	-0.813740	4.501900	1
64.835000	152.640000	0.216240	4.501800	1
64.833000	152.740000	-2.183800	4.501800	1
64.832000	152.850000	-5.624400	4.501400	1
64.522000	159.890000	-4.958400	4.502000	1
64.515000	159.990000	-4.955000	4.501700	1
64.508000	160.090000	-2.894000	4.502600	1
64.501000	160.190000	-1.170700	4.502300	1
64.493000	160.290000	-0.480350	4.502600	1
64.486000	160.400000	-0.480400	4.502600	1
64.479000	160.500000	-0.480970	4.501800	1
64.471000	160.600000	-1.857400	4.502000	1
64.464000	160.700000	-2.890800	4.502500	1
64.456000	160.800000	-5.641100	4.502500	1
64.448000	160.900000	-7.011500	4.502500	1
64.440000	161.000000	-7.361600	4.502500	1
63.719000	167.830000	-2.867700	4.503500	1
63.706000	167.930000	1.248400	4.502800	1
63.693000	168.020000	-0.454450	4.502800	1
63.680000	168.120000	0.221930	4.502700	1
63.668000	168.210000	-3.905700	4.502400	1
63.654000	168.310000	-1.498000	4.503000	1
63.641000	168.400000	-1.838600	4.502300	1
63.628000	168.490000	-2.178400	4.502700	1
64.808000	149.860000	-4.785000	5.256600	1
64.808000	149.960000	-0.315200	5.255800	1
64.809000	150.060000	-3.741300	5.256400	1
64.809000	150.160000	-1.337000	5.256900	1
64.809000	150.270000	-1.341300	5.255800	1
64.809000	150.370000	-2.710700	5.256600	1
64.809000	150.470000	-4.427100	5.256600	1
64.808000	150.580000	-4.427700	5.255500	1
64.808000	150.680000	-4.426800	5.256700	1
64.808000	150.780000	-4.086700	5.256800	1
64.807000	150.890000	-4.083800	5.255700	1
64.807000	150.990000	-3.732900	5.256900	1
64.806000	151.090000	-3.056700	5.256600	1
64.806000	151.200000	-1.673500	5.255700	1
64.805000	151.300000	-3.736700	5.256600	1
64.804000	151.400000	-3.736500	5.256700	1
64.803000	151.500000	-3.056800	5.256200	1
64.802000	151.610000	-3.056000	5.256800	1
64.801000	151.710000	-3.056200	5.256300	1
64.800000	151.810000	-0.656720	5.256700	1
64.799000	151.920000	1.743300	5.256500	1
64.798000	152.020000	0.376660	5.256200	1
64.796000	152.120000	-0.309500	5.256500	1
64.795000	152.230000	-2.369600	5.256600	1
64.794000	152.330000	-3.396200	5.256300	1
64.792000	152.430000	-3.736200	5.256300	1
64.790000	152.530000	-3.395900	5.256700	1
64.789000	152.640000	-3.055900	5.256600	1
64.787000	152.740000	-0.309390	5.256600	1
64.785000	152.840000	1.750400	5.256300	1
64.783000	152.950000	0.724150	5.256400	1
63.712000	167.520000	-3.385900	5.258800	1
63.699000	167.610000	-3.049400	5.259000	1
63.687000	167.710000	-0.986200	5.258100	1
63.674000	167.800000	-3.382500	5.258300	1
63.661000	167.900000	-3.050300	5.257600	1
63.649000	167.990000	-0.300100	5.257600	1
63.636000	168.090000	-2.016600	5.257600	1
63.623000	168.180000	-4.767100	5.257200	1
63.610000	168.280000	-4.770400	5.257700	1
63.597000	168.370000	-2.360700	5.257100	1
63.584000	168.460000	-3.734200	5.257500	1
64.761000	149.650000	-4.271500	6.010100	1
64.761000	149.750000	-3.921500	6.010000	1
64.762000	149.860000	-4.267300	6.010600	1
64.762000	149.960000	-1.857600	6.009700	1
64.762000	150.060000	-0.827110	6.010200	1
64.762000	150.170000	-2.196600	6.010900	1
64.762000	150.270000	-4.267400	6.009700	1
64.762000	150.370000	-4.263100	6.010400	1
64.762000	150.480000	-3.912900	6.010500	1
64.762000	150.580000	-4.263600	6.009400	1
64.762000	150.680000	-4.606500	6.010600	1
64.761000	150.780000	-4.266300	6.010800	1
64.761000	150.890000	-3.573300	6.009600	1
64.760000	150.990000	-3.912600	6.010800	1
64.760000	151.090000	-2.542600	6.010500	1
64.759000	151.200000	-3.569500	6.009600	1
64.758000	151.300000	-4.262700	6.010400	1
64.758000	151.400000	-0.822280	6.010700	1
64.757000	151.500000	-2.542600	6.010100	1
64.756000	151.610000	-2.542300	6.010700	1
64.755000	151.710000	-3.218900	6.010200	1
64.754000	151.810000	-4.942400	6.010600	1
64.753000	151.920000	-5.632600	6.010500	1
64.751000	152.020000	-6.337200	6.010100	1
64.750000	152.120000	-3.232900	6.010400	1
64.749000	152.220000	-0.485430	6.010500	1
64.747000	152.330000	-3.575700	6.010200	1
64.746000	152.430000	-4.605900	6.010200	1
64.744000	152.530000	-4.261800	6.010600	1
64.742000	152.630000	-2.881800	6.010600	1
64.716000	150.370000	-5.237900	6.762400	1
64.715000	150.480000	-5.233900	6.762500	1
64.715000	150.580000	-4.544400	6.761400	1
64.715000	150.680000	-5.570200	6.762500	1
64.715000	150.780000	-3.173400	6.762800	1
64.714000	150.890000	-2.824100	6.761500	1
64.714000	150.990000	-2.819600	6.762700	1
64.713000	151.090000	-3.859800	6.762500	1
64.713000	151.200000	-3.864000	6.761600	1
64.712000	151.300000	-3.863600	6.762300	1
64.711000	151.400000	-3.173300	6.762600	1
64.710000	151.500000	-4.203600	6.762100	1
64.709000	151.610000	-2.823200	6.762600	1
64.708000	151.710000	-4.543500	6.762200	1
64.707000	151.810000	-2.143100	6.762600	1
64.706000	151.910000	-2.143100	6.762500	1
64.705000	152.020000	-0.766940	6.762000	1
64.703000	152.120000	-3.513200	6.762400	1
64.702000	152.220000	-4.900800	6.762400	1
64.701000	152.320000	-2.486500	6.762200	1
64.699000	152.430000	-5.233100	6.762100	1
64.697000	152.530000	-5.236600	6.762500	1
64.696000	152.630000	0.603870	6.762500	1
64.694000	152.730000	-0.093574	6.762500	1
64.692000	152.840000	-3.524000	6.762200	1
64.690000	152.940000	-4.554000	6.762300	1
64.688000	153.040000	-5.576400	6.762700	1
64.686000	153.140000	-2.486200	6.762500	1
64.684000	153.250000	-1.792400	6.762500	1
64.682000	153.350000	-2.478900	6.762100	1
64.679000	153.450000	-7.293200	6.762300	1
64.677000	153.550000	-1.792100	6.762800	1
64.675000	153.660000	-5.236400	6.762400	1
64.669000	150.270000	-1.988500	7.521200	1
64.668000	150.370000	-5.424600	7.521900	1
64.668000	150.480000	-4.394200	7.522100	1
64.668000	150.580000	-4.731000	7.521000	1
64.668000	150.680000	-3.696600	7.522000	1
64.668000	150.780000	-3.696300	7.522400	1
64.667000	150.890000	-2.320600	7.521100	1
64.667000	150.990000	-1.979900	7.522200	1
64.666000	151.090000	-2.320000	7.522100	1
64.665000	151.190000	-2.663000	7.521200	1
64.665000	151.300000	-1.640000	7.521800	1
64.664000	151.400000	-3.696200	7.522200	1
64.663000	151.500000	-2.666400	7.521600	1
64.662000	151.600000	-4.043200	7.522100	1
64.661000	151.710000	-1.643100	7.521700	1
64.660000	151.810000	-4.393200	7.522100	1
64.659000	151.910000	-6.128400	7.522000	1
64.658000	152.010000	-2.330700	7.521600	1
64.622000	150.170000	-6.092500	8.275800	1
64.622000	150.270000	-1.954900	8.274600	1
64.622000	150.380000	-1.950700	8.275200	1
64.621000	150.480000	-2.296700	8.275500	1
64.621000	150.580000	-2.987300	8.274300	1
64.621000	150.680000	-3.666800	8.275300	1
64.621000	150.780000	-2.986400	8.275800	1
64.620000	150.890000	-1.950700	8.274500	1
64.620000	150.990000	-2.300200	8.275500	1
64.619000	151.090000	-1.942600	8.275500	1
64.619000	151.190000	-2.293100	8.274600	1
64.618000	151.300000	-3.669800	8.275100	1
64.617000	151.400000	-4.019700	8.275500	1
64.616000	151.500000	-2.989800	8.275000	1
64.615000	151.600000	-2.635700	8.275500	1
64.614000	151.710000	-5.393700	8.275100	1
64.613000	151.810000	-7.110200	8.275500	1
64.612000	151.910000	-5.053500	8.275400	1
64.574000	150.380000	-2.904900	9.034000	1
64.574000	150.480000	-3.244100	9.034400	1
64.574000	150.580000	-2.900800	9.033200	1
64.574000	150.680000	-2.206500	9.034100	1
64.573000	150.780000	-1.176100	9.034700	1
64.573000	150.890000	-2.203000	9.033300	1
64.572000	150.990000	-2.563800	9.034400	1
64.572000	151.090000	-2.900000	9.034400	1
64.571000	151.190000	-2.900400	9.033500	1
64.570000	151.300000	-1.516300	9.033900	1
64.570000	151.400000	-2.556100	9.034400	1
64.569000	151.500000	-3.934100	9.033800	1
64.568000	151.600000	-4.612600	9.034300	1
64.567000	151.700000	-4.616500	9.033900	1
64.527000	150.480000	-3.589200	9.788700	1
64.527000	150.580000	-1.873200	9.787500	1
64.526000	150.680000	-1.869000	9.788300	1
64.526000	150.780000	-1.861100	9.789000	1
64.526000	150.890000	-2.899300	9.787600	1
64.525000	150.990000	-2.218800	9.788600	1
64.524000	151.090000	-3.581300	9.788700	1
64.524000	151.190000	-2.891600	9.787800	1
64.523000	151.290000	-2.555100	9.788200	1
64.522000	151.400000	-2.211000	9.788600	1
64.521000	151.500000	-1.868800	9.788100	1
64.521000	151.600000	-1.178500	9.788600	1
64.520000	151.700000	-3.581300	9.788200	1
64.518000	151.800000	-5.641600	9.788600	1
64.517000	151.910000	-5.316500	9.788600	1
63.190000	131.730000	-6.646800	10.543000	1
63.203000	131.820000	-6.650400	10.543000	1
63.217000	131.920000	-6.646800	10.542000	1
63.230000	132.010000	-7.326700	10.543000	1
63.243000	132.100000	-6.296400	10.542000	1
63.256000	132.200000	-2.526900	10.542000	1
63.269000	132.290000	-0.462340	10.542000	1
63.282000	132.380000	-5.276700	10.542000	1
63.295000	132.480000	-6.299400	10.542000	1
64.479000	150.380000	-4.566700	10.546000	1
64.479000	150.480000	-3.537500	10.546000	1
64.479000	150.580000	-0.099985	10.545000	1
64.479000	150.680000	-1.133500	10.546000	1
64.478000	150.780000	-1.129300	10.547000	1
64.478000	150.890000	-2.853800	10.545000	1
64.477000	150.990000	-4.216000	10.546000	1
64.477000	151.090000	-3.872000	10.546000	1
64.476000	151.190000	-3.189900	10.545000	1
64.475000	151.290000	-2.845800	10.546000	1
64.475000	151.400000	-5.253600	10.546000	1
64.474000	151.500000	-5.246300	10.546000	1
64.473000	151.600000	-5.939900	10.546000	1
64.472000	151.700000	-2.510800	10.546000	1
64.471000	151.800000	-5.257300	10.546000	1
64.470000	151.900000	-4.577200	10.546000	1
64.468000	152.010000	-4.921200	10.546000	1
64.467000	152.110000	-3.533300	10.546000	1
64.466000	152.210000	-5.943700	10.546000	1
64.464000	152.310000	-5.599800	10.546000	1
64.432000	150.380000	-7.733000	11.298000	1
64.431000	150.480000	-3.959200	11.299000	1
64.431000	150.580000	1.537200	11.298000	1
64.431000	150.680000	0.161160	11.298000	1
64.431000	150.780000	-1.554700	11.299000	1
64.430000	150.890000	-3.265500	11.298000	1
64.430000	150.990000	-3.947600	11.299000	1
64.429000	151.090000	-4.297600	11.299000	1
64.429000	151.190000	-3.611500	11.298000	1
64.428000	151.290000	-2.585000	11.298000	1
64.427000	151.390000	-5.335300	11.299000	1
64.426000	151.500000	-4.989100	11.298000	1
64.425000	151.600000	-3.951200	11.299000	1
64.424000	151.700000	-5.335400	11.298000	1
64.423000	151.800000	-6.365500	11.299000	1
64.422000	151.900000	-3.261000	11.299000	1
64.421000	152.000000	-4.977600	11.298000	1
64.419000	152.100000	-5.679200	11.299000	1
64.418000	152.210000	-5.339000	11.299000	1
64.417000	152.310000	-3.954900	11.299000	1
64.383000	150.480000	-5.747000	12.054000	1
64.383000	150.580000	-6.773900	12.053000	1
64.383000	150.680000	-4.376900	12.053000	1
64.383000	150.780000	-2.981000	12.054000	1
64.382000	150.890000	-2.649000	12.053000	1
64.382000	150.990000	-4.357600	12.054000	1
64.381000	151.090000	-3.674900	12.054000	1
64.381000	151.190000	-3.671400	12.053000	1
64.380000	151.290000	-3.686400	12.053000	1
64.379000	151.390000	-3.674800	12.054000	1
64.378000	151.490000	-4.032600	12.053000	1
64.377000	151.590000	-6.769400	12.054000	1
64.376000	151.700000	-5.731700	12.053000	1
64.375000	151.800000	-6.085300	12.054000	1
64.335000	150.480000	-6.761000	12.815000	1
64.335000	150.580000	-6.074800	12.813000	1
64.334000	150.680000	-6.410900	12.814000	1
64.334000	150.780000	-2.968300	12.815000	1
64.334000	150.880000	-4.335200	12.813000	1
64.333000	150.990000	-5.361300	12.814000	1
64.333000	151.090000	-5.357500	12.815000	1
64.332000	151.190000	-5.357600	12.814000	1
64.331000	151.290000	-3.285800	12.814000	1
64.330000	151.390000	-7.089200	12.814000	1
64.330000	151.490000	-5.722900	12.814000	1
64.329000	151.590000	-4.673500	12.814000	1
64.328000	151.690000	-4.673600	12.814000	1
64.327000	151.800000	-5.349800	12.814000	1
64.325000	151.900000	-6.733900	12.814000	1
64.007000	159.720000	-4.346000	12.815000	1
64.001000	159.820000	-7.454800	12.814000	1
63.993000	159.920000	-9.511800	12.815000	1
63.986000	160.010000	-9.157700	12.815000	1
63.979000	160.110000	-6.760000	12.815000	1
63.972000	160.210000	-8.469600	12.815000	1
63.965000	160.310000	-9.169000	12.815000	1
63.957000	160.410000	-7.790700	12.814000	1
63.950000	160.510000	-8.806400	12.815000	1
63.942000	160.600000	-6.058700	12.815000	1
63.935000	160.700000	-4.331000	12.815000	1
64.286000	150.280000	-4.414200	13.572000	1
64.286000	150.380000	-4.746600	13.573000	1
64.286000	150.480000	-7.489600	13.573000	1
64.286000	150.580000	-7.860400	13.572000	1
64.286000	150.680000	-5.791900	13.572000	1
64.285000	150.780000	-4.402000	13.574000	1
64.285000	150.880000	-5.078800	13.572000	1
64.284000	150.980000	-5.417400	13.573000	1
64.284000	151.090000	-6.097500	13.573000	1
64.283000	151.190000	-5.074900	13.572000	1
64.283000	151.290000	-6.447800	13.572000	1
64.282000	151.390000	-6.108700	13.573000	1
64.281000	151.490000	-8.172300	13.573000	1
64.280000	151.590000	-5.761100	13.573000	1
64.279000	151.690000	-5.421000	13.573000	1
64.236000	149.670000	-4.847900	14.325000	1
64.237000	149.770000	-6.236200	14.324000	1
64.237000	149.870000	-5.201700	14.325000	1
64.237000	149.970000	-6.922500	14.325000	1
64.238000	150.080000	-6.232100	14.324000	1
64.238000	150.180000	-6.571600	14.326000	1
64.238000	150.280000	-4.167400	14.325000	1
64.238000	150.380000	-5.541400	14.325000	1
64.238000	150.480000	-5.881100	14.325000	1
64.237000	150.580000	-8.628900	14.324000	1
64.237000	150.680000	-8.640100	14.324000	1
64.237000	150.780000	-5.189300	14.326000	1
64.236000	150.880000	-5.193500	14.324000	1
64.236000	150.980000	-4.843100	14.325000	1
64.235000	151.080000	-6.555900	14.325000	1
64.235000	151.190000	-5.533300	14.325000	1
64.234000	151.290000	-4.835500	14.325000	1
64.233000	151.390000	-7.586300	14.325000	1
64.232000	151.490000	-7.590500	14.325000	1
64.231000	151.590000	-4.499000	14.325000	1
64.230000	151.690000	-5.862000	14.325000	1
64.229000	151.790000	-6.211900	14.325000	1
64.228000	151.890000	-6.555800	14.325000	1
63.897000	159.880000	-6.581600	14.325000	1
63.890000	159.980000	-5.203600	14.325000	1
63.883000	160.080000	-5.532200	14.326000	1
63.876000	160.180000	-5.532100	14.326000	1
63.869000	160.270000	-4.842100	14.325000	1
63.861000	160.370000	-4.154500	14.325000	1
63.854000	160.470000	-6.222600	14.325000	1
63.846000	160.570000	-2.781800	14.326000	1
63.839000	160.670000	-4.506100	14.326000	1
63.831000	160.760000	-5.887700	14.326000	1
63.823000	160.860000	-3.819900	14.326000	1
63.816000	160.960000	-7.597600	14.325000	1
64.188000	150.680000	-8.657200	15.086000	1
64.187000	150.780000	-6.950500	15.087000	1
64.187000	150.880000	-6.592000	15.086000	1
64.186000	150.980000	-6.234100	15.086000	1
64.186000	151.080000	-6.924300	15.087000	1
64.185000	151.180000	-6.237800	15.086000	1
64.184000	151.280000	-7.951100	15.086000	1
64.184000	151.390000	-8.310000	15.087000	1
64.183000	151.490000	-7.955000	15.086000	1
64.182000	151.590000	-7.260600	15.086000	1
64.181000	151.690000	-7.260700	15.086000	1
64.180000	151.790000	-7.272000	15.087000	1
64.179000	151.890000	-5.890000	15.087000	1
64.177000	151.990000	-6.230200	15.086000	1
64.176000	152.090000	-7.962200	15.086000	1
64.175000	152.190000	-5.893800	15.086000	1
64.173000	152.290000	-8.309800	15.087000	1
64.172000	152.390000	-7.610700	15.086000	1
64.170000	152.490000	-6.924100	15.086000	1
64.168000	152.590000	-7.977200	15.087000	1
64.167000	152.690000	-7.621800	15.086000	1
64.165000	152.790000	-6.931500	15.087000	1
64.163000	152.890000	-6.927800	15.086000	1
64.161000	152.990000	-7.625800	15.086000	1
64.159000	153.100000	-8.302300	15.087000	1
64.157000	153.200000	-7.950800	15.087000	1
64.155000	153.300000	-5.897300	15.086000	1
64.152000	153.400000	-6.920300	15.086000	1
64.150000	153.500000	-6.939200	15.087000	1
64.148000	153.600000	-7.607000	15.086000	1
64.145000	153.700000	-7.950900	15.087000	1
64.143000	153.800000	-6.587800	15.087000	1
64.140000	153.900000	-6.234100	15.086000	1
64.137000	154.000000	-6.591700	15.087000	1
64.135000	154.100000	-6.238000	15.086000	1
63.848000	159.860000	-7.973000	15.087000	1
63.841000	159.960000	-8.670700	15.087000	1
63.834000	160.060000	-5.907900	15.087000	1
63.827000	160.160000	-4.538600	15.088000	1
63.820000	160.260000	-6.598300	15.087000	1
63.812000	160.350000	-7.636600	15.087000	1
63.805000	160.450000	-3.847600	15.087000	1
63.797000	160.550000	-5.558100	15.087000	1
63.790000	160.650000	-4.531600	15.087000	1
63.782000	160.750000	-6.591100	15.088000	1
63.775000	160.840000	-4.188000	15.087000	1
63.767000	160.940000	-5.558700	15.087000	1
64.138000	150.680000	-6.985600	15.842000	1
64.138000	150.780000	-6.656100	15.844000	1
64.137000	150.880000	-7.343200	15.842000	1
64.137000	150.980000	-7.331700	15.843000	1
64.136000	151.080000	-7.668000	15.843000	1
64.136000	151.180000	-6.293700	15.843000	1
64.135000	151.280000	-8.004600	15.842000	1
64.134000	151.380000	-8.354800	15.843000	1
64.133000	151.480000	-8.008400	15.843000	1
64.132000	151.580000	-7.675400	15.843000	1
64.131000	151.680000	-6.973800	15.843000	1
64.130000	151.790000	-7.327800	15.843000	1
64.129000	151.890000	-7.664100	15.843000	1
64.128000	151.990000	-8.358700	15.843000	1
64.127000	152.090000	-5.939500	15.843000	1
64.125000	152.190000	-4.920500	15.843000	1
64.124000	152.290000	-6.981200	15.843000	1
64.122000	152.390000	-7.331500	15.843000	1
64.121000	152.490000	-7.339000	15.843000	1
64.119000	152.590000	-7.679100	15.843000	1
64.117000	152.690000	-8.391600	15.843000	1
64.115000	152.790000	-7.682300	15.843000	1
64.114000	152.890000	-6.311500	15.843000	1
64.112000	152.990000	-5.961400	15.843000	1
64.110000	153.090000	-7.345800	15.843000	1
64.107000	153.190000	-9.085800	15.843000	1
64.105000	153.290000	-6.666700	15.843000	1
64.103000	153.390000	-7.690000	15.843000	1
64.101000	153.490000	-7.334500	15.843000	1
64.098000	153.590000	-5.275100	15.843000	1
64.096000	153.690000	-6.315500	15.843000	1
64.093000	153.790000	-7.334500	15.843000	1
64.091000	153.890000	-7.338700	15.843000	1
64.088000	153.990000	-8.014900	15.843000	1
64.085000	154.090000	-5.961800	15.843000	1
64.082000	154.190000	-5.958000	15.843000	1
64.079000	154.290000	-7.678600	15.844000	1
64.076000	154.390000	-8.008000	15.843000	1
64.073000	154.490000	-4.226300	15.843000	1
63.799000	159.850000	-5.625100	15.843000	1
63.792000	159.940000	-5.625200	15.843000	1
63.785000	160.040000	-5.968900	15.844000	1
63.778000	160.140000	-6.659100	15.844000	1
63.771000	160.240000	-7.357100	15.843000	1
63.764000	160.340000	-6.996000	15.843000	1
63.756000	160.430000	-6.323000	15.843000	1
63.749000	160.530000	-7.357200	15.844000	1
63.741000	160.630000	-4.244900	15.844000	1
63.733000	160.730000	-4.935000	15.844000	1
63.726000	160.820000	-5.965600	15.844000	1
63.718000	160.920000	-7.342600	15.843000	1
64.089000	149.980000	-5.759900	16.597000	1
64.089000	150.080000	-8.876600	16.596000	1
64.089000	150.180000	-7.484000	16.598000	1
64.089000	150.280000	-7.831600	16.597000	1
64.089000	150.380000	-8.159500	16.597000	1
64.089000	150.480000	-9.204500	16.597000	1
64.089000	150.580000	-10.225000	16.596000	1
64.089000	150.680000	-9.201300	16.596000	1
64.088000	150.780000	-5.758500	16.598000	1
64.088000	150.880000	-7.804800	16.597000	1
64.087000	150.980000	-7.132000	16.597000	1
64.087000	151.080000	-6.777800	16.597000	1
64.086000	151.180000	-7.128000	16.597000	1
64.035000	149.280000	-7.162000	17.361000	1
64.035000	149.380000	-7.844700	17.362000	1
64.036000	149.480000	-8.535400	17.361000	1
64.037000	149.580000	-8.538900	17.361000	1
64.037000	149.680000	-6.475000	17.362000	1
64.038000	149.780000	-6.829200	17.361000	1
64.038000	149.880000	-7.863000	17.362000	1
64.038000	149.980000	-7.498200	17.361000	1
64.038000	150.080000	-7.169400	17.361000	1
64.038000	150.180000	-7.859100	17.362000	1
64.038000	150.280000	-7.157400	17.361000	1
64.038000	150.380000	-5.790400	17.361000	1
64.038000	150.480000	-8.195000	17.362000	1
64.038000	150.580000	-8.542100	17.361000	1
64.038000	150.680000	-7.489800	17.361000	1
64.037000	150.780000	-4.753000	17.362000	1
64.037000	150.880000	-6.824300	17.361000	1
64.037000	150.980000	-8.187700	17.361000	1
64.036000	151.080000	-5.789700	17.362000	1
64.035000	151.180000	-6.107600	17.362000	1
64.035000	151.280000	-7.493400	17.361000	1
64.034000	151.380000	-6.458900	17.362000	1
64.033000	151.480000	-7.141900	17.361000	1
64.032000	151.580000	-7.141900	17.362000	1
64.031000	151.680000	-7.842900	17.361000	1
63.985000	149.380000	-7.625500	18.122000	1
63.985000	149.480000	-8.656900	18.121000	1
63.986000	149.580000	-8.308900	18.122000	1
63.986000	149.680000	-9.350700	18.122000	1
63.987000	149.780000	-7.636900	18.121000	1
63.987000	149.880000	-8.996900	18.122000	1
63.987000	149.980000	-8.649100	18.122000	1
63.988000	150.080000	-8.656700	18.121000	1
63.988000	150.180000	-7.632500	18.123000	1
63.988000	150.280000	-5.552800	18.122000	1
63.988000	150.380000	-5.900300	18.121000	1
63.987000	150.480000	-7.259600	18.122000	1
63.987000	150.580000	-7.610000	18.122000	1
63.987000	150.680000	-8.304600	18.121000	1
63.987000	150.780000	-6.930400	18.123000	1
63.986000	150.880000	-4.866000	18.122000	1
63.986000	150.980000	-6.236300	18.122000	1
63.985000	151.080000	-7.953500	18.122000	1
63.985000	151.180000	-5.907100	18.122000	1
63.984000	151.280000	-5.888700	18.122000	1
63.983000	151.380000	-4.500500	18.122000	1
63.982000	151.480000	-6.228700	18.122000	1
63.981000	151.580000	-5.552000	18.122000	1
63.980000	151.680000	-6.236200	18.122000	1
63.979000	151.780000	-7.953300	18.122000	1
63.978000	151.880000	-8.299900	18.122000	1