La	Lo	Sig	Theta	Ice
63.401000	131.600000	-7.366500	-10.598000	1
63.382000	131.690000	-5.984800	-10.598000	1
63.364000	131.770000	-4.625900	-10.598000	1
63.346000	131.860000	-5.996600	-10.597000	1
63.328000	131.950000	-3.589800	-10.598000	1
63.309000	132.040000	-2.219800	-10.597000	1
63.291000	132.130000	-1.526400	-10.596000	1
63.273000	132.220000	-0.492260	-10.597000	1
63.254000	132.310000	-4.612000	-10.596000	1
63.235000	132.400000	-7.016400	-10.596000	1
63.217000	132.480000	-7.016400	-10.596000	1
63.198000	132.570000	-7.020900	-10.595000	1
63.179000	132.660000	-7.024300	-10.596000	1
63.161000	132.750000	-7.364700	-10.596000	1
63.142000	132.840000	-7.715100	-10.596000	1
63.123000	132.920000	-7.021000	-10.596000	1
63.104000	133.010000	-5.994700	-10.595000	1
63.085000	133.100000	-6.684700	-10.596000	1
63.066000	133.190000	-4.616900	-10.595000	1
63.046000	133.270000	-2.896700	-10.595000	1
63.027000	133.360000	-2.546400	-10.596000	1
63.008000	133.450000	-5.647100	-10.596000	1
62.989000	133.530000	-8.405300	-10.596000	1
62.969000	133.620000	-7.021100	-10.596000	1
62.950000	133.710000	-7.365000	-10.596000	1
62.930000	133.790000	-7.368700	-10.597000	1
62.911000	133.880000	-7.719000	-10.596000	1
62.891000	133.970000	-6.330700	-10.597000	1
62.872000	134.050000	-5.304500	-10.597000	1
63.356000	131.560000	-2.183800	-9.842300	1
63.338000	131.650000	-0.467530	-9.842000	1
63.320000	131.730000	-2.531400	-9.842300	1
63.302000	131.820000	-2.188100	-9.841100	1
63.284000	131.910000	-6.308500	-9.841600	1
63.265000	132.000000	-6.297500	-9.841200	1
63.247000	132.090000	-7.003300	-9.840100	1
63.229000	132.180000	-7.006600	-9.841100	1
63.210000	132.270000	-7.007300	-9.839800	1
63.191000	132.360000	-6.317200	-9.840000	1
63.173000	132.440000	-6.653600	-9.840300	1
63.154000	132.530000	-6.657900	-9.839100	1
63.135000	132.620000	-6.653800	-9.840200	1
63.117000	132.710000	-7.008200	-9.839600	1
63.098000	132.790000	-7.352100	-9.839400	1
63.079000	132.880000	-6.658100	-9.839600	1
63.060000	132.970000	-7.352400	-9.839000	1
63.041000	133.060000	-7.348500	-9.839600	1
63.022000	133.140000	-7.348500	-9.839300	1
63.003000	133.230000	-7.348700	-9.839100	1
62.984000	133.320000	-7.352300	-9.839800	1
62.964000	133.410000	-7.692500	-9.839500	1
62.945000	133.490000	-8.721400	-9.840300	1
62.926000	133.580000	-7.684700	-9.840200	1
62.906000	133.670000	-6.658300	-9.840200	1
62.887000	133.750000	-7.344400	-9.840800	1
62.867000	133.840000	-8.039200	-9.840200	1
62.848000	133.930000	-7.348700	-9.841100	1
62.828000	134.010000	-7.345200	-9.840600	1
62.808000	134.100000	-7.345200	-9.841000	1
62.789000	134.180000	-7.344700	-9.841800	1
63.312000	131.520000	-7.361900	-9.088000	1
63.269000	131.480000	-5.405300	-8.331900	1
63.225000	131.440000	-6.484800	-7.575400	1
63.182000	131.400000	-6.166500	-6.821200	1
63.164000	131.490000	-7.543400	-6.820700	1
63.146000	131.580000	-7.196700	-6.821300	1
63.127000	131.670000	-6.861200	-6.820000	1
63.109000	131.750000	-6.520900	-6.820300	1
63.091000	131.840000	-7.201200	-6.820200	1
63.073000	131.930000	-6.854500	-6.818900	1
63.054000	132.020000	-7.197700	-6.820000	1
63.036000	132.110000	-7.885400	-6.818700	1
63.017000	132.200000	-8.229400	-6.818600	1
62.999000	132.280000	-7.198900	-6.819300	1
62.980000	132.370000	-7.200000	-6.817900	1
62.962000	132.460000	-7.549600	-6.819000	1
62.943000	132.550000	-8.230000	-6.818600	1
62.924000	132.630000	-7.550100	-6.818200	1
62.906000	132.720000	-7.889900	-6.818700	1
62.887000	132.810000	-8.584300	-6.818000	1
62.868000	132.890000	-8.916800	-6.818400	1
62.849000	132.980000	-9.607000	-6.818300	1
62.830000	133.070000	-7.550600	-6.817900	1
62.811000	133.150000	-8.230300	-6.818800	1
62.792000	133.240000	-8.580600	-6.818400	1
62.773000	133.330000	-7.550200	-6.819000	1
62.753000	133.410000	-7.200100	-6.819200	1
62.734000	133.500000	-6.860100	-6.819000	1
62.715000	133.590000	-5.475800	-6.819900	1
62.695000	133.670000	-6.863800	-6.819300	1
62.676000	133.760000	-7.549900	-6.819900	1
62.656000	133.840000	-8.234000	-6.819700	1
62.637000	133.930000	-7.550100	-6.819900	1
62.617000	134.010000	-6.863300	-6.820600	1
62.597000	134.100000	-7.550000	-6.820300	1
62.578000	134.180000	-6.859600	-6.821000	1
62.558000	134.270000	-7.199500	-6.821400	1
62.538000	134.360000	-6.523200	-6.821400	1
62.518000	134.440000	-7.552800	-6.822200	1
62.498000	134.520000	-6.863100	-6.821600	1
62.478000	134.610000	-6.519000	-6.822200	1
62.458000	134.690000	-6.172800	-6.822200	1
63.138000	131.360000	-7.318400	-6.066700	1
63.095000	131.320000	-5.776200	-5.311800	1
63.052000	131.280000	-6.594700	-4.557000	1
62.966000	131.210000	-7.458600	-3.045400	1
62.948000	131.300000	-5.742400	-3.044600	1
62.930000	131.380000	-3.678300	-3.045400	1
62.912000	131.470000	-5.742900	-3.044100	1
62.894000	131.560000	-6.082900	-3.044200	1
62.876000	131.650000	-6.432800	-3.044400	1
62.858000	131.740000	-5.744000	-3.042900	1
62.839000	131.820000	-3.329700	-3.044100	1
62.821000	131.910000	-5.741000	-3.042900	1
62.803000	132.000000	-5.744800	-3.042400	1
62.784000	132.090000	-4.024000	-3.043400	1
62.766000	132.170000	-5.052100	-3.041900	1
62.747000	132.260000	-6.081600	-3.042800	1
62.729000	132.350000	-5.391600	-3.042800	1
62.710000	132.430000	-5.742200	-3.042100	1
62.692000	132.520000	-5.051500	-3.043000	1
62.673000	132.610000	-6.082200	-3.042300	1
62.654000	132.690000	-5.392100	-3.042400	1
62.635000	132.780000	-4.711900	-3.042700	1
62.616000	132.870000	-2.652400	-3.042000	1
62.598000	132.950000	-6.771900	-3.043000	1
62.578000	133.040000	-4.712200	-3.042500	1
62.559000	133.120000	-6.082200	-3.042800	1
62.540000	133.210000	-5.741700	-3.043500	1
62.521000	133.290000	-6.082200	-3.043100	1
62.502000	133.380000	-5.741500	-3.044000	1
62.483000	133.470000	-4.711800	-3.043600	1
62.463000	133.550000	-3.681600	-3.043900	1
62.444000	133.640000	-4.021600	-3.044100	1
62.424000	133.720000	-6.775300	-3.044000	1
62.405000	133.810000	-6.771600	-3.044700	1
62.385000	133.890000	-7.115200	-3.044500	1
62.366000	133.980000	-7.465000	-3.044800	1
62.346000	134.060000	-6.081000	-3.045500	1
62.326000	134.150000	-7.114600	-3.045400	1
62.923000	131.170000	-3.201900	-2.294000	1
62.905000	131.260000	1.267500	-2.293200	1
62.887000	131.350000	-1.821900	-2.294100	1
62.869000	131.430000	-1.826100	-2.292800	1
62.880000	131.130000	6.113300	-1.539100	1
62.862000	131.220000	5.422600	-1.538200	1
62.844000	131.310000	0.613180	-1.539200	1
62.826000	131.400000	3.022300	-1.537900	1
62.808000	131.480000	1.302200	-1.537800	1
62.790000	131.570000	-5.567800	-1.538200	1
62.772000	131.660000	-4.888800	-1.536700	1
62.532000	132.790000	-1.113300	-1.535900	1
62.513000	132.870000	-1.452700	-1.536900	1
62.494000	132.960000	-2.483100	-1.536300	1
62.475000	133.040000	-3.863100	-1.536600	1
62.456000	133.130000	1.637400	-1.537400	1
62.437000	133.210000	1.640300	-1.536900	1
62.418000	133.300000	2.670900	-1.537900	1
62.398000	133.380000	-0.069474	-1.537600	1
62.379000	133.470000	2.330500	-1.537700	1
62.360000	133.550000	3.020700	-1.538100	1
62.340000	133.640000	-3.509600	-1.537900	1
62.837000	131.090000	13.318000	-0.790690	1
62.819000	131.180000	7.817300	-0.789760	1
62.802000	131.270000	13.668000	-0.790710	1
62.784000	131.360000	8.167100	-0.789560	1
62.766000	131.450000	12.287000	-0.789350	1
62.748000	131.530000	7.817100	-0.789820	1
62.730000	131.620000	9.196500	-0.788410	1
62.712000	131.710000	3.356800	-0.789450	1
62.693000	131.790000	4.386300	-0.788490	1
62.675000	131.880000	5.065800	-0.787850	1
62.489000	132.750000	7.132400	-0.787770	1
62.471000	132.830000	8.502800	-0.788720	1
62.452000	132.920000	6.442500	-0.788210	1
62.433000	133.000000	10.912000	-0.788430	1
62.414000	133.090000	8.502700	-0.789220	1
62.395000	133.170000	10.912000	-0.788770	1
62.375000	133.260000	8.502700	-0.789680	1
62.356000	133.340000	5.412400	-0.789430	1
62.337000	133.430000	6.442400	-0.789530	1
62.318000	133.510000	11.252000	-0.789930	1
62.795000	131.060000	21.747000	0.118670	1
62.777000	131.140000	21.067000	0.118530	1
62.759000	131.230000	16.937000	0.118760	1
62.741000	131.320000	15.567000	0.119360	1
62.723000	131.410000	20.717000	0.119170	1
62.705000	131.490000	19.347000	0.119740	1
62.687000	131.580000	20.716000	0.119940	1
62.669000	131.670000	13.506000	0.119910	1
62.651000	131.760000	19.344000	0.120710	1
62.633000	131.840000	15.566000	0.120660	1
62.614000	131.930000	15.213000	0.120780	1
62.596000	132.020000	22.096000	0.121540	1
62.578000	132.100000	11.096000	0.121380	1
62.559000	132.190000	6.623100	0.121860	1
62.541000	132.280000	13.153000	0.122220	1
62.522000	132.360000	-2.307000	0.121920	1
62.504000	132.450000	16.593000	0.122470	1
62.485000	132.530000	11.093000	0.122330	1
62.466000	132.620000	16.253000	0.122230	1
62.447000	132.710000	17.623000	0.122510	1
62.428000	132.790000	20.713000	0.122020	1
62.410000	132.880000	15.213000	0.122290	1
62.391000	132.960000	15.213000	0.122470	1
62.372000	133.050000	14.876000	0.121900	1
62.353000	133.130000	18.656000	0.122330	1
62.333000	133.220000	17.966000	0.122110	1
62.314000	133.300000	19.686000	0.121750	1
62.295000	133.390000	18.656000	0.122080	1
62.276000	133.470000	19.345000	0.121370	1
62.424000	132.580000	7.432100	0.738300	1
62.405000	132.670000	8.462400	0.739300	1
62.386000	132.750000	13.272000	0.738130	1
62.367000	132.840000	11.552000	0.738760	1
62.348000	132.920000	11.212000	0.738700	1
62.329000	133.010000	10.871000	0.737530	1
62.310000	133.090000	12.242000	0.738220	1
62.291000	133.180000	9.841100	0.737170	1
62.272000	133.260000	9.491000	0.737200	1
62.253000	133.350000	13.621000	0.737320	1
62.234000	133.430000	9.150500	0.736490	1
62.709000	130.980000	0.599890	1.489700	1
62.691000	131.070000	9.880600	1.490800	1
62.673000	131.160000	8.849900	1.489800	1
62.655000	131.240000	3.700700	1.491100	1
62.637000	131.330000	3.348000	1.491500	1
62.620000	131.420000	4.727600	1.490900	1
62.601000	131.500000	-1.801500	1.492500	1
62.381000	132.540000	1.627700	1.492800	1
62.362000	132.630000	3.008300	1.493800	1
62.344000	132.710000	3.347500	1.492700	1
62.325000	132.800000	5.757800	1.493300	1
62.306000	132.880000	2.321100	1.493300	1
62.287000	132.970000	3.350200	1.492100	1
62.268000	133.050000	3.700600	1.492800	1
62.249000	133.140000	0.949790	1.491800	1
62.230000	133.220000	4.039700	1.491800	1
62.210000	133.310000	5.759700	1.491900	1
62.191000	133.390000	-0.430990	1.491100	1
62.172000	133.480000	6.099300	1.491500	1
62.666000	130.940000	-3.305300	2.238700	1
62.648000	131.030000	3.572500	2.239800	1
62.631000	131.120000	5.971700	2.238800	1
62.613000	131.210000	-1.584400	2.240000	1
62.595000	131.290000	-2.614100	2.240500	1
62.577000	131.380000	-3.987800	2.239900	1
62.320000	132.590000	-1.583400	2.242600	1
62.301000	132.670000	-1.237400	2.241600	1
62.283000	132.760000	-0.557070	2.242100	1
62.264000	132.840000	-0.894000	2.242200	1
62.245000	132.930000	-0.894990	2.241000	1
62.226000	133.010000	-2.264600	2.241700	1
62.207000	133.100000	0.484650	2.240700	1
62.188000	133.180000	0.484470	2.240600	1
62.168000	133.270000	1.514600	2.240800	1
62.149000	133.350000	-3.989500	2.239900	1
62.130000	133.440000	1.160900	2.240300	1
62.111000	133.520000	-4.676600	2.239900	1
62.091000	133.600000	-5.370000	2.239700	1
61.774000	134.940000	-6.054100	2.236300	1
61.754000	135.020000	-7.097700	2.236000	1
61.733000	135.100000	-6.057000	2.236900	1
61.713000	135.180000	7.005600	2.236000	1
61.692000	135.270000	4.939000	2.236500	1
61.672000	135.350000	-0.897790	2.236600	1
61.651000	135.430000	1.161300	2.235500	1
61.631000	135.510000	4.261900	2.236400	1
61.610000	135.590000	-0.559040	2.235500	1
61.589000	135.670000	-6.748300	2.236200	1
61.568000	135.760000	-6.058400	2.236200	1
61.548000	135.840000	-5.028500	2.236100	1
61.527000	135.920000	-7.098300	2.236600	1
62.623000	130.910000	-4.038600	2.994800	1
61.712000	134.980000	-5.768200	2.992000	1
61.691000	135.060000	-6.104200	2.993100	1
61.671000	135.140000	-2.324800	2.992100	1
61.651000	135.220000	2.825600	2.992600	1
61.630000	135.300000	5.925600	2.992800	1
61.610000	135.390000	4.207900	2.991700	1
61.589000	135.470000	0.425120	2.992600	1
61.568000	135.550000	2.144300	2.991600	1
61.548000	135.630000	-7.145700	2.992300	1
61.527000	135.710000	-6.459100	2.992300	1
61.506000	135.790000	-6.112600	2.992200	1
61.485000	135.870000	-5.422100	2.992800	1
62.580000	130.870000	-0.646610	3.749700	1
62.562000	130.950000	-4.765900	3.750900	1
62.408000	130.720000	-6.269500	6.763800	1