La	Lo	Sig	Theta	Ice
63.886000	149.750000	-8.475600	-18.183000	1
63.890000	149.850000	-7.766900	-18.183000	1
63.893000	149.950000	-7.085900	-18.183000	1
63.897000	150.050000	-8.815800	-18.183000	1
63.900000	150.150000	-8.786000	-18.183000	1
63.904000	150.250000	-8.112300	-18.183000	1
63.907000	150.350000	-6.394800	-18.183000	1
63.910000	150.440000	-7.769300	-18.183000	1
63.913000	150.540000	-7.417800	-18.183000	1
63.917000	150.640000	-8.118900	-18.183000	1
63.920000	150.740000	-7.067000	-18.183000	1
63.922000	150.840000	-7.764400	-18.183000	1
63.925000	150.940000	-6.740700	-18.183000	1
63.928000	151.040000	-6.392700	-18.183000	1
63.931000	151.140000	-5.702100	-18.183000	1
63.934000	151.240000	-5.365400	-18.183000	1
63.936000	151.340000	-5.701500	-18.183000	1
63.939000	151.440000	-7.751300	-18.183000	1
63.941000	151.540000	-7.064100	-18.183000	1
63.943000	151.640000	-6.037200	-18.183000	1
63.946000	151.740000	-6.727500	-18.183000	1
63.948000	151.840000	-7.747100	-18.183000	1
63.940000	149.840000	-5.643900	-17.425000	1
63.944000	149.940000	-7.712100	-17.425000	1
63.947000	150.040000	-7.700500	-17.426000	1
63.951000	150.140000	-9.086600	-17.425000	1
63.954000	150.240000	-9.765700	-17.426000	1
63.958000	150.340000	-9.436200	-17.425000	1
63.961000	150.440000	-9.090400	-17.425000	1
63.964000	150.540000	-9.060200	-17.425000	1
63.967000	150.640000	-8.383300	-17.425000	1
63.970000	150.740000	-8.383200	-17.425000	1
63.973000	150.830000	-8.748700	-17.426000	1
63.976000	150.930000	-6.307600	-17.425000	1
63.979000	151.030000	-7.351700	-17.425000	1
63.982000	151.130000	-8.392100	-17.426000	1
63.984000	151.230000	-7.347200	-17.425000	1
63.987000	151.330000	-6.670100	-17.426000	1
63.989000	151.430000	-6.312300	-17.425000	1
63.992000	151.530000	-7.346000	-17.425000	1
63.994000	151.630000	-6.998400	-17.425000	1
63.996000	151.730000	-7.349600	-17.426000	1
63.999000	151.830000	-7.695800	-17.425000	1
64.001000	151.930000	-8.722600	-17.426000	1
64.003000	152.030000	-8.382300	-17.425000	1
64.005000	152.130000	-6.660700	-17.426000	1
64.007000	152.230000	-7.352200	-17.426000	1
64.009000	152.330000	-7.337300	-17.426000	1
64.010000	152.430000	-7.336900	-17.426000	1
64.012000	152.530000	-6.992800	-17.425000	1
64.014000	152.630000	-6.659800	-17.426000	1
64.015000	152.730000	-8.030800	-17.426000	1
63.979000	149.530000	-8.023600	-16.663000	1
63.983000	149.630000	-9.039300	-16.662000	1
63.987000	149.730000	-9.748000	-16.663000	1
63.991000	149.830000	-9.393900	-16.662000	1
63.994000	149.930000	-9.068300	-16.663000	1
63.998000	150.030000	-8.712700	-16.663000	1
64.001000	150.130000	-7.675800	-16.662000	1
64.005000	150.230000	-9.396700	-16.663000	1
64.008000	150.330000	-9.400700	-16.663000	1
64.011000	150.430000	-7.331300	-16.663000	1
64.015000	150.530000	-8.716100	-16.663000	1
64.018000	150.630000	-8.357900	-16.663000	1
64.021000	150.730000	-9.044300	-16.663000	1
64.024000	150.830000	-8.043000	-16.663000	1
64.027000	150.930000	-7.318600	-16.663000	1
64.030000	151.030000	-7.329500	-16.663000	1
64.032000	151.130000	-6.298500	-16.663000	1
64.035000	151.230000	-7.317600	-16.663000	1
64.037000	151.330000	-6.981000	-16.663000	1
64.040000	151.430000	-7.320800	-16.663000	1
64.042000	151.530000	-7.653400	-16.663000	1
64.045000	151.630000	-7.320200	-16.663000	1
64.047000	151.730000	-6.979600	-16.663000	1
64.049000	151.830000	-6.979500	-16.663000	1
64.052000	151.930000	-6.975400	-16.663000	1
64.054000	152.030000	-8.700100	-16.663000	1
64.056000	152.130000	-6.621200	-16.663000	1
64.058000	152.230000	-5.586800	-16.663000	1
64.059000	152.330000	-6.299400	-16.663000	1
64.061000	152.430000	-6.974300	-16.663000	1
64.063000	152.530000	-8.341400	-16.663000	1
64.065000	152.630000	-8.015900	-16.663000	1
64.066000	152.730000	-5.608200	-16.663000	1
64.068000	152.830000	-7.665300	-16.663000	1
64.029000	149.520000	-8.931600	-15.905000	1
64.033000	149.620000	-8.240900	-15.904000	1
64.037000	149.720000	-6.867200	-15.905000	1
64.041000	149.820000	-7.557500	-15.904000	1
64.044000	149.920000	-8.254800	-15.905000	1
64.048000	150.020000	-6.870200	-15.905000	1
64.051000	150.120000	-8.938100	-15.904000	1
64.055000	150.220000	-9.618100	-15.905000	1
64.058000	150.320000	-9.259400	-15.905000	1
64.061000	150.420000	-8.572300	-15.905000	1
64.065000	150.520000	-7.201300	-15.905000	1
64.068000	150.620000	-9.610100	-15.905000	1
64.071000	150.720000	-8.948000	-15.904000	1
64.074000	150.820000	-8.932500	-15.905000	1
64.077000	150.920000	-7.884100	-15.904000	1
64.079000	151.020000	-7.191900	-15.905000	1
64.082000	151.120000	-7.524400	-15.905000	1
64.085000	151.220000	-6.508500	-15.905000	1
64.087000	151.320000	-7.198500	-15.905000	1
64.090000	151.420000	-7.871400	-15.904000	1
64.092000	151.520000	-6.504300	-15.905000	1
64.095000	151.620000	-5.123600	-15.905000	1
64.097000	151.720000	-4.783400	-15.905000	1
64.099000	151.820000	-6.492700	-15.905000	1
64.102000	151.920000	-7.874800	-15.905000	1
64.104000	152.020000	-8.234600	-15.905000	1
64.106000	152.120000	-7.532700	-15.905000	1
64.108000	152.220000	-7.880200	-15.905000	1
64.109000	152.320000	-5.467700	-15.905000	1
64.111000	152.420000	-5.814900	-15.905000	1
64.113000	152.520000	-6.841500	-15.905000	1
64.079000	149.510000	-7.479800	-15.148000	1
64.083000	149.610000	-4.743600	-15.148000	1
64.086000	149.710000	-7.501200	-15.149000	1
64.090000	149.810000	-8.166400	-15.148000	1
64.094000	149.910000	-7.844400	-15.149000	1
64.097000	150.010000	-9.203700	-15.149000	1
64.101000	150.110000	-9.548000	-15.148000	1
64.104000	150.210000	-6.454600	-15.149000	1
64.108000	150.310000	-7.138600	-15.148000	1
64.111000	150.410000	-8.509100	-15.149000	1
64.114000	150.510000	-8.842000	-15.149000	1
64.117000	150.610000	-9.532200	-15.149000	1
64.120000	150.710000	-7.810800	-15.148000	1
64.123000	150.810000	-7.810400	-15.149000	1
64.126000	150.910000	-7.806300	-15.148000	1
64.129000	151.010000	-7.798200	-15.149000	1
64.132000	151.110000	-7.107700	-15.149000	1
64.134000	151.210000	-7.797900	-15.149000	1
64.137000	151.310000	-7.106900	-15.149000	1
64.140000	151.410000	-6.086200	-15.148000	1
64.142000	151.510000	-6.089500	-15.149000	1
64.144000	151.610000	-6.081800	-15.149000	1
64.147000	151.710000	-6.100300	-15.149000	1
64.149000	151.810000	-7.112900	-15.149000	1
64.151000	151.920000	-8.482300	-15.149000	1
64.153000	152.020000	-7.101300	-15.149000	1
64.155000	152.120000	-7.104600	-15.149000	1
64.157000	152.220000	-6.439200	-15.149000	1
64.159000	152.320000	-6.073800	-15.149000	1
64.161000	152.420000	-7.461600	-15.149000	1
64.163000	152.520000	-6.423600	-15.149000	1
64.164000	152.620000	-7.122200	-15.149000	1
64.166000	152.720000	-5.740400	-15.149000	1
64.157000	150.300000	-8.792700	-14.394000	1
64.160000	150.400000	-7.762000	-14.394000	1
64.163000	150.500000	-7.082900	-14.394000	1
64.166000	150.600000	-8.471800	-14.394000	1
64.169000	150.700000	-8.810700	-14.394000	1
64.172000	150.800000	-8.806500	-14.395000	1
64.175000	150.910000	-8.444900	-14.394000	1
64.178000	151.010000	-7.410000	-14.395000	1
64.181000	151.110000	-8.092800	-14.394000	1
64.184000	151.210000	-7.759800	-14.394000	1
64.186000	151.310000	-8.103500	-14.395000	1
64.189000	151.410000	-6.732800	-14.394000	1
64.229000	149.580000	-5.165400	-12.877000	1
64.233000	149.680000	-5.180100	-12.878000	1
64.237000	149.780000	-5.526300	-12.877000	1
64.241000	149.880000	-5.865800	-12.878000	1
64.244000	149.990000	-5.525700	-12.877000	1
64.248000	150.090000	-5.517900	-12.877000	1
64.251000	150.190000	-7.578500	-12.877000	1
64.254000	150.290000	-7.230700	-12.877000	1
64.258000	150.390000	-6.895500	-12.877000	1
64.261000	150.490000	-6.548000	-12.878000	1
64.264000	150.590000	-7.245600	-12.877000	1
64.267000	150.690000	-5.876200	-12.877000	1
64.270000	150.790000	-7.921700	-12.878000	1
64.273000	150.890000	-5.163000	-12.877000	1
64.276000	150.990000	-7.229600	-12.878000	1
64.279000	151.090000	-8.260100	-12.877000	1
64.281000	151.190000	-6.545300	-12.878000	1
64.284000	151.290000	-6.541300	-12.878000	1
64.287000	151.400000	-5.858200	-12.877000	1
64.289000	151.500000	-7.915000	-12.877000	1
64.291000	151.600000	-7.563200	-12.877000	1
64.294000	151.700000	-7.558900	-12.877000	1
64.296000	151.800000	-6.887100	-12.878000	1
64.298000	151.900000	-6.185400	-12.878000	1
64.300000	152.000000	-7.221900	-12.877000	1
64.302000	152.100000	-7.221300	-12.878000	1
64.304000	152.200000	-8.251800	-12.878000	1
64.306000	152.300000	-6.878400	-12.878000	1
64.308000	152.410000	-6.187600	-12.878000	1
64.310000	152.510000	-5.161100	-12.877000	1
64.311000	152.610000	-7.911700	-12.878000	1
64.313000	152.710000	-7.578900	-12.878000	1
64.314000	152.810000	-6.194500	-12.878000	1
64.316000	152.910000	-5.517500	-12.878000	1
64.317000	153.010000	-6.193800	-12.878000	1
64.318000	153.110000	-7.226600	-12.878000	1
64.296000	150.080000	-6.918200	-12.117000	1
64.300000	150.180000	-7.612200	-12.117000	1
64.303000	150.280000	-6.567900	-12.117000	1
64.306000	150.380000	-6.220200	-12.117000	1
64.310000	150.480000	-6.231300	-12.117000	1
64.313000	150.580000	-6.936500	-12.117000	1
64.316000	150.680000	-5.890800	-12.117000	1
64.319000	150.780000	-6.226600	-12.118000	1
64.322000	150.880000	-5.532500	-12.117000	1
64.325000	150.990000	-6.908600	-12.118000	1
64.327000	151.090000	-7.248600	-12.117000	1
64.330000	151.190000	-6.214000	-12.117000	1
64.333000	151.290000	-4.835600	-12.117000	1
64.335000	151.390000	-4.500300	-12.117000	1
64.338000	151.490000	-5.533900	-12.117000	1
64.340000	151.590000	-6.902600	-12.117000	1
64.342000	151.690000	-7.235000	-12.117000	1
64.345000	151.790000	-6.207900	-12.117000	1
64.361000	150.580000	-6.172000	-11.364000	1
64.364000	150.680000	-4.791400	-11.364000	1
64.367000	150.780000	-4.110800	-11.364000	1
64.370000	150.880000	-3.413100	-11.363000	1
64.372000	150.980000	-5.813000	-11.364000	1
64.375000	151.080000	-6.166700	-11.364000	1
64.378000	151.180000	-5.472300	-11.364000	1
64.381000	151.280000	-5.139200	-11.364000	1
64.383000	151.380000	-4.441100	-11.364000	1
64.386000	151.490000	-4.444600	-11.364000	1
64.388000	151.590000	-5.478100	-11.364000	1
64.390000	151.690000	-5.462800	-11.364000	1
64.393000	151.790000	-7.880700	-11.364000	1
64.395000	151.890000	-7.530200	-11.364000	1
64.409000	150.570000	-6.560600	-10.603000	1
64.412000	150.670000	-5.862800	-10.603000	1
64.415000	150.770000	-4.138300	-10.603000	1
64.418000	150.870000	-5.164900	-10.603000	1
64.421000	150.970000	-5.850900	-10.603000	1
64.423000	151.070000	-6.541100	-10.603000	1
64.426000	151.180000	-6.546800	-10.603000	1
64.429000	151.280000	-4.486000	-10.603000	1
64.431000	151.380000	-5.855900	-10.603000	1
64.434000	151.480000	-3.445100	-10.603000	1
64.436000	151.580000	-5.157300	-10.603000	1
64.439000	151.680000	-6.187400	-10.603000	1
64.441000	151.780000	-6.874600	-10.603000	1
64.443000	151.890000	-6.859200	-10.603000	1
64.445000	151.990000	-6.186300	-10.603000	1
64.447000	152.090000	-6.193300	-10.603000	1
64.449000	152.190000	-6.189400	-10.603000	1
64.451000	152.290000	-5.849000	-10.603000	1
64.453000	152.390000	-7.574400	-10.603000	1
64.455000	152.500000	-4.825900	-10.603000	1
64.456000	152.600000	-3.441400	-10.603000	1
64.458000	152.700000	-5.511500	-10.603000	1
64.459000	152.800000	-5.858900	-10.603000	1
64.461000	152.900000	-5.847000	-10.603000	1
64.462000	153.000000	-7.557200	-10.603000	1
64.463000	153.110000	-7.203100	-10.603000	1
64.504000	150.550000	-4.128200	-9.092300	1
64.507000	150.660000	-5.504400	-9.092400	1
64.510000	150.760000	-5.167600	-9.092600	1
64.513000	150.860000	-4.473700	-9.092200	1
64.516000	150.960000	-4.473100	-9.092700	1
64.519000	151.060000	-5.476800	-9.092200	1
64.521000	151.160000	-6.507100	-9.092600	1
64.524000	151.270000	-4.468100	-9.092400	1
64.526000	151.370000	-4.475100	-9.092500	1
64.529000	151.470000	-5.154900	-9.092300	1
64.531000	151.570000	-5.150600	-9.092500	1
64.534000	151.670000	-6.180600	-9.092300	1
64.536000	151.770000	-5.826100	-9.092500	1
64.538000	151.880000	-5.153200	-9.092500	1
64.540000	151.980000	-6.179300	-9.092400	1
64.542000	152.080000	-7.216900	-9.092800	1
64.544000	152.180000	-7.893300	-9.092500	1
64.546000	152.280000	-6.190200	-9.092700	1
64.548000	152.390000	-4.466000	-9.092700	1
64.550000	152.490000	-7.560500	-9.092500	1
64.551000	152.590000	-1.371700	-9.092700	1
64.553000	152.690000	-3.775500	-9.092600	1
64.555000	152.790000	-5.491900	-9.092500	1
64.556000	152.900000	-5.147700	-9.092800	1
64.557000	153.000000	-6.850600	-9.092500	1
64.559000	153.100000	-7.202500	-9.092600	1
64.560000	153.200000	-8.580200	-9.092700	1
64.548000	150.450000	-5.952700	-8.336300	1
64.551000	150.550000	-3.194800	-8.335900	1
64.554000	150.650000	-4.914700	-8.336100	1
64.557000	150.750000	-6.284500	-8.336200	1
64.560000	150.850000	-4.918000	-8.335900	1
64.563000	150.950000	-5.253600	-8.336400	1
64.566000	151.060000	-6.629900	-8.335900	1
64.569000	151.160000	-5.602800	-8.336300	1
64.571000	151.260000	-3.535800	-8.336100	1
64.574000	151.360000	-5.251900	-8.336200	1
64.576000	151.460000	-6.631700	-8.336000	1
64.579000	151.570000	-5.941100	-8.336100	1
64.581000	151.670000	-5.246900	-8.336000	1
64.583000	151.770000	-5.596400	-8.336200	1
64.585000	151.870000	-4.909700	-8.336100	1
64.588000	151.970000	-6.287100	-8.336100	1
64.590000	152.080000	-6.282800	-8.336500	1
64.592000	152.180000	-7.316600	-8.336100	1
64.592000	150.340000	-5.656400	-7.579300	1
64.595000	150.440000	-5.312300	-7.579700	1
64.598000	150.540000	-6.682600	-7.579200	1
64.601000	150.640000	-5.998300	-7.579400	1
64.604000	150.740000	-5.311500	-7.579500	1
64.607000	150.850000	-5.647700	-7.579200	1
64.610000	150.950000	-4.616900	-7.579700	1
64.613000	151.050000	-5.306800	-7.579200	1
64.616000	151.150000	-4.956100	-7.579600	1
64.618000	151.250000	-4.955600	-7.579400	1
64.621000	151.360000	-5.995300	-7.579500	1
64.623000	151.460000	-6.338600	-7.579300	1
64.626000	151.560000	-6.330700	-7.579500	1
64.628000	151.660000	-5.303900	-7.579300	1
64.630000	151.770000	-4.280700	-7.579600	1
64.633000	151.870000	-6.676900	-7.579400	1
64.635000	151.970000	-5.310100	-7.579400	1
64.637000	152.070000	-5.320800	-7.579800	1
64.639000	152.180000	-4.955600	-7.579400	1
64.641000	152.280000	-5.645300	-7.579700	1
64.643000	152.380000	-6.671500	-7.579600	1
64.644000	152.480000	-7.021400	-7.579500	1
64.646000	152.580000	-6.670900	-7.579700	1
64.648000	152.690000	-5.990400	-7.579600	1
64.649000	152.790000	-5.997600	-7.579500	1
64.635000	150.230000	-6.378600	-6.825200	1
64.639000	150.330000	-5.341000	-6.824900	1
64.642000	150.430000	-6.710800	-6.825300	1
64.645000	150.530000	-7.051000	-6.824800	1
64.648000	150.640000	-5.690300	-6.825100	1
64.651000	150.740000	-3.966000	-6.825100	1
64.654000	150.840000	-3.965800	-6.824900	1
64.657000	150.940000	-5.679000	-6.825300	1
64.660000	151.050000	-4.985000	-6.824900	1
64.663000	151.150000	-4.644300	-6.825200	1
64.665000	151.250000	-5.674000	-6.825000	1
64.668000	151.350000	-6.013500	-6.825200	1
64.670000	151.450000	-5.319300	-6.824900	1
64.673000	151.560000	-6.012500	-6.825100	1
64.675000	151.660000	-2.931900	-6.824900	1
64.677000	151.760000	-4.295100	-6.825200	1
64.680000	151.860000	-6.015100	-6.825000	1
64.682000	151.970000	-3.277900	-6.825100	1
64.684000	152.070000	-4.643800	-6.825400	1
64.686000	152.170000	-8.074400	-6.825100	1
64.688000	152.270000	-7.733800	-6.825400	1
64.689000	152.380000	-7.393500	-6.825200	1
64.691000	152.480000	-7.729600	-6.825200	1
64.693000	152.580000	-4.642400	-6.825300	1
64.695000	152.680000	-3.952000	-6.825200	1
64.679000	150.120000	-4.777000	-6.070300	1
64.682000	150.220000	-5.463100	-6.070500	1
64.685000	150.320000	-6.149600	-6.070100	1
64.689000	150.430000	-4.428900	-6.070600	1
64.692000	150.530000	-6.149200	-6.070100	1
64.695000	150.630000	-5.795000	-6.070400	1
64.698000	150.730000	-5.458200	-6.070300	1
64.701000	150.830000	-4.424200	-6.070200	1
64.704000	150.940000	-3.733500	-6.070600	1
64.707000	151.040000	-4.767100	-6.070100	1
64.709000	151.140000	-3.388800	-6.070500	1
64.712000	151.240000	-5.452200	-6.070300	1
64.715000	151.350000	-6.485500	-6.070400	1
64.717000	151.450000	-5.795000	-6.070200	1
64.720000	151.550000	-5.790700	-6.070400	1
64.722000	151.650000	-4.076600	-6.070100	1
64.724000	151.760000	-4.079600	-6.070500	1
64.726000	151.860000	-6.819700	-6.070300	1
64.729000	151.960000	-5.792800	-6.070300	1
64.731000	152.070000	-6.142200	-6.070700	1
64.733000	152.170000	-5.792100	-6.070300	1
64.734000	152.270000	-6.825400	-6.070600	1
64.736000	152.370000	-8.191800	-6.070500	1
64.738000	152.480000	-6.813800	-6.070400	1
64.740000	152.580000	-5.777000	-6.070500	1
64.741000	152.680000	-5.776700	-6.070500	1
64.743000	152.780000	-4.423700	-6.070300	1
64.744000	152.890000	-5.099600	-6.070700	1
64.746000	152.990000	-0.635490	-6.070300	1
64.747000	153.090000	2.122300	-6.070500	1
64.725000	150.110000	-4.945800	-5.315200	1
64.729000	150.210000	-5.631900	-5.315300	1
64.732000	150.320000	-5.631900	-5.315000	1
64.735000	150.420000	-6.658000	-5.315500	1
64.739000	150.520000	-7.348200	-5.314900	1
64.742000	150.620000	-6.661100	-5.315300	1
64.745000	150.730000	-5.630700	-5.315200	1
64.748000	150.830000	-6.306800	-5.315100	1
64.751000	150.930000	-3.905800	-5.315400	1
64.753000	151.030000	-3.555600	-5.315000	1
64.756000	151.140000	-2.874800	-5.315400	1
64.759000	151.240000	-5.964600	-5.315200	1
64.761000	151.340000	-3.903700	-5.315300	1
64.764000	151.450000	-6.303600	-5.315100	1
64.766000	151.550000	-5.959300	-5.315200	1
64.769000	151.650000	-3.898900	-5.315000	1
64.771000	151.750000	-4.241800	-5.315400	1
64.773000	151.860000	-5.271700	-5.315100	1
64.775000	151.960000	-5.968500	-5.315200	1
64.777000	152.060000	-5.277900	-5.315600	1
64.779000	152.160000	-5.620600	-5.315200	1
64.781000	152.270000	-7.684000	-5.315500	1
64.783000	152.370000	-5.269700	-5.315400	1
64.785000	152.470000	-5.269500	-5.315300	1
64.786000	152.580000	-4.589100	-5.315400	1
64.788000	152.680000	-3.212300	-5.315400	1
64.790000	152.780000	1.601700	-5.315200	1
64.791000	152.880000	3.322300	-5.315500	1
64.792000	152.990000	-1.140500	-5.315200	1
64.794000	153.090000	-4.931300	-5.315400	1
64.795000	153.190000	-6.669500	-5.315400	1
64.761000	149.800000	-4.745800	-4.560300	1
64.765000	149.900000	-1.651800	-4.560300	1
64.768000	150.000000	-1.311400	-4.560300	1
64.772000	150.100000	-1.314700	-4.560300	1
64.775000	150.210000	-3.711000	-4.560400	1
64.779000	150.310000	-5.431100	-4.560100	1
64.782000	150.410000	-5.090500	-4.560600	1
64.785000	150.520000	-5.770800	-4.560000	1
64.788000	150.620000	-4.396400	-4.560400	1
64.791000	150.720000	-5.086200	-4.560200	1
64.794000	150.820000	-4.045700	-4.560200	1
64.797000	150.930000	-4.045000	-4.560400	1
64.800000	151.030000	-5.084800	-4.560100	1
64.803000	151.130000	-5.084000	-4.560400	1
64.805000	151.230000	-3.703400	-4.560300	1
64.808000	151.340000	-4.392800	-4.560300	1
64.810000	151.440000	-4.392400	-4.560200	1
64.813000	151.540000	-4.391800	-4.560300	1
64.815000	151.650000	-3.011400	-4.560100	1
64.818000	151.750000	-5.421000	-4.560400	1
64.820000	151.850000	-1.304000	-4.560200	1
64.822000	151.960000	-4.043600	-4.560300	1
64.824000	152.060000	-5.079500	-4.560600	1
64.826000	152.160000	-5.759500	-4.560300	1
64.828000	152.260000	-4.035300	-4.560600	1
64.830000	152.370000	-5.075100	-4.560400	1
64.831000	152.470000	0.425470	-4.560400	1
64.833000	152.570000	4.555900	-4.560500	1
64.835000	152.680000	-0.943910	-4.560400	1
64.836000	152.780000	-3.000300	-4.560300	1
64.838000	152.880000	-9.204800	-4.560600	1
64.815000	149.990000	-6.379300	-3.804400	1
64.818000	150.100000	-4.655200	-3.804500	1
64.822000	150.200000	1.865300	-3.804500	1
64.825000	150.300000	1.865300	-3.804300	1
64.828000	150.410000	1.172400	-3.804700	1
64.832000	150.510000	-1.237800	-3.804100	1
64.835000	150.610000	1.173000	-3.804600	1
64.838000	150.710000	1.173200	-3.804300	1
64.841000	150.820000	-1.236300	-3.804400	1
64.844000	150.920000	-3.285800	-3.804600	1
64.846000	151.020000	-3.282000	-3.804300	1
64.849000	151.130000	-3.621200	-3.804500	1
64.852000	151.230000	-1.920600	-3.804500	1
64.854000	151.330000	-2.940000	-3.804500	1
64.857000	151.440000	-0.539410	-3.804400	1
64.859000	151.540000	-2.258900	-3.804400	1
64.862000	151.640000	-1.568600	-3.804200	1
64.864000	151.750000	-3.621500	-3.804600	1
64.866000	151.850000	-3.967800	-3.804300	1
64.868000	151.950000	-4.307300	-3.804400	1
64.870000	152.050000	-3.963200	-3.804800	1
64.873000	152.160000	-2.936500	-3.804400	1
64.874000	152.260000	-3.275900	-3.804700	1
64.876000	152.360000	-0.872140	-3.804600	1
64.878000	152.470000	-3.612000	-3.804500	1
64.880000	152.570000	-6.722200	-3.804600	1
64.868000	150.190000	-5.257800	-3.048300	1
64.872000	150.300000	-3.884200	-3.048200	1
64.875000	150.400000	-3.543600	-3.048600	1
64.878000	150.500000	-5.944000	-3.048000	1
64.881000	150.610000	-5.943200	-3.048400	1
64.884000	150.710000	-6.973100	-3.048200	1
64.887000	150.810000	-2.848900	-3.048300	1
64.890000	150.920000	-1.818200	-3.048400	1
64.893000	151.020000	1.278900	-3.048200	1
64.896000	151.120000	-3.190500	-3.048300	1
64.898000	151.220000	-1.819800	-3.048300	1
64.901000	151.330000	-4.569300	-3.048300	1
64.904000	151.430000	1.281500	-3.048300	1
64.906000	151.530000	-1.128000	-3.048200	1
64.908000	151.640000	-2.154400	-3.048100	1
64.911000	151.740000	-0.096944	-3.048400	1
64.913000	151.840000	-1.816800	-3.048200	1
64.915000	151.950000	-2.152900	-3.048300	1
64.917000	152.050000	-4.212400	-3.048600	1
64.919000	152.150000	-2.505500	-3.048300	1
64.921000	152.260000	2.315200	-3.048600	1
64.923000	152.360000	-4.901500	-3.048400	1
64.918000	150.290000	-3.750300	-2.296600	1
64.921000	150.390000	-2.379600	-2.297000	1
64.924000	150.500000	-3.749800	-2.296400	1
64.927000	150.600000	-4.779100	-2.296900	1
64.930000	150.700000	-5.128900	-2.296600	1
64.933000	150.810000	-4.098100	-2.296700	1
64.936000	150.910000	-7.177800	-2.296800	1
64.939000	151.010000	0.723070	-2.296700	1
64.942000	151.120000	0.373750	-2.296700	1
64.945000	151.220000	-0.655540	-2.296800	1
64.947000	151.320000	-0.994970	-2.296700	1
64.950000	151.430000	0.378870	-2.296700	1
64.952000	151.530000	-0.653780	-2.296700	1
64.955000	151.630000	-2.710400	-2.296500	1
64.957000	151.740000	0.040447	-2.296900	1
64.959000	151.840000	-0.989350	-2.296600	1
64.961000	151.940000	-0.648810	-2.296700	1
64.963000	152.050000	7.598800	-2.297000	1
64.965000	152.150000	6.222100	-2.296700	1
64.967000	152.260000	2.102600	-2.297000	1
64.969000	152.360000	-8.541000	-2.296800	1
64.971000	152.460000	-6.833700	-2.296800	1
64.961000	150.180000	-3.728600	-1.541700	1
64.964000	150.280000	-1.658300	-1.541600	1
64.967000	150.390000	-0.627700	-1.541900	1
64.971000	150.490000	-3.377900	-1.541300	1
64.974000	150.590000	1.433100	-1.541900	1
64.977000	150.700000	-1.656700	-1.541500	1
64.980000	150.800000	-5.436200	-1.541700	1
64.983000	150.900000	-4.062600	-1.541700	1
64.986000	151.010000	-4.062100	-1.541600	1
64.988000	151.110000	3.155800	-1.541600	1
64.991000	151.220000	1.436600	-1.541800	1
64.994000	151.320000	-1.309900	-1.541600	1
64.996000	151.420000	0.750820	-1.541700	1
64.999000	151.530000	1.441400	-1.541600	1
65.001000	151.630000	2.131700	-1.541400	1
65.003000	151.730000	0.752280	-1.541800	1
65.006000	151.840000	1.442400	-1.541500	1
65.008000	151.940000	2.812800	-1.541600	1
65.010000	152.050000	4.883200	-1.541900	1
65.012000	152.150000	-5.432900	-1.541700	1
65.014000	150.380000	-3.046600	-0.793200	1
65.017000	150.490000	-0.646400	-0.792600	1
65.020000	150.590000	3.484400	-0.793150	1
65.023000	150.690000	6.574800	-0.792710	1
65.026000	150.800000	2.448100	-0.792990	1
65.029000	150.900000	1.768700	-0.792900	1
65.032000	151.000000	-0.980960	-0.792950	1
65.034000	151.110000	10.359000	-0.792840	1
65.037000	151.210000	8.980000	-0.793080	1
65.040000	151.310000	6.580300	-0.792860	1
65.042000	151.420000	9.330800	-0.792980	1
65.045000	151.520000	7.271100	-0.792860	1
65.047000	151.630000	7.611400	-0.792720	1
65.049000	151.730000	6.239600	-0.793070	1
65.052000	151.830000	5.549900	-0.792770	1
65.054000	151.940000	12.080000	-0.792900	1
65.056000	152.040000	-3.039200	-0.793180	1
65.058000	152.150000	-5.114400	-0.792940	1
65.060000	150.380000	6.750500	0.118590	1
65.063000	150.480000	6.410800	0.118210	1
65.066000	150.580000	20.831000	0.118290	1
65.069000	150.690000	19.462000	0.118500	1
65.072000	150.790000	13.632000	0.118180	1
65.075000	150.890000	14.663000	0.118410	1
65.078000	151.000000	8.816200	0.118520	1
65.081000	151.100000	13.287000	0.118090	1
65.083000	151.210000	17.058000	0.118660	1
65.086000	151.310000	15.348000	0.118330	1
65.088000	151.410000	15.689000	0.118270	1
65.091000	151.520000	19.469000	0.118590	1
65.093000	151.620000	20.160000	0.118110	1
65.096000	151.730000	17.410000	0.118370	1
65.098000	151.830000	22.221000	0.118460	1
65.100000	151.930000	18.441000	0.118090	1
65.102000	152.040000	-2.521300	0.118540	1
65.109000	150.470000	1.369600	0.732940	1
65.112000	150.580000	6.872600	0.732430	1
65.115000	150.680000	8.250700	0.732980	1
65.118000	150.790000	6.871000	0.732560	1
65.121000	150.890000	12.724000	0.732760	1
65.124000	150.990000	9.625000	0.732700	1
65.127000	151.100000	5.505400	0.732760	1
65.130000	151.200000	10.316000	0.732590	1
65.132000	151.310000	9.976200	0.732820	1
65.135000	151.410000	11.686000	0.732530	1
65.137000	151.510000	11.007000	0.732880	1
65.140000	151.620000	10.657000	0.732810	1
65.142000	151.720000	7.907400	0.732560	1
65.144000	151.830000	15.468000	0.732910	1
65.146000	151.930000	-1.714300	0.732620	1
65.159000	150.570000	0.727360	1.487500	1
65.162000	150.680000	4.508300	1.488100	1
65.165000	150.780000	0.391400	1.487700	1
65.168000	150.890000	2.789200	1.487900	1
65.171000	150.990000	1.419700	1.487800	1
65.174000	151.090000	-2.016700	1.487900	1
65.176000	151.200000	4.173900	1.487700	1
65.179000	151.300000	6.224700	1.487900	1
65.181000	151.410000	3.835100	1.487600	1
65.184000	151.510000	6.225900	1.488000	1
65.186000	151.620000	3.146200	1.487900	1
65.189000	151.720000	6.586500	1.487700	1
65.191000	151.820000	6.237100	1.488000	1
65.193000	151.930000	-0.632680	1.487700	1
65.195000	152.030000	-2.692600	1.487600	1
65.195000	150.250000	-3.506100	2.236800	1
65.199000	150.360000	-2.475700	2.236800	1
65.202000	150.460000	-3.165100	2.237100	1
65.205000	150.570000	1.295200	2.236700	1
65.208000	150.670000	-0.073980	2.237200	1
65.211000	150.780000	4.046300	2.236800	1
65.214000	150.880000	0.616970	2.237000	1
65.217000	150.980000	-2.122600	2.236900	1
65.220000	151.090000	0.268200	2.237100	1
65.222000	151.190000	1.298600	2.236800	1
65.225000	151.300000	0.622600	2.237100	1
65.227000	151.400000	1.989800	2.236700	1
65.230000	151.510000	3.713800	2.237100	1
65.232000	151.610000	3.021000	2.237000	1
65.235000	151.720000	-1.088800	2.236800	1
65.237000	151.820000	-2.118200	2.237100	1
65.228000	149.830000	-1.499500	2.993200	1
65.231000	149.930000	-3.911100	2.993400	1
65.235000	150.040000	-4.941100	2.992900	1
65.238000	150.140000	-3.570200	2.993400	1
65.242000	150.250000	-3.566700	2.993100	1
65.245000	150.350000	-1.846200	2.993100	1
65.248000	150.460000	0.904500	2.993400	1
65.251000	150.560000	-1.495400	2.993000	1
65.255000	150.670000	2.625500	2.993500	1
65.258000	150.770000	2.625800	2.993100	1
65.260000	150.880000	0.906430	2.993300	1
65.263000	150.980000	-0.813150	2.993200	1
65.266000	151.080000	0.910970	2.993400	1
65.269000	151.190000	-0.118720	2.993100	1
65.271000	151.290000	-1.491200	2.993500	1
65.274000	151.400000	0.569070	2.993000	1
65.276000	151.500000	3.660100	2.993500	1
65.279000	151.610000	-2.533100	2.993300	1
65.281000	151.710000	-5.623100	2.993100	1
65.283000	151.820000	-3.215600	2.993400	1
65.274000	149.820000	-3.258200	3.748300	1
65.278000	149.930000	-0.847700	3.748500	1
65.281000	150.030000	-0.847770	3.748000	1
65.285000	150.140000	-3.943700	3.748500	1
65.288000	150.240000	-4.623700	3.748100	1
65.291000	150.350000	-4.973200	3.748200	1
65.295000	150.450000	-3.942600	3.748400	1
65.298000	150.560000	-1.882400	3.748100	1
65.301000	150.660000	-3.251800	3.748500	1
65.304000	150.770000	-1.530100	3.748200	1
65.307000	150.870000	-0.842910	3.748400	1
65.310000	150.980000	-3.592600	3.748300	1
65.313000	151.080000	0.868340	3.748500	1
65.315000	151.190000	-1.881400	3.748100	1
65.318000	151.290000	0.189530	3.748500	1
65.320000	151.400000	-1.530400	3.748000	1
65.323000	151.500000	5.680700	3.748500	1
65.325000	151.610000	-3.592700	3.748400	1
65.328000	151.710000	-2.565900	3.748200	1
65.330000	151.820000	-4.628900	3.748500	1
65.332000	151.920000	-7.039000	3.748300	1
65.334000	152.030000	-3.588000	3.748200	1
65.336000	152.130000	-3.948100	3.748200	1
65.320000	149.820000	-2.048600	4.502000	1
65.324000	149.920000	-2.398200	4.502200	1
65.328000	150.030000	-2.738300	4.501600	1
65.331000	150.130000	-3.424000	4.502200	1
65.334000	150.240000	-6.517700	4.501800	1
65.338000	150.340000	-5.823600	4.502000	1
65.341000	150.450000	-2.736400	4.502100	1
65.344000	150.550000	-1.706200	4.501800	1
65.347000	150.660000	-2.395600	4.502200	1
65.350000	150.760000	-2.041800	4.501900	1
65.353000	150.870000	-1.364900	4.502100	1
65.356000	150.970000	-3.421300	4.501900	1
65.359000	151.080000	-1.012700	4.502200	1
65.362000	151.180000	-2.042400	4.501800	1
65.364000	151.290000	-3.071600	4.502300	1
65.367000	151.390000	1.388700	4.501700	1
65.369000	151.500000	1.729600	4.502300	1
65.372000	151.600000	-4.100400	4.502000	1
65.374000	151.710000	-4.797300	4.501900	1
65.376000	151.810000	-4.453200	4.502200	1
65.378000	151.920000	-4.449400	4.502000	1
65.381000	152.020000	-6.852900	4.501900	1
65.383000	152.130000	-3.079500	4.501900	1
65.384000	152.230000	-4.452300	4.501700	1
65.367000	149.810000	-4.976300	5.256900	1
65.371000	149.920000	-3.595500	5.257100	1
65.374000	150.020000	-3.595400	5.256500	1
65.378000	150.130000	-1.544500	5.257100	1
65.381000	150.230000	-1.540700	5.256700	1
65.384000	150.340000	-4.280400	5.256900	1
65.388000	150.440000	-3.593500	5.257000	1
65.391000	150.550000	-2.569500	5.256800	1
65.394000	150.650000	-3.592600	5.257100	1
65.397000	150.760000	-3.248800	5.256800	1
65.400000	150.860000	-3.592000	5.257000	1
65.403000	150.970000	-3.248200	5.256900	1
65.406000	151.070000	-0.507580	5.257200	1
65.408000	151.180000	-3.251300	5.256700	1
65.411000	151.280000	-2.559000	5.257200	1
65.413000	151.390000	0.181200	5.256600	1
65.416000	151.490000	-3.938100	5.257200	1
65.418000	151.600000	-4.281500	5.257000	1
65.421000	151.700000	-5.997900	5.256900	1
65.423000	151.810000	-5.668200	5.257100	1
65.425000	151.910000	-4.276900	5.256900	1
65.428000	150.220000	-4.795900	6.010700	1
65.431000	150.330000	-3.425100	6.011000	1
65.434000	150.440000	-2.394500	6.011000	1
65.437000	150.540000	-2.044200	6.010800	1
65.441000	150.650000	-1.363600	6.011100	1
65.444000	150.750000	-1.703400	6.010900	1
65.447000	150.860000	-4.113300	6.011000	1
65.449000	150.960000	-2.392900	6.010900	1
65.452000	151.070000	2.771400	6.011200	1
65.455000	151.170000	-4.112500	6.010800	1
65.458000	151.280000	-3.421900	6.011200	1
65.460000	151.380000	-1.707600	6.010600	1
65.463000	151.490000	-3.763200	6.011200	1
65.465000	151.600000	-4.116700	6.011000	1
65.467000	151.700000	-3.766400	6.010900	1
65.470000	151.810000	-4.456000	6.011100	1
65.474000	150.220000	-5.776100	6.762700	1
65.478000	150.320000	-4.398900	6.763100	1
65.481000	150.430000	-3.714700	6.763000	1
65.484000	150.540000	-3.027900	6.762900	1
65.487000	150.640000	-4.053800	6.763200	1
65.490000	150.750000	-5.427400	6.763000	1
65.493000	150.850000	-4.393300	6.763000	1
65.496000	150.960000	-2.329100	6.763000	1
65.499000	151.060000	2.477800	6.763200	1
65.502000	151.170000	-5.082600	6.762900	1
65.504000	151.280000	0.071974	6.763300	1
65.507000	151.380000	-3.022000	6.762700	1
65.509000	151.490000	-4.057100	6.763300	1
65.512000	151.590000	-5.773400	6.763000	1
65.514000	151.700000	-5.426800	6.763000	1
65.516000	151.800000	-4.059900	6.763200	1
65.528000	150.420000	-4.577400	7.522700	1
65.531000	150.530000	-4.584500	7.522600	1
65.534000	150.640000	-4.916600	7.522800	1
65.537000	150.740000	-3.209900	7.522700	1
65.540000	150.850000	-4.579800	7.522700	1
65.543000	150.950000	-1.825500	7.522700	1
65.546000	151.060000	0.571210	7.522800	1
65.549000	151.170000	0.921350	7.522600	1
65.551000	151.270000	1.606300	7.523000	1
65.554000	151.380000	-2.520100	7.522300	1
65.557000	151.480000	-5.609600	7.522900	1
65.559000	151.590000	-5.963300	7.522700	1
65.561000	151.700000	-5.959200	7.522600	1
65.564000	151.800000	-5.962500	7.522800	1
65.572000	150.310000	-4.203800	8.276200	1
65.575000	150.420000	-4.547300	8.276100	1
65.578000	150.530000	-5.930900	8.276100	1
65.581000	150.630000	-5.586700	8.276200	1
65.584000	150.740000	-4.550000	8.276200	1
65.587000	150.840000	-3.175800	8.276100	1
65.590000	150.950000	-0.769100	8.276200	1
65.593000	151.060000	-2.143400	8.276300	1
65.596000	151.160000	1.279700	8.276100	1
65.598000	151.270000	-1.463500	8.276400	1
65.601000	151.370000	-4.206100	8.275800	1
65.604000	151.480000	-5.585600	8.276400	1
65.606000	151.590000	-4.552800	8.276100	1
65.608000	151.690000	-5.936400	8.276100	1
65.611000	151.800000	-6.264800	8.276300	1
65.613000	151.900000	-4.215500	8.276100	1
65.615000	152.010000	-4.909100	8.276100	1
65.617000	152.120000	-1.812200	8.276100	1
65.619000	152.220000	-4.905000	8.275900	1
65.619000	150.310000	-5.494800	9.035200	1
65.623000	150.410000	-5.498200	9.035000	1
65.626000	150.520000	-4.805900	9.035000	1
65.629000	150.630000	-5.835600	9.035200	1
65.632000	150.730000	-3.774800	9.035200	1
65.635000	150.840000	-5.498400	9.035000	1
65.638000	150.950000	-1.713600	9.035200	1
65.641000	151.050000	-0.679290	9.035200	1
65.643000	151.160000	1.030000	9.035100	1
65.646000	151.260000	-4.108600	9.035400	1
65.649000	151.370000	-5.152400	9.034800	1
65.651000	151.480000	-5.155400	9.035400	1
65.653000	151.580000	-5.499000	9.035100	1
65.656000	151.690000	-5.487400	9.035100	1
65.658000	151.800000	-5.838400	9.035300	1
65.673000	150.520000	-5.840500	9.789400	1
65.676000	150.620000	-6.520300	9.789500	1
65.679000	150.730000	-6.523600	9.789600	1
65.682000	150.840000	-3.432600	9.789400	1
65.685000	150.940000	-3.435700	9.789600	1
65.688000	151.050000	-0.681280	9.789600	1
65.691000	151.150000	-4.815000	9.789500	1
65.693000	151.260000	-4.810700	9.789800	1
65.696000	151.370000	-5.840800	9.789200	1
65.698000	151.470000	-5.832600	9.789700	1
65.701000	151.580000	-5.149800	9.789500	1
65.703000	151.690000	-6.527300	9.789500	1
65.705000	151.790000	-6.186800	9.789600	1
65.708000	151.900000	-3.436000	9.789500	1
65.710000	152.010000	-3.435800	9.789500	1
65.712000	152.110000	-3.779300	9.789500	1
65.714000	152.220000	-4.465600	9.789300	1
65.716000	152.330000	-2.748800	9.789400	1
65.717000	152.430000	-2.079800	9.789500	1
65.719000	152.540000	-6.533000	9.789200	1
65.721000	152.650000	-7.559000	9.789600	1
65.718000	150.400000	-5.788600	10.547000	1
65.721000	150.510000	-6.132100	10.547000	1
65.724000	150.620000	-4.750000	10.547000	1
65.727000	150.720000	-5.773500	10.547000	1
65.730000	150.830000	-2.006300	10.547000	1
65.733000	150.940000	-0.629380	10.547000	1
65.736000	151.040000	-4.409500	10.547000	1
65.739000	151.150000	-5.775500	10.547000	1
65.741000	151.260000	-5.434800	10.548000	1
65.744000	151.360000	-6.114900	10.547000	1
65.746000	151.470000	-6.114200	10.548000	1
65.749000	151.580000	-5.773900	10.547000	1
65.751000	151.680000	-5.433500	10.547000	1
65.753000	151.790000	-6.117100	10.547000	1
65.756000	151.900000	-4.757900	10.547000	1
65.758000	152.000000	-6.459100	10.547000	1
65.760000	152.110000	-5.097400	10.547000	1
65.762000	152.220000	-2.013100	10.547000	1
65.763000	152.330000	-3.719500	10.547000	1
65.772000	150.610000	-5.855200	11.300000	1
65.775000	150.720000	-7.235200	11.300000	1
65.778000	150.830000	-4.824100	11.300000	1
65.781000	150.930000	-3.797100	11.300000	1
65.784000	151.040000	-5.857200	11.300000	1
65.786000	151.150000	-4.478900	11.300000	1
65.789000	151.250000	-5.856200	11.300000	1
65.792000	151.360000	-5.856100	11.300000	1
65.794000	151.470000	-6.205700	11.300000	1
65.796000	151.580000	-4.477700	11.300000	1
65.799000	151.680000	-5.855500	11.300000	1
65.801000	151.790000	-4.821300	11.300000	1
65.803000	151.900000	-2.432100	11.300000	1
65.805000	152.000000	-4.156000	11.300000	1
65.807000	152.110000	-4.148400	11.300000	1
65.809000	152.220000	-7.575600	11.300000	1
65.811000	152.320000	-7.242900	11.300000	1
65.813000	152.430000	-3.798200	11.300000	1
65.815000	152.540000	-5.529900	11.300000	1
65.817000	150.500000	-5.578800	12.055000	1
65.820000	150.610000	-5.578600	12.055000	1
65.823000	150.720000	-5.582200	12.055000	1
65.826000	150.820000	-1.801300	12.055000	1
65.829000	150.930000	-4.544000	12.055000	1
65.832000	151.040000	-1.117100	12.055000	1
65.834000	151.140000	-5.237700	12.055000	1
65.837000	151.250000	-3.870900	12.055000	1
65.840000	151.360000	-5.927700	12.055000	1
65.842000	151.470000	-5.578700	12.055000	1
65.845000	151.570000	-4.898400	12.055000	1
65.847000	151.680000	-5.578200	12.055000	1
65.849000	151.790000	-5.245300	12.055000	1
65.851000	151.890000	-6.271700	12.055000	1
65.866000	150.500000	-6.918800	12.816000	1
65.869000	150.600000	-5.182800	12.816000	1
65.872000	150.710000	-6.220300	12.816000	1
65.875000	150.820000	-3.483000	12.816000	1
65.878000	150.930000	-5.539100	12.816000	1
65.880000	151.030000	-4.848600	12.816000	1
65.883000	151.140000	-5.184400	12.816000	1
65.886000	151.250000	-6.225600	12.816000	1
65.888000	151.360000	-5.881700	12.816000	1
65.891000	151.460000	-6.915200	12.816000	1
65.893000	151.570000	-5.548400	12.816000	1
65.896000	151.680000	-5.884400	12.816000	1
65.898000	151.780000	-4.853800	12.816000	1
65.900000	151.890000	-5.880000	12.816000	1
65.917000	150.600000	-5.610800	13.574000	1
65.921000	150.710000	-5.946800	13.575000	1
65.924000	150.820000	-4.228600	13.574000	1
65.926000	150.920000	-5.934600	13.575000	1
65.929000	151.030000	-5.261800	13.574000	1
65.932000	151.140000	-6.635400	13.575000	1
65.935000	151.240000	-5.933600	13.575000	1
65.937000	151.350000	-6.984900	13.574000	1
65.940000	151.460000	-6.294400	13.575000	1
65.942000	151.570000	-5.263900	13.575000	1
65.945000	151.670000	-6.298100	13.575000	1
65.947000	151.780000	-6.638000	13.575000	1
65.949000	151.890000	-5.936200	13.575000	1
65.951000	152.000000	-4.569600	13.575000	1
65.953000	152.110000	-6.987800	13.575000	1
65.955000	152.210000	-8.014800	13.574000	1
65.957000	152.320000	-6.984000	13.575000	1
65.963000	150.490000	-7.086400	14.327000	1
65.966000	150.600000	-5.014100	14.327000	1
65.969000	150.700000	-4.667500	14.327000	1
65.972000	150.810000	-5.365200	14.326000	1
65.975000	150.920000	-6.730300	14.327000	1
65.978000	151.030000	-6.737900	14.327000	1
65.981000	151.130000	-6.391300	14.327000	1
65.983000	151.240000	-7.081500	14.327000	1
65.986000	151.350000	-6.388900	14.327000	1
65.988000	151.460000	-7.075100	14.327000	1
65.991000	151.560000	-6.734700	14.327000	1
65.993000	151.670000	-6.742000	14.327000	1
65.995000	151.780000	-5.701200	14.327000	1
65.998000	151.890000	-6.387400	14.327000	1
66.000000	152.000000	-8.455700	14.327000	1
66.002000	152.100000	-5.008900	14.327000	1
66.004000	152.210000	-5.700300	14.326000	1
66.006000	152.320000	-3.299400	14.327000	1
66.007000	152.430000	-6.049900	14.327000	1
66.009000	152.540000	-4.680600	14.327000	1
66.011000	152.640000	-6.739400	14.327000	1
66.012000	152.750000	-7.769800	14.327000	1
66.013000	150.480000	-7.460600	15.088000	1
66.016000	150.590000	-6.765800	15.088000	1
66.019000	150.700000	-4.704700	15.089000	1
66.022000	150.810000	-4.343100	15.088000	1
66.025000	150.920000	-7.105000	15.089000	1
66.028000	151.020000	-6.760800	15.088000	1
66.030000	151.130000	-7.104100	15.089000	1
66.033000	151.240000	-6.771100	15.088000	1
66.036000	151.350000	-7.107300	15.088000	1
66.038000	151.450000	-5.389900	15.088000	1
66.041000	151.560000	-6.755300	15.088000	1
66.043000	151.670000	-5.732200	15.088000	1
66.045000	151.780000	-7.099900	15.088000	1
66.047000	151.890000	-6.408000	15.088000	1
66.049000	151.990000	-6.755500	15.088000	1
66.051000	152.100000	-3.346500	15.088000	1
66.053000	152.210000	-7.095300	15.088000	1
66.055000	152.320000	-6.773400	15.088000	1
66.057000	152.430000	-6.765900	15.088000	1
66.059000	152.530000	-6.762200	15.088000	1
66.062000	150.480000	-5.442200	15.845000	1
66.065000	150.590000	-6.809100	15.845000	1
66.068000	150.700000	-6.132100	15.845000	1
66.071000	150.800000	-7.170100	15.845000	1
66.074000	150.910000	-6.135700	15.845000	1
66.077000	151.020000	-6.475900	15.845000	1
66.080000	151.130000	-6.475700	15.845000	1
66.083000	151.240000	-6.812200	15.845000	1
66.085000	151.340000	-6.808300	15.845000	1
66.088000	151.450000	-7.162000	15.845000	1
66.090000	151.560000	-5.778900	15.845000	1
66.092000	151.670000	-4.759600	15.845000	1
66.095000	151.780000	-5.785800	15.845000	1
66.097000	151.880000	-5.087800	15.845000	1
66.099000	151.990000	-7.835200	15.845000	1
66.101000	152.100000	-8.203600	15.845000	1