La	Lo	Sig	Theta	Ice
63.970000	149.580000	-7.104400	-18.183000	1
63.972000	149.680000	-8.134000	-18.183000	1
63.973000	149.780000	-7.787700	-18.183000	1
63.974000	149.880000	-9.164700	-18.183000	1
63.975000	149.980000	-8.833100	-18.183000	1
63.976000	150.080000	-9.874000	-18.183000	1
63.977000	150.180000	-9.196700	-18.183000	1
63.978000	150.270000	-4.022400	-18.183000	1
63.978000	150.370000	-6.436800	-18.183000	1
63.979000	150.470000	-8.146800	-18.183000	1
63.980000	150.570000	-9.517700	-18.183000	1
63.980000	150.670000	-8.478900	-18.183000	1
63.981000	150.770000	-7.443800	-18.183000	1
63.981000	150.870000	-5.047000	-18.183000	1
63.982000	150.970000	-5.729800	-18.183000	1
63.982000	151.070000	-7.081600	-18.183000	1
63.982000	151.170000	-7.438500	-18.183000	1
63.982000	151.270000	-6.762900	-18.183000	1
63.982000	151.370000	-4.686700	-18.183000	1
63.982000	151.470000	-6.060600	-18.183000	1
63.982000	151.570000	-6.053800	-18.183000	1
63.982000	151.670000	-5.369400	-18.183000	1
63.982000	151.770000	-7.447900	-18.183000	1
63.981000	151.870000	-7.443400	-18.183000	1
63.981000	151.970000	-8.126000	-18.183000	1
63.980000	152.070000	-6.061800	-18.183000	1
63.980000	152.170000	-6.751700	-18.183000	1
63.979000	152.270000	-5.384500	-18.183000	1
63.978000	152.370000	-5.369400	-18.183000	1
63.978000	152.470000	-6.418100	-18.183000	1
63.977000	152.570000	-6.421300	-18.183000	1
63.976000	152.670000	-6.059800	-18.183000	1
63.975000	152.770000	-6.761000	-18.183000	1
63.974000	152.870000	-7.086300	-18.183000	1
63.973000	152.970000	-6.070400	-18.183000	1
64.075000	149.870000	-8.375900	-16.662000	1
64.076000	149.970000	-7.038500	-16.662000	1
64.077000	150.070000	-6.329100	-16.662000	1
64.078000	150.170000	-8.060800	-16.662000	1
64.079000	150.270000	-6.680000	-16.662000	1
64.080000	150.370000	-8.739900	-16.662000	1
64.081000	150.470000	-10.111000	-16.662000	1
64.081000	150.570000	-8.377800	-16.662000	1
64.082000	150.670000	-8.048200	-16.662000	1
64.082000	150.770000	-7.365100	-16.662000	1
64.083000	150.870000	-7.690300	-16.662000	1
64.083000	150.970000	-7.009500	-16.662000	1
64.083000	151.070000	-6.659200	-16.662000	1
64.083000	151.170000	-6.647800	-16.662000	1
64.129000	150.270000	-7.576800	-15.904000	1
64.130000	150.370000	-7.247600	-15.904000	1
64.131000	150.470000	-7.228600	-15.904000	1
64.131000	150.570000	-8.617700	-15.904000	1
64.132000	150.670000	-8.609800	-15.904000	1
64.132000	150.770000	-8.280600	-15.904000	1
64.133000	150.870000	-7.567500	-15.904000	1
64.133000	150.970000	-7.559400	-15.904000	1
64.133000	151.070000	-7.570200	-15.904000	1
64.134000	151.170000	-6.184100	-15.904000	1
64.134000	151.270000	-6.875300	-15.904000	1
64.134000	151.370000	-7.217600	-15.905000	1
64.368000	149.650000	-6.261400	-12.117000	1
64.370000	149.750000	-4.525500	-12.117000	1
64.371000	149.850000	-5.916800	-12.117000	1
64.372000	149.960000	-5.566400	-12.117000	1
64.373000	150.060000	-6.600500	-12.117000	1
64.374000	150.160000	-5.908800	-12.117000	1
64.375000	150.260000	-5.912400	-12.117000	1
64.375000	150.360000	-6.238200	-12.117000	1
64.376000	150.460000	-6.916000	-12.117000	1
64.377000	150.560000	-6.598300	-12.117000	1
64.377000	150.660000	-7.628300	-12.117000	1
64.378000	150.770000	-3.149100	-12.117000	1
64.378000	150.870000	-3.842500	-12.117000	1
64.378000	150.970000	-4.514800	-12.117000	1
64.379000	151.070000	-4.174300	-12.117000	1
64.379000	151.170000	-4.173900	-12.117000	1
64.379000	151.270000	-4.871300	-12.117000	1
64.379000	151.370000	-4.173100	-12.117000	1
64.379000	151.480000	-4.524100	-12.117000	1
64.379000	151.580000	-5.202600	-12.117000	1
64.379000	151.680000	-4.858200	-12.117000	1
64.378000	151.780000	-6.232000	-12.117000	1
64.378000	151.880000	-5.891500	-12.117000	1
64.378000	151.980000	-5.204600	-12.117000	1
64.377000	152.080000	-4.868100	-12.117000	1
64.377000	152.190000	-5.540400	-12.117000	1
64.376000	152.290000	-5.211200	-12.117000	1
64.375000	152.390000	-4.863300	-12.117000	1
64.375000	152.490000	-4.874200	-12.117000	1
64.374000	152.590000	-5.210100	-12.117000	1
64.373000	152.690000	-5.202100	-12.117000	1
64.372000	152.790000	-4.861700	-12.117000	1
64.371000	152.900000	-6.228000	-12.117000	1
64.421000	150.050000	-5.510700	-11.363000	1
64.422000	150.160000	-6.194800	-11.363000	1
64.423000	150.260000	-8.934800	-11.363000	1
64.423000	150.360000	-8.227800	-11.363000	1
64.424000	150.460000	-7.204900	-11.363000	1
64.425000	150.560000	-3.768400	-11.364000	1
64.425000	150.660000	-3.079800	-11.363000	1
64.426000	150.770000	-3.080700	-11.363000	1
64.426000	150.870000	-2.405300	-11.364000	1
64.426000	150.970000	-4.451200	-11.363000	1
64.427000	151.070000	-4.469100	-11.364000	1
64.427000	151.170000	-4.121300	-11.364000	1
64.427000	151.270000	-3.088600	-11.363000	1
64.427000	151.380000	-4.468600	-11.364000	1
64.427000	151.480000	-5.492600	-11.364000	1
64.427000	151.580000	-3.774700	-11.363000	1
64.427000	151.680000	-4.468300	-11.364000	1
64.426000	151.780000	-6.178800	-11.364000	1
64.426000	151.880000	-4.454500	-11.364000	1
64.426000	151.980000	-4.790500	-11.364000	1
64.425000	152.090000	-6.190800	-11.363000	1
64.425000	152.190000	-4.798600	-11.364000	1
64.424000	152.290000	-3.768100	-11.364000	1
64.423000	152.390000	-4.461800	-11.363000	1
64.423000	152.490000	-5.487700	-11.364000	1
64.422000	152.590000	-4.472200	-11.364000	1
64.421000	152.700000	-5.498400	-11.364000	1
64.420000	152.800000	-5.490400	-11.364000	1
64.419000	152.900000	-6.184100	-11.364000	1
64.611000	150.050000	-6.657300	-8.335800	1
64.612000	150.150000	-9.065500	-8.335800	1
64.613000	150.250000	-4.247600	-8.335800	1
64.614000	150.360000	-2.875700	-8.335800	1
64.615000	150.460000	-3.903200	-8.335700	1
64.615000	150.560000	-4.581800	-8.336200	1
64.616000	150.660000	-5.269400	-8.335800	1
64.616000	150.760000	-3.911300	-8.335800	1
64.617000	150.870000	-4.243600	-8.336200	1
64.617000	150.970000	-2.877000	-8.335800	1
64.617000	151.070000	-3.910600	-8.335900	1
64.618000	151.170000	-4.246700	-8.336100	1
64.618000	151.280000	-4.940700	-8.335800	1
64.618000	151.380000	-4.574300	-8.336200	1
64.618000	151.480000	-5.278100	-8.336200	1
64.618000	151.580000	-3.557600	-8.335900	1
64.617000	151.690000	-4.250800	-8.336300	1
64.617000	151.790000	-5.630700	-8.336000	1
64.617000	151.890000	-4.250100	-8.336000	1
64.616000	151.990000	-2.883200	-8.336100	1
64.616000	152.090000	-6.313500	-8.335900	1
64.615000	152.200000	-1.509900	-8.336000	1
64.615000	152.300000	-5.627000	-8.336100	1
64.614000	152.400000	-5.628500	-8.335800	1
64.661000	150.350000	-4.641900	-7.579100	1
64.662000	150.460000	-4.980400	-7.579000	1
64.663000	150.560000	-5.327700	-7.579500	1
64.663000	150.660000	-5.664000	-7.579200	1
64.664000	150.760000	-3.941400	-7.579200	1
64.664000	150.870000	-3.266800	-7.579500	1
64.664000	150.970000	-4.303400	-7.579100	1
64.665000	151.070000	-3.609400	-7.579300	1
64.665000	151.170000	-2.232800	-7.579400	1
64.665000	151.280000	-3.935300	-7.579100	1
64.665000	151.380000	-3.592400	-7.579600	1
64.665000	151.480000	-2.578800	-7.579500	1
64.665000	151.580000	-3.952700	-7.579200	1
64.665000	151.690000	-2.582300	-7.579600	1
64.664000	151.790000	-2.580000	-7.579400	1
64.664000	151.890000	-5.333600	-7.579400	1
64.664000	151.990000	-2.590300	-7.579500	1
64.663000	152.100000	-4.650300	-7.579200	1
64.663000	152.200000	-5.676300	-7.579300	1
64.662000	152.300000	-4.642000	-7.579400	1
64.661000	152.400000	-5.328100	-7.579100	1
64.660000	152.510000	-6.021500	-7.579200	1
64.660000	152.610000	-5.667300	-7.579300	1
64.659000	152.710000	-6.017000	-7.579400	1
64.658000	152.810000	-4.647600	-7.579400	1
64.657000	152.920000	-5.677500	-7.579400	1
64.705000	149.940000	-6.040400	-6.824800	1
64.706000	150.050000	-7.076500	-6.824900	1
64.707000	150.150000	-2.602700	-6.824800	1
64.707000	150.250000	-1.918300	-6.824900	1
64.708000	150.350000	-4.677700	-6.824800	1
64.709000	150.460000	-3.974000	-6.824700	1
64.710000	150.560000	-4.322800	-6.825200	1
64.710000	150.660000	-4.318700	-6.824900	1
64.711000	150.760000	-3.978300	-6.824800	1
64.711000	150.870000	-3.287600	-6.825200	1
64.711000	150.970000	-3.977400	-6.824800	1
64.712000	151.070000	-3.290700	-6.825000	1
64.712000	151.180000	-1.218800	-6.825100	1
64.712000	151.280000	-4.305300	-6.824800	1
64.712000	151.380000	-5.336500	-6.825200	1
64.712000	151.480000	-4.308700	-6.825200	1
64.712000	151.590000	-5.692200	-6.824800	1
64.712000	151.690000	-3.976300	-6.825200	1
64.711000	151.790000	-2.949900	-6.825000	1
64.711000	151.890000	-3.639900	-6.825000	1
64.711000	152.000000	-3.639700	-6.825100	1
64.710000	152.100000	-3.289700	-6.824900	1
64.710000	152.200000	-6.043600	-6.825000	1
64.709000	152.300000	-5.010300	-6.825100	1
64.708000	152.410000	-6.386500	-6.824800	1
64.707000	152.510000	-5.349700	-6.824900	1
64.706000	152.610000	-2.599000	-6.824900	1
64.750000	149.840000	-4.440200	-6.070100	1
64.751000	149.940000	-3.059900	-6.070100	1
64.752000	150.040000	-3.748300	-6.070100	1
64.753000	150.150000	-3.056700	-6.070100	1
64.754000	150.250000	-3.747100	-6.070200	1
64.755000	150.350000	-3.062100	-6.070100	1
64.756000	150.460000	-3.411800	-6.069900	1
64.756000	150.560000	-3.751000	-6.070400	1
64.757000	150.660000	-3.750700	-6.070200	1
64.757000	150.760000	-4.100300	-6.070100	1
64.758000	150.870000	-3.746000	-6.070500	1
64.758000	150.970000	-2.713000	-6.070100	1
64.758000	151.070000	-0.995120	-6.070300	1
64.759000	151.180000	-0.994660	-6.070300	1
64.759000	151.280000	-3.058500	-6.070100	1
64.759000	151.380000	-1.679800	-6.070500	1
64.759000	151.480000	-3.744500	-6.070500	1
64.759000	151.590000	-4.434700	-6.070100	1
64.758000	151.690000	-2.024200	-6.070500	1
64.797000	149.840000	-6.327500	-5.315000	1
64.798000	149.940000	-4.615600	-5.315000	1
64.799000	150.040000	-0.831640	-5.315100	1
64.800000	150.150000	-0.150070	-5.315000	1
64.801000	150.250000	-0.150090	-5.315100	1
64.802000	150.350000	-3.236500	-5.315000	1
64.802000	150.460000	-3.934000	-5.314800	1
64.803000	150.560000	-3.933200	-5.315300	1
64.804000	150.660000	-4.269400	-5.315100	1
64.804000	150.760000	-3.242500	-5.315000	1
64.805000	150.870000	-2.898200	-5.315400	1
64.805000	150.970000	-3.578000	-5.315000	1
64.805000	151.070000	-3.577500	-5.315200	1
64.805000	151.180000	-0.150540	-5.315300	1
64.805000	151.280000	-3.240700	-5.315000	1
64.805000	151.380000	-3.228400	-5.315400	1
64.805000	151.490000	-3.234100	-5.315400	1
64.805000	151.590000	-4.609700	-5.315000	1
64.805000	151.690000	-0.146280	-5.315400	1
64.805000	151.800000	-3.569600	-5.315200	1
64.805000	151.900000	-0.141660	-5.315200	1
64.804000	152.000000	-0.828970	-5.315300	1
64.804000	152.100000	-0.475150	-5.315100	1
64.803000	152.210000	-3.569600	-5.315200	1
64.802000	152.310000	-4.265800	-5.315300	1
64.802000	152.410000	-4.955900	-5.315000	1
64.801000	152.520000	0.880960	-5.315100	1
64.800000	152.620000	-0.492620	-5.315100	1
64.799000	152.720000	3.631100	-5.315200	1
64.798000	152.830000	6.059300	-5.315200	1
64.797000	152.930000	3.317400	-5.315200	1
64.796000	153.030000	-4.260900	-5.315400	1
64.794000	153.130000	-5.301700	-5.315200	1
64.846000	150.040000	-5.798500	-4.560200	1
64.847000	150.150000	-5.118000	-4.560000	1
64.848000	150.250000	-3.725800	-4.560200	1
64.848000	150.350000	-0.979680	-4.560000	1
64.849000	150.460000	1.080800	-4.559900	1
64.850000	150.560000	0.051562	-4.560400	1
64.850000	150.660000	1.421900	-4.560200	1
64.851000	150.760000	1.418700	-4.560100	1
64.851000	150.870000	1.419400	-4.560500	1
64.852000	150.970000	-2.360500	-4.560100	1
64.852000	151.070000	-0.636410	-4.560200	1
64.852000	151.180000	-0.976070	-4.560300	1
64.852000	151.280000	-2.356200	-4.560100	1
64.852000	151.380000	-0.631160	-4.560400	1
64.852000	151.490000	0.062498	-4.560400	1
64.852000	151.590000	-3.033500	-4.560100	1
64.852000	151.690000	-0.969630	-4.560400	1
64.851000	151.800000	-0.283100	-4.560300	1
64.851000	151.900000	-3.709300	-4.560300	1
64.851000	152.000000	-0.620420	-4.560400	1
64.850000	152.110000	-1.652700	-4.560200	1
64.850000	152.210000	-3.020200	-4.560200	1
64.849000	152.310000	-0.279480	-4.560300	1
64.848000	152.420000	5.555300	-4.560100	1
64.847000	152.520000	1.438500	-4.560100	1
64.847000	152.620000	1.098800	-4.560100	1
64.846000	152.730000	-1.647300	-4.560300	1
64.845000	152.830000	-7.851800	-4.560200	1
64.891000	149.940000	-2.625900	-3.804300	1
64.892000	150.040000	-2.975300	-3.804300	1
64.893000	150.150000	-4.005000	-3.804200	1
64.894000	150.250000	-2.970800	-3.804400	1
64.895000	150.350000	-1.940400	-3.804200	1
64.896000	150.460000	-4.340100	-3.804100	1
64.896000	150.560000	-1.939200	-3.804600	1
64.897000	150.660000	-2.278900	-3.804400	1
64.897000	150.770000	-2.968500	-3.804300	1
64.898000	150.870000	-2.614300	-3.804700	1
64.898000	150.970000	0.135910	-3.804300	1
64.898000	151.080000	1.166200	-3.804400	1
64.899000	151.180000	-1.569900	-3.804500	1
64.899000	151.280000	0.136290	-3.804200	1
64.899000	151.390000	-1.922100	-3.804600	1
64.899000	151.490000	0.144220	-3.804600	1
64.899000	151.590000	-2.607400	-3.804300	1
64.898000	151.700000	0.139310	-3.804600	1
64.898000	151.800000	-1.927100	-3.804500	1
64.898000	151.900000	-1.240600	-3.804500	1
64.897000	152.010000	-2.266700	-3.804600	1
64.897000	152.110000	-1.576500	-3.804300	1
64.896000	152.210000	-0.202850	-3.804400	1
64.896000	152.320000	7.711600	-3.804500	1
64.895000	152.420000	4.964100	-3.804300	1
64.894000	152.520000	-6.732400	-3.804300	1
64.893000	152.630000	-7.776000	-3.804300	1
64.892000	152.730000	-6.055300	-3.804500	1
64.937000	149.830000	-2.548700	-3.048100	1
64.938000	149.940000	-2.194600	-3.048200	1
64.939000	150.040000	-2.884000	-3.048200	1
64.940000	150.140000	-2.540300	-3.048100	1
64.941000	150.250000	-1.849600	-3.048300	1
64.941000	150.350000	-1.499300	-3.048100	1
64.942000	150.460000	-1.158900	-3.047900	1
64.943000	150.560000	-0.817980	-3.048400	1
64.943000	150.660000	-2.874400	-3.048200	1
64.944000	150.770000	-2.534200	-3.048200	1
64.944000	150.870000	-2.187000	-3.048500	1
64.945000	150.970000	-0.813700	-3.048200	1
64.945000	151.080000	2.966600	-3.048300	1
64.945000	151.180000	-1.479700	-3.048400	1
64.945000	151.280000	2.977900	-3.048100	1
64.945000	151.390000	-0.799410	-3.048500	1
64.945000	151.490000	-1.829300	-3.048500	1
64.945000	151.590000	0.216970	-3.048200	1
64.945000	151.700000	1.949600	-3.048400	1
64.945000	151.800000	-1.142200	-3.048300	1
64.944000	151.910000	-0.805320	-3.048300	1
64.944000	152.010000	-1.140800	-3.048400	1
64.943000	152.110000	3.662900	-3.048200	1
64.943000	152.220000	8.473400	-3.048300	1
64.942000	152.320000	0.921660	-3.048400	1
64.941000	152.420000	-6.634900	-3.048200	1
64.941000	152.530000	-4.579100	-3.048200	1
64.982000	149.730000	1.386900	-2.296800	1
64.983000	149.830000	-0.340580	-2.296600	1
64.984000	149.940000	-1.359400	-2.296700	1
64.985000	150.040000	-2.399300	-2.296700	1
64.986000	150.140000	-2.735800	-2.296500	1
64.987000	150.250000	-0.675050	-2.296700	1
64.988000	150.350000	-2.044900	-2.296600	1
64.988000	150.460000	-1.704800	-2.296400	1
64.989000	150.560000	-0.330980	-2.296900	1
64.990000	150.660000	-0.670920	-2.296700	1
64.990000	150.770000	-2.040800	-2.296600	1
64.991000	150.870000	-1.700300	-2.297000	1
64.991000	150.970000	-1.700400	-2.296600	1
64.991000	151.080000	3.447500	-2.296800	1
64.991000	151.180000	0.368320	-2.296900	1
64.991000	151.290000	2.088400	-2.296600	1
64.991000	151.390000	0.724490	-2.296900	1
64.991000	151.490000	0.037259	-2.296900	1
64.991000	151.600000	0.019373	-2.296600	1
64.991000	151.700000	3.450000	-2.296900	1
64.991000	151.800000	0.720940	-2.296800	1
64.990000	151.910000	1.401900	-2.296800	1
64.990000	152.010000	6.216600	-2.296900	1
64.990000	152.120000	5.179800	-2.296700	1
64.989000	152.220000	-1.349800	-2.296700	1
64.988000	152.320000	-9.605000	-2.296800	1
65.028000	149.730000	-2.029600	-1.541800	1
65.029000	149.830000	-2.369500	-1.541600	1
65.030000	149.940000	0.383080	-1.541600	1
65.032000	150.040000	-1.344200	-1.541700	1
65.032000	150.140000	-1.334400	-1.541500	1
65.033000	150.250000	-1.686700	-1.541700	1
65.034000	150.350000	-1.003300	-1.541500	1
65.035000	150.460000	-0.312960	-1.541300	1
65.035000	150.560000	-0.312190	-1.541800	1
65.036000	150.660000	-1.001900	-1.541700	1
65.037000	150.770000	-0.311510	-1.541500	1
65.037000	150.870000	1.749200	-1.541900	1
65.037000	150.980000	-0.650630	-1.541600	1
65.038000	151.080000	3.469900	-1.541700	1
65.038000	151.180000	2.780300	-1.541800	1
65.038000	151.290000	3.476000	-1.541500	1
65.038000	151.390000	3.140400	-1.541800	1
65.038000	151.490000	2.112800	-1.541900	1
65.038000	151.600000	2.461600	-1.541600	1
65.037000	151.700000	4.869500	-1.541800	1
65.037000	151.810000	3.132800	-1.541700	1
65.037000	151.910000	3.840200	-1.541700	1
65.036000	152.010000	2.806200	-1.541800	1
65.036000	152.120000	-4.429100	-1.541600	1
65.004000	146.610000	3.432400	-0.792840	1
65.007000	146.710000	4.463000	-0.792890	1
65.010000	146.820000	3.083500	-0.792720	1
65.014000	146.920000	3.446600	-0.792910	1
65.017000	147.030000	12.367000	-0.792890	1
65.020000	147.130000	8.587500	-0.792910	1
65.023000	147.230000	4.485100	-0.793180	1
65.026000	147.340000	-0.317830	-0.792850	1
65.029000	147.440000	-8.916400	-0.792940	1
65.032000	147.540000	-6.168600	-0.793090	1
65.079000	150.250000	0.381000	-0.792960	1
65.080000	150.350000	0.731190	-0.792820	1
65.081000	150.460000	2.789700	-0.792630	1
65.082000	150.560000	4.839400	-0.793060	1
65.082000	150.660000	6.219800	-0.792980	1
65.083000	150.770000	7.930200	-0.792820	1
65.083000	150.870000	7.590800	-0.793190	1
65.083000	150.980000	3.811100	-0.792910	1
65.084000	151.080000	3.121500	-0.792980	1
65.084000	151.180000	7.252000	-0.793120	1
65.084000	151.290000	3.134100	-0.792810	1
65.084000	151.390000	6.229100	-0.793060	1
65.084000	151.500000	7.262500	-0.793150	1
65.084000	151.600000	5.193400	-0.792850	1
65.084000	151.710000	6.916500	-0.793030	1
65.083000	151.810000	4.516800	-0.793000	1
65.083000	151.910000	5.895900	-0.792970	1
65.083000	152.020000	-3.723800	-0.793080	1
65.046000	146.500000	-1.883400	0.118420	1
65.050000	146.600000	12.200000	0.117890	1
65.053000	146.710000	17.010000	0.118250	1
65.056000	146.810000	17.701000	0.118260	1
65.060000	146.920000	12.894000	0.117880	1
65.063000	147.020000	18.735000	0.118420	1
65.066000	147.120000	21.162000	0.118050	1
65.069000	147.230000	2.941600	0.118030	1
65.072000	147.330000	6.725600	0.118380	1
65.075000	147.440000	-8.047600	0.117900	1
65.127000	150.460000	7.436200	0.118230	1
65.128000	150.560000	10.856000	0.118090	1
65.128000	150.660000	12.226000	0.118550	1
65.129000	150.770000	21.847000	0.117990	1
65.129000	150.870000	18.067000	0.118230	1
65.130000	150.980000	17.728000	0.118400	1
65.130000	151.080000	10.518000	0.117900	1
65.130000	151.190000	13.959000	0.118340	1
65.130000	151.290000	12.929000	0.118040	1
65.130000	151.390000	18.431000	0.117800	1
65.130000	151.500000	16.369000	0.118310	1
65.130000	151.600000	14.310000	0.117820	1
65.130000	151.710000	20.490000	0.118050	1
65.129000	151.810000	15.682000	0.118310	1
65.129000	151.920000	1.609000	0.117790	1
65.129000	152.020000	2.982200	0.118310	1
65.092000	146.490000	-2.452900	0.733010	1
65.096000	146.600000	5.450200	0.732560	1
65.099000	146.700000	7.848000	0.732640	1
65.103000	146.810000	0.291280	0.732830	1
65.106000	146.910000	3.748000	0.732500	1
65.109000	147.010000	11.652000	0.732710	1
65.113000	147.120000	4.778200	0.732550	1
65.116000	147.220000	-0.367990	0.732240	1
65.119000	147.330000	-5.522900	0.732720	1
65.122000	147.430000	-8.961500	0.732470	1
65.172000	150.250000	3.435000	0.732490	1
65.173000	150.350000	3.085500	0.732800	1
65.174000	150.460000	3.435200	0.732950	1
65.174000	150.560000	2.745300	0.732450	1
65.175000	150.670000	6.865700	0.732650	1
65.175000	150.770000	11.315000	0.732640	1
65.176000	150.870000	9.255600	0.732330	1
65.176000	150.980000	8.250500	0.732660	1
65.176000	151.080000	3.090600	0.732440	1
65.176000	151.190000	8.250900	0.732420	1
65.176000	151.290000	8.253800	0.732660	1
65.176000	151.400000	7.904000	0.732340	1
65.176000	151.500000	8.248400	0.732400	1
65.176000	151.610000	7.224700	0.732540	1
65.176000	151.710000	9.281800	0.732490	1
65.176000	151.820000	10.647000	0.732570	1
65.175000	151.920000	-1.382500	0.732420	1
65.215000	149.830000	-2.037300	1.487800	1
65.216000	149.930000	0.367940	1.487700	1
65.217000	150.040000	-0.670090	1.487600	1
65.218000	150.140000	-1.008400	1.487900	1
65.219000	150.250000	0.023419	1.487600	1
65.219000	150.350000	1.403000	1.487800	1
65.220000	150.460000	1.743300	1.488000	1
65.221000	150.560000	2.433600	1.487600	1
65.221000	150.670000	1.051600	1.487700	1
65.222000	150.770000	2.082000	1.487700	1
65.222000	150.880000	2.422200	1.487400	1
65.223000	150.980000	1.406600	1.487700	1
65.223000	151.080000	3.819000	1.487600	1
65.223000	151.190000	6.221800	1.487500	1
65.223000	151.290000	3.469700	1.487700	1
65.223000	151.400000	5.186400	1.487500	1
65.223000	151.500000	3.470100	1.487500	1
65.223000	151.610000	7.255900	1.487600	1
65.223000	151.710000	8.283600	1.487600	1
65.222000	151.820000	2.431300	1.487700	1
65.222000	151.920000	1.743100	1.487500	1
65.222000	152.030000	2.099900	1.487600	1
65.181000	146.380000	-7.689000	2.236700	1
65.185000	146.480000	-6.311600	2.237200	1
65.188000	146.590000	-2.528100	2.236800	1
65.192000	146.690000	1.956900	2.236800	1
65.195000	146.790000	2.649900	2.237000	1
65.199000	146.900000	-2.156100	2.236700	1
65.202000	147.000000	-1.121200	2.236900	1
65.205000	147.110000	-1.813800	2.236800	1
65.208000	147.210000	-0.447300	2.236500	1
65.211000	147.320000	-9.402700	2.236900	1
65.214000	147.420000	-11.820000	2.236700	1
65.262000	149.930000	2.318900	2.236800	1
65.263000	150.040000	0.599900	2.236800	1
65.264000	150.140000	-2.142200	2.237100	1
65.265000	150.250000	0.597790	2.236700	1
65.265000	150.350000	-1.112800	2.237000	1
65.266000	150.460000	0.602320	2.237200	1
65.267000	150.560000	0.610830	2.236700	1
65.267000	150.670000	-0.437050	2.236800	1
65.268000	150.770000	-0.436590	2.236900	1
65.268000	150.880000	0.253400	2.236600	1
65.269000	150.980000	-0.077011	2.236900	1
65.269000	151.090000	4.393100	2.236700	1
65.269000	151.190000	3.703200	2.236600	1
65.269000	151.300000	1.647900	2.236900	1
65.269000	151.400000	1.980100	2.236600	1
65.269000	151.510000	6.455700	2.236600	1
65.269000	151.610000	-0.759120	2.236800	1
65.269000	151.720000	-4.876000	2.236800	1
65.268000	151.820000	-5.237200	2.236800	1
65.228000	146.370000	-8.434700	2.992900	1
65.231000	146.470000	-3.959900	2.993400	1
65.235000	146.580000	-0.516350	2.993000	1
65.238000	146.680000	-0.500910	2.993100	1
65.242000	146.790000	-2.220600	2.993300	1
65.245000	146.890000	-1.878600	2.993000	1
65.248000	147.000000	-2.906300	2.993200	1
65.252000	147.100000	-0.500620	2.993100	1
65.255000	147.210000	-5.316600	2.992800	1
65.258000	147.310000	-8.441800	2.993100	1
65.261000	147.420000	-9.131900	2.993000	1
65.307000	149.830000	-2.204100	2.993200	1
65.308000	149.930000	-1.875200	2.993100	1
65.309000	150.040000	-0.834330	2.993000	1
65.310000	150.140000	0.536150	2.993300	1
65.311000	150.250000	0.195220	2.993000	1
65.312000	150.350000	0.540430	2.993200	1
65.313000	150.460000	0.201790	2.993400	1
65.313000	150.560000	-0.148750	2.993000	1
65.314000	150.670000	0.881780	2.993100	1
65.314000	150.770000	2.262300	2.993200	1
65.315000	150.880000	1.232400	2.992900	1
65.315000	150.980000	-1.517000	2.993100	1
65.315000	151.090000	4.330000	2.993000	1
65.316000	151.190000	3.301700	2.992900	1
65.316000	151.300000	2.272700	2.993100	1
65.316000	151.400000	-0.137880	2.992900	1
65.316000	151.510000	6.396300	2.992900	1
65.315000	151.610000	-2.200200	2.993100	1
65.315000	151.720000	-3.224900	2.993100	1
65.315000	151.820000	-3.245100	2.993100	1
65.352000	149.720000	-4.309500	3.748000	1
65.354000	149.830000	-1.549300	3.748300	1
65.355000	149.930000	-2.243000	3.748100	1
65.356000	150.040000	-0.874640	3.748100	1
65.357000	150.140000	0.166880	3.748400	1
65.358000	150.250000	-1.563600	3.748000	1
65.358000	150.350000	-0.862520	3.748300	1
65.359000	150.460000	0.497840	3.748500	1
65.360000	150.560000	-2.592100	3.748100	1
65.360000	150.670000	-1.558200	3.748200	1
65.361000	150.770000	-2.251200	3.748200	1
65.361000	150.880000	-1.217500	3.747900	1
65.362000	150.990000	-2.590400	3.748200	1
65.362000	151.090000	4.291800	3.748000	1
65.362000	151.200000	-0.180930	3.747900	1
65.362000	151.300000	0.171500	3.748200	1
65.362000	151.410000	4.981700	3.748000	1
65.362000	151.510000	2.924100	3.748000	1
65.362000	151.620000	-3.265600	3.748100	1
65.362000	151.720000	-2.237000	3.748100	1
65.361000	151.830000	-6.714500	3.748100	1
65.401000	149.930000	-3.785300	4.501800	1
65.402000	150.040000	-0.706170	4.501700	1
65.403000	150.140000	-1.045400	4.502000	1
65.404000	150.250000	-1.735200	4.501700	1
65.405000	150.350000	-0.704460	4.501900	1
65.406000	150.460000	-2.073800	4.502200	1
65.406000	150.570000	-1.733600	4.501800	1
65.407000	150.670000	-2.423200	4.501800	1
65.407000	150.780000	-3.789300	4.501900	1
65.408000	150.880000	-3.792600	4.501600	1
65.408000	150.990000	-1.038300	4.501800	1
65.408000	151.090000	2.398500	4.501700	1
65.408000	151.200000	-1.723600	4.501600	1
65.409000	151.300000	-0.343200	4.501800	1
65.409000	151.410000	5.143500	4.501700	1
65.408000	151.510000	-2.062600	4.501700	1
65.408000	151.620000	-2.410900	4.501700	1
65.408000	151.730000	-3.779600	4.501800	1
65.408000	151.830000	-2.054800	4.501800	1
65.407000	151.940000	-5.832900	4.501700	1
65.407000	152.040000	-6.881800	4.501800	1
65.451000	150.350000	-2.942400	5.256800	1
65.452000	150.460000	-0.191610	5.257100	1
65.453000	150.570000	-1.561500	5.256700	1
65.453000	150.670000	-3.621100	5.256700	1
65.454000	150.780000	-2.590600	5.256800	1
65.454000	150.880000	-3.616800	5.256600	1
65.455000	150.990000	-0.186100	5.256700	1
65.455000	151.090000	1.534300	5.256600	1
65.455000	151.200000	-2.939200	5.256500	1
65.455000	151.310000	4.625300	5.256700	1
65.455000	151.410000	2.912000	5.256600	1
65.455000	151.520000	-2.587700	5.256600	1
65.455000	151.620000	-3.608000	5.256600	1
65.455000	151.730000	-4.996500	5.256800	1
65.454000	151.830000	-3.283600	5.256700	1
65.454000	151.940000	-4.986300	5.256600	1
65.496000	150.140000	-3.108900	6.011000	1
65.497000	150.250000	-0.018421	6.010600	1
65.498000	150.360000	-1.737800	6.010800	1
65.499000	150.460000	-2.073500	6.011100	1
65.499000	150.570000	-3.797000	6.010700	1
65.500000	150.670000	-3.792900	6.010800	1
65.501000	150.780000	-4.482600	6.010800	1
65.501000	150.880000	-3.102200	6.010600	1
65.501000	150.990000	2.048600	6.010700	1
65.501000	151.100000	1.355200	6.010600	1
65.502000	151.200000	-2.067200	6.010500	1
65.502000	151.310000	4.459900	6.010700	1
65.502000	151.410000	-2.073600	6.010600	1
65.502000	151.520000	-2.073100	6.010600	1
65.502000	151.630000	-4.139100	6.010600	1
65.501000	151.730000	-3.792200	6.010800	1
65.456000	146.230000	-6.185700	6.762800	1
65.460000	146.340000	-7.212000	6.762500	1
65.464000	146.440000	-8.588000	6.763000	1
65.467000	146.550000	1.047000	6.762600	1
65.471000	146.650000	-2.736700	6.762700	1
65.474000	146.760000	-2.052600	6.762900	1
65.478000	146.860000	-4.806500	6.762600	1
65.481000	146.970000	-6.176400	6.762800	1
65.484000	147.080000	-4.817200	6.762700	1
65.487000	147.180000	-7.210100	6.762400	1
65.530000	149.090000	-6.531300	6.762700	1
65.532000	149.190000	-3.423000	6.762800	1
65.533000	149.300000	-1.010500	6.762800	1
65.535000	149.400000	-2.728400	6.762500	1
65.536000	149.510000	-3.061200	6.762900	1
65.538000	149.610000	-4.793700	6.762800	1
65.539000	149.720000	-3.065600	6.762600	1
65.540000	149.830000	-4.785000	6.762900	1
65.541000	149.930000	-4.078300	6.762700	1
65.542000	150.040000	-4.769000	6.762700	1
65.543000	150.140000	-4.085800	6.763000	1
65.544000	150.250000	-4.775500	6.762700	1
65.545000	150.360000	-2.028400	6.762800	1
65.546000	150.460000	-4.075200	6.763100	1
65.546000	150.570000	-4.427600	6.762800	1
65.547000	150.670000	-4.423500	6.762800	1
65.547000	150.780000	-3.746700	6.762800	1
65.548000	150.890000	-4.411600	6.762600	1
65.548000	150.990000	1.758100	6.762800	1
65.548000	151.100000	-0.995340	6.762700	1
65.548000	151.210000	3.825200	6.762600	1
65.548000	151.310000	1.072000	6.762700	1
65.548000	151.420000	-3.054100	6.762600	1
65.548000	151.520000	-4.770100	6.762700	1
65.548000	151.630000	-3.053200	6.762700	1
65.548000	151.740000	-5.456600	6.762800	1
65.548000	151.840000	-7.172800	6.762800	1
65.592000	150.360000	-3.921000	7.522500	1
65.593000	150.460000	-3.924100	7.522700	1
65.593000	150.570000	-5.640300	7.522400	1
65.594000	150.680000	-4.269700	7.522400	1
65.594000	150.780000	-3.228300	7.522500	1
65.595000	150.890000	-1.862400	7.522300	1
65.595000	151.000000	0.891930	7.522400	1
65.595000	151.100000	-0.827770	7.522300	1
65.596000	151.210000	3.289000	7.522200	1
65.596000	151.310000	-3.240800	7.522400	1
65.596000	151.420000	-4.266700	7.522300	1
65.596000	151.530000	-3.920000	7.522300	1
65.595000	151.630000	-1.523000	7.522300	1
65.595000	151.740000	-4.612800	7.522500	1
65.595000	151.850000	-5.988800	7.522500	1
65.595000	151.950000	-4.271900	7.522300	1
65.594000	152.060000	-3.241500	7.522500	1
65.594000	152.160000	-2.894800	7.522400	1
65.639000	150.360000	-5.271100	8.275900	1
65.640000	150.470000	-4.244100	8.276200	1
65.640000	150.570000	-5.609300	8.275900	1
65.641000	150.680000	-3.540800	8.275900	1
65.641000	150.780000	-3.882900	8.275900	1
65.642000	150.890000	-3.539800	8.275800	1
65.642000	151.000000	-1.480600	8.275800	1
65.642000	151.100000	3.677100	8.275800	1
65.643000	151.210000	-2.521100	8.275700	1
65.643000	151.320000	-3.897000	8.275800	1
65.643000	151.420000	-3.199000	8.275700	1
65.643000	151.530000	-3.549800	8.275800	1
65.642000	151.640000	-4.575700	8.275700	1
65.642000	151.740000	-6.989400	8.275900	1
65.687000	150.470000	-4.818900	9.035100	1
65.688000	150.570000	-3.456100	9.034900	1
65.688000	150.680000	-1.729500	9.034800	1
65.689000	150.790000	-2.765300	9.034800	1
65.689000	150.890000	-1.398500	9.034700	1
65.690000	151.000000	0.319560	9.034800	1
65.690000	151.110000	-1.053900	9.034700	1
65.690000	151.210000	-4.833900	9.034600	1
65.690000	151.320000	-5.523600	9.034700	1
65.690000	151.430000	-4.489100	9.034700	1
65.690000	151.530000	-3.458500	9.034700	1
65.690000	151.640000	-3.801900	9.034700	1
65.690000	151.750000	-4.141600	9.034900	1
65.689000	151.850000	-3.801400	9.034900	1
65.689000	151.960000	-4.127700	9.034700	1
65.689000	152.070000	-4.821300	9.034900	1
65.688000	152.170000	-4.131200	9.034800	1
65.687000	152.280000	-2.088400	9.034800	1
65.687000	152.390000	-2.428400	9.035000	1
65.686000	152.490000	-3.458500	9.034700	1
65.685000	152.600000	-6.208800	9.034800	1
65.684000	152.710000	-6.204800	9.035200	1
65.683000	152.810000	-5.174700	9.034700	1
65.682000	152.920000	-5.518200	9.034900	1
65.681000	153.030000	-7.231000	9.035000	1
65.680000	153.130000	-4.491700	9.034600	1
65.734000	150.360000	-6.552500	9.789200	1
65.735000	150.470000	-6.540600	9.789400	1
65.735000	150.570000	-0.362710	9.789200	1
65.736000	150.680000	-4.490700	9.789200	1
65.736000	150.790000	-5.184100	9.789200	1
65.737000	150.900000	1.346900	9.789100	1
65.737000	151.000000	-0.376470	9.789200	1
65.737000	151.110000	-3.118800	9.789100	1
65.737000	151.220000	-5.514900	9.789000	1
65.738000	151.320000	-5.185700	9.789100	1
65.738000	151.430000	-3.461400	9.789000	1
65.737000	151.540000	-3.801300	9.789100	1
65.737000	151.640000	-5.177800	9.789000	1
65.737000	151.750000	-6.548100	9.789200	1
65.737000	151.860000	-5.181300	9.789200	1
65.736000	151.960000	-3.124700	9.789100	1
65.784000	150.680000	-6.134300	10.547000	1
65.784000	150.790000	-4.434500	10.547000	1
65.785000	150.900000	0.722420	10.547000	1
65.785000	151.000000	-4.426600	10.547000	1
65.785000	151.110000	-2.360000	10.547000	1
65.785000	151.220000	-1.687300	10.547000	1
65.785000	151.330000	-2.355900	10.547000	1
65.785000	151.430000	-3.743400	10.547000	1
65.785000	151.540000	-4.435700	10.547000	1
65.785000	151.650000	-5.122900	10.547000	1
65.785000	151.750000	-5.114900	10.547000	1
65.785000	151.860000	-4.449400	10.547000	1
65.784000	151.970000	-3.759100	10.547000	1
65.784000	152.080000	-4.091100	10.547000	1
65.830000	150.470000	-4.513900	11.300000	1
65.831000	150.580000	-3.144600	11.300000	1
65.831000	150.690000	-5.890900	11.300000	1
65.832000	150.790000	0.290420	11.300000	1
65.832000	150.900000	-1.765600	11.300000	1
65.833000	151.010000	0.641310	11.300000	1
65.833000	151.110000	-2.108500	11.300000	1
65.833000	151.220000	0.288310	11.299000	1
65.833000	151.330000	-3.134000	11.299000	1
65.833000	151.440000	-5.540200	11.299000	1
65.833000	151.540000	-2.452900	11.300000	1
65.833000	151.650000	-4.180400	11.299000	1
65.833000	151.760000	-5.886600	11.300000	1
65.832000	151.870000	-5.889800	11.300000	1
65.878000	150.470000	-6.649100	12.055000	1
65.879000	150.580000	-1.146300	12.055000	1
65.879000	150.690000	-2.519800	12.055000	1
65.880000	150.800000	-0.112850	12.055000	1
65.880000	150.900000	-4.933100	12.055000	1
65.881000	151.010000	-1.488300	12.055000	1
65.881000	151.120000	-2.514300	12.055000	1
65.881000	151.230000	-3.551500	12.055000	1
65.881000	151.330000	-5.965400	12.055000	1
65.881000	151.440000	-3.904500	12.055000	1
65.881000	151.550000	-4.584100	12.055000	1
65.881000	151.660000	-4.587500	12.054000	1
65.881000	151.760000	-4.575700	12.055000	1
65.880000	151.870000	-5.955700	12.055000	1
65.926000	150.370000	-4.876600	12.815000	1
65.927000	150.480000	-5.227300	12.816000	1
65.928000	150.580000	-3.524000	12.815000	1
65.928000	150.690000	-4.203700	12.815000	1
65.929000	150.800000	-2.131600	12.815000	1
65.929000	150.910000	-3.157500	12.815000	1
65.929000	151.010000	-3.503400	12.815000	1
65.930000	151.120000	-3.518100	12.815000	1
65.930000	151.230000	-3.502500	12.815000	1
65.930000	151.340000	-5.910100	12.815000	1
65.930000	151.440000	-4.879500	12.815000	1
65.930000	151.550000	-5.569100	12.815000	1
65.930000	151.660000	-4.542500	12.815000	1
65.929000	151.770000	-4.882500	12.815000	1
65.929000	151.870000	-6.252800	12.815000	1
65.929000	151.980000	-4.882300	12.815000	1
65.977000	150.800000	-3.221500	13.574000	1
65.978000	150.910000	-5.635500	13.574000	1
65.978000	151.020000	-3.242000	13.574000	1
65.978000	151.120000	-2.197600	13.574000	1
65.979000	151.230000	-3.241100	13.574000	1
65.979000	151.340000	-5.297500	13.574000	1
65.979000	151.450000	-4.599200	13.574000	1
65.979000	151.560000	-5.984100	13.574000	1
65.978000	151.660000	-4.602300	13.574000	1
65.978000	151.770000	-4.237800	13.574000	1
65.978000	151.880000	-4.960200	13.574000	1
65.977000	151.990000	-4.619900	13.574000	1
65.977000	152.100000	-5.982300	13.574000	1
65.976000	152.200000	-3.549900	13.574000	1
65.976000	152.310000	-5.641800	13.574000	1
65.975000	152.420000	-5.973900	13.574000	1
65.974000	152.530000	-4.270700	13.574000	1
65.973000	152.630000	-6.323500	13.574000	1
66.012000	149.290000	-5.747800	14.326000	1
66.014000	149.400000	-5.071100	14.326000	1
66.015000	149.510000	-5.403200	14.326000	1
66.017000	149.620000	-5.062700	14.326000	1
66.018000	149.720000	-5.394900	14.326000	1
66.019000	149.830000	-5.042800	14.326000	1
66.020000	149.940000	-5.717800	14.326000	1
66.021000	150.050000	-6.760000	14.326000	1
66.022000	150.160000	-7.435900	14.326000	1
66.023000	150.260000	-6.765800	14.326000	1
66.024000	150.370000	-3.659800	14.326000	1
66.025000	150.480000	-7.096400	14.326000	1
66.025000	150.590000	-6.428800	14.326000	1
66.026000	150.700000	-3.333700	14.326000	1
66.026000	150.800000	-2.306800	14.326000	1
66.027000	150.910000	-4.359300	14.326000	1
66.027000	151.020000	-5.383200	14.326000	1
66.027000	151.130000	-4.029600	14.326000	1
66.027000	151.240000	-4.021700	14.326000	1
66.027000	151.340000	-5.034400	14.326000	1
66.027000	151.450000	-2.300400	14.326000	1
66.027000	151.560000	-5.716200	14.326000	1
66.027000	151.670000	-5.712200	14.326000	1
66.027000	151.780000	-5.034200	14.326000	1
66.027000	151.880000	-2.974300	14.326000	1
66.026000	151.990000	-4.679600	14.326000	1
66.026000	152.100000	0.131550	14.326000	1
66.025000	152.210000	-4.683600	14.326000	1
66.024000	152.320000	-3.002600	14.326000	1
66.024000	152.420000	-3.658200	14.327000	1
66.023000	152.530000	-6.790700	14.326000	1
66.022000	152.640000	-5.394700	14.326000	1
66.075000	150.700000	-4.392000	15.088000	1
66.076000	150.810000	-4.387800	15.088000	1
66.076000	150.910000	-4.394700	15.088000	1
66.076000	151.020000	-5.070800	15.088000	1
66.077000	151.130000	-6.069900	15.088000	1
66.077000	151.240000	-3.006000	15.088000	1
66.077000	151.350000	-6.417300	15.088000	1
66.077000	151.460000	-2.998500	15.088000	1
66.077000	151.560000	-5.069700	15.088000	1
66.077000	151.670000	-4.035700	15.088000	1
66.076000	151.780000	-5.752500	15.088000	1
66.076000	151.890000	-4.352400	15.088000	1
66.076000	152.000000	-6.774100	15.088000	1
66.075000	152.110000	-4.707700	15.088000	1
66.075000	152.210000	-5.734900	15.088000	1
66.124000	150.590000	-6.826300	15.845000	1
66.125000	150.700000	-4.433200	15.844000	1
66.125000	150.810000	-2.380600	15.844000	1
66.126000	150.920000	-1.343700	15.844000	1
66.126000	151.030000	-3.074800	15.844000	1
66.126000	151.130000	-5.473900	15.844000	1
66.126000	151.240000	-4.769500	15.844000	1
66.126000	151.350000	-3.054200	15.844000	1
66.126000	151.460000	-4.438400	15.844000	1
66.126000	151.570000	-6.498700	15.844000	1
66.126000	151.680000	-4.095000	15.844000	1
66.126000	151.790000	-3.410500	15.845000	1
66.126000	151.890000	-4.762900	15.845000	1
66.125000	152.000000	-5.810500	15.844000	1
66.125000	152.110000	-6.830400	15.845000	1
66.174000	150.590000	-6.618500	16.599000	1
66.175000	150.700000	-4.578300	16.599000	1
66.175000	150.810000	-3.895100	16.599000	1
66.176000	150.920000	-5.611300	16.599000	1
66.176000	151.030000	-3.213900	16.599000	1
66.176000	151.140000	-3.209800	16.599000	1
66.176000	151.250000	-1.817800	16.599000	1
66.176000	151.360000	-3.194000	16.598000	1
66.176000	151.460000	-5.261500	16.599000	1
66.176000	151.570000	-5.601500	16.599000	1
66.176000	151.680000	-5.594000	16.598000	1
66.176000	151.790000	-5.940300	16.599000	1
66.175000	151.900000	-5.608700	16.599000	1
66.175000	152.010000	-6.989300	16.599000	1
66.226000	150.820000	-3.916500	17.363000	1
66.226000	150.920000	-6.336200	17.364000	1
66.227000	151.030000	-5.655600	17.363000	1
66.227000	151.140000	-1.874100	17.363000	1
66.227000	151.250000	-5.308300	17.363000	1
66.227000	151.360000	-4.964000	17.363000	1
66.227000	151.470000	-4.959700	17.363000	1
66.227000	151.580000	-4.254100	17.363000	1
66.227000	151.690000	-3.582200	17.363000	1
66.227000	151.800000	-4.604600	17.364000	1
66.226000	151.910000	-6.686400	17.364000	1
66.226000	152.010000	-6.674900	17.363000	1
66.225000	152.120000	-7.358400	17.364000	1
66.225000	152.230000	-6.681400	17.363000	1
66.224000	152.340000	-1.869700	17.363000	1
66.223000	152.450000	-5.646600	17.364000	1
66.222000	152.560000	-4.952400	17.363000	1
66.222000	152.670000	-4.963500	17.363000	1
66.276000	150.600000	-6.794600	18.124000	1
66.276000	150.710000	-6.457500	18.124000	1
66.277000	150.820000	-5.080300	18.124000	1
66.277000	150.930000	-6.432500	18.124000	1
66.278000	151.040000	-2.310100	18.124000	1
66.278000	151.150000	-5.064200	18.124000	1
66.278000	151.260000	-4.029700	18.124000	1
66.278000	151.360000	-6.462600	18.124000	1
66.278000	151.470000	-6.093200	18.124000	1
66.278000	151.580000	-4.028200	18.124000	1
66.278000	151.690000	-3.348900	18.124000	1
66.277000	151.800000	-4.728700	18.124000	1
66.277000	151.910000	-6.114000	18.124000	1
66.277000	152.020000	-6.456100	18.124000	1
66.276000	152.130000	-8.496300	18.124000	1
66.276000	152.240000	-6.101900	18.124000	1