La	Lo	Sig	Theta	Ice
48.311000	131.940000	-7.226000	-18.175000	1
48.276000	131.980000	-6.549900	-18.175000	1
48.242000	132.020000	-6.897700	-18.175000	1
48.208000	132.060000	-5.863900	-18.175000	1
48.174000	132.110000	-4.826700	-18.175000	1
48.139000	132.150000	-5.861200	-18.175000	1
48.105000	132.190000	-7.586600	-18.175000	1
48.071000	132.230000	-5.869800	-18.175000	1
48.036000	132.270000	-6.564200	-18.175000	1
48.002000	132.310000	-5.523100	-18.175000	1
47.968000	132.350000	-5.860000	-18.175000	1
47.933000	132.390000	-5.524000	-18.175000	1
47.899000	132.440000	-5.853500	-18.175000	1
47.865000	132.480000	-6.197900	-18.175000	1
47.830000	132.520000	-6.559700	-18.175000	1
47.796000	132.560000	-7.587100	-18.175000	1
47.761000	132.600000	-7.240900	-18.175000	1
47.727000	132.640000	-3.809900	-18.175000	1
47.692000	132.680000	-4.490600	-18.175000	1
47.658000	132.720000	-6.558100	-18.175000	1
47.623000	132.760000	-5.520500	-18.175000	1
47.589000	132.800000	-5.521000	-18.175000	1
47.554000	132.840000	-5.175000	-18.175000	1
47.519000	132.880000	-4.824000	-18.175000	1
47.485000	132.920000	-4.485300	-18.175000	1
47.450000	132.960000	-4.828000	-18.175000	1
47.416000	133.000000	-4.839600	-18.175000	1
47.381000	133.040000	-5.187600	-18.175000	1
47.346000	133.080000	-3.813500	-18.175000	1
47.312000	133.120000	-3.123400	-18.175000	1
47.277000	133.160000	-1.403400	-18.175000	1
47.242000	133.200000	-3.467800	-18.175000	1
47.208000	133.240000	-6.558000	-18.175000	1
47.173000	133.280000	-5.189000	-18.174000	1
47.138000	133.320000	-3.461200	-18.174000	1
47.103000	133.360000	-4.853100	-18.175000	1
47.068000	133.400000	-4.849900	-18.174000	1
48.378000	131.960000	-5.800600	-17.418000	1
48.344000	132.000000	-5.797300	-17.418000	1
48.310000	132.040000	-5.801600	-17.418000	1
48.275000	132.080000	-5.798200	-17.418000	1
48.241000	132.120000	-5.445000	-17.418000	1
48.207000	132.160000	-5.803100	-17.417000	1
48.172000	132.200000	-6.139700	-17.418000	1
48.138000	132.250000	-5.117400	-17.418000	1
48.104000	132.290000	-5.800800	-17.418000	1
48.069000	132.330000	-7.175900	-17.418000	1
48.035000	132.370000	-5.794200	-17.418000	1
48.001000	132.410000	-5.119400	-17.418000	1
47.966000	132.450000	-4.425700	-17.418000	1
47.932000	132.490000	-6.143600	-17.418000	1
47.897000	132.530000	-6.136100	-17.418000	1
47.863000	132.570000	-8.205500	-17.418000	1
47.829000	132.610000	-7.861700	-17.417000	1
47.794000	132.660000	-6.835300	-17.418000	1
47.760000	132.700000	-6.130600	-17.417000	1
47.725000	132.740000	-6.142100	-17.417000	1
47.690000	132.780000	-6.138800	-17.418000	1
47.656000	132.820000	-5.799100	-17.417000	1
47.621000	132.860000	-4.075000	-17.417000	1
47.587000	132.900000	-4.770600	-17.417000	1
47.552000	132.940000	-5.465000	-17.417000	1
47.518000	132.980000	-4.767500	-17.417000	1
47.483000	133.020000	-4.416600	-17.417000	1
47.448000	133.060000	-4.760600	-17.417000	1
47.414000	133.100000	-4.088000	-17.417000	1
47.379000	133.140000	-3.738200	-17.417000	1
47.344000	133.180000	-4.096000	-17.417000	1
47.309000	133.220000	-3.391000	-17.417000	1
47.275000	133.260000	-3.406300	-17.417000	1
47.240000	133.300000	-5.813600	-17.417000	1
47.205000	133.340000	-5.123500	-17.417000	1
47.170000	133.380000	-3.739700	-17.417000	1
47.136000	133.420000	-3.392400	-17.417000	1
47.101000	133.460000	-4.767000	-17.417000	1
48.409000	132.110000	-6.329300	-15.898000	1
48.375000	132.150000	-7.349200	-15.897000	1
48.341000	132.190000	-5.972500	-15.898000	1
48.306000	132.240000	-5.636700	-15.898000	1
48.272000	132.280000	-3.580500	-15.897000	1
48.238000	132.320000	-5.641400	-15.898000	1
48.203000	132.360000	-5.982100	-15.898000	1
48.169000	132.400000	-5.982500	-15.898000	1
48.135000	132.440000	-6.333100	-15.898000	1
48.100000	132.480000	-4.605600	-15.897000	1
48.066000	132.520000	-4.949900	-15.898000	1
48.031000	132.560000	-5.644500	-15.898000	1
47.997000	132.610000	-5.291100	-15.898000	1
47.962000	132.650000	-4.951200	-15.898000	1
47.928000	132.690000	-5.985700	-15.898000	1
47.893000	132.730000	-7.707100	-15.897000	1
47.859000	132.770000	-6.676900	-15.898000	1
47.824000	132.810000	-6.340900	-15.897000	1
47.790000	132.850000	-5.987400	-15.897000	1
47.755000	132.890000	-5.651400	-15.898000	1
47.721000	132.930000	-5.980900	-15.897000	1
47.686000	132.970000	-4.264300	-15.897000	1
47.651000	133.010000	-4.962300	-15.897000	1
47.617000	133.050000	-3.588600	-15.897000	1
47.582000	133.090000	-3.588900	-15.897000	1
47.547000	133.130000	-3.593000	-15.897000	1
47.513000	133.170000	-3.582000	-15.897000	1
47.478000	133.210000	-5.311600	-15.897000	1
47.443000	133.250000	-3.930200	-15.897000	1
47.409000	133.290000	-3.243900	-15.897000	1
47.374000	133.330000	-3.586700	-15.897000	1
47.339000	133.370000	-3.236900	-15.897000	1
47.304000	133.410000	-2.203100	-15.897000	1
47.269000	133.450000	-4.621700	-15.897000	1
47.235000	133.490000	-4.264200	-15.897000	1
47.200000	133.530000	-2.558000	-15.897000	1
47.165000	133.570000	-3.928700	-15.897000	1
47.130000	133.610000	-6.000900	-15.897000	1
47.787000	132.950000	-3.503300	-15.142000	1
47.752000	132.990000	-4.193900	-15.141000	1
47.718000	133.030000	-3.850400	-15.142000	1
47.683000	133.070000	-3.847000	-15.142000	1
47.648000	133.110000	-3.500900	-15.142000	1
47.614000	133.150000	-3.161100	-15.142000	1
47.579000	133.190000	-3.505300	-15.141000	1
47.544000	133.230000	-3.859400	-15.142000	1
47.510000	133.270000	-3.165800	-15.142000	1
47.475000	133.310000	-4.886600	-15.141000	1
47.440000	133.350000	-3.162600	-15.142000	1
47.405000	133.390000	-3.502800	-15.141000	1
47.370000	133.430000	-3.163100	-15.142000	1
47.336000	133.470000	-3.503400	-15.142000	1
47.301000	133.510000	-2.473600	-15.141000	1
47.266000	133.550000	-2.835200	-15.141000	1
47.231000	133.590000	-4.198300	-15.141000	1
47.196000	133.630000	-3.516000	-15.141000	1
47.161000	133.670000	-4.892900	-15.141000	1
47.818000	133.000000	-2.435000	-14.388000	1
47.784000	133.040000	-3.801800	-14.388000	1
47.749000	133.080000	-3.798400	-14.388000	1
47.714000	133.120000	-4.145000	-14.388000	1
47.680000	133.160000	-2.436400	-14.388000	1
47.645000	133.200000	-2.769100	-14.388000	1
47.610000	133.240000	-3.119500	-14.388000	1
47.576000	133.280000	-3.459800	-14.388000	1
47.541000	133.320000	-4.490400	-14.388000	1
47.506000	133.360000	-4.150600	-14.388000	1
47.471000	133.400000	-3.793200	-14.388000	1
47.436000	133.440000	-2.430800	-14.388000	1
47.402000	133.480000	-2.774900	-14.388000	1
47.367000	133.520000	-3.465200	-14.388000	1
47.332000	133.560000	-3.809500	-14.387000	1
47.297000	133.600000	-3.802200	-14.388000	1
47.262000	133.640000	-4.828900	-14.388000	1
47.227000	133.680000	-4.145300	-14.387000	1
47.192000	133.720000	-2.776700	-14.388000	1
47.157000	133.760000	-3.467300	-14.387000	1
47.122000	133.800000	-3.819100	-14.387000	1
47.087000	133.840000	-5.528500	-14.388000	1
47.053000	133.880000	-5.861700	-14.387000	1
47.018000	133.920000	-4.151700	-14.387000	1
46.982000	133.960000	-6.567900	-14.387000	1
47.919000	132.980000	-6.514600	-13.631000	1
47.884000	133.020000	-2.043800	-13.631000	1
47.850000	133.060000	-1.700300	-13.631000	1
47.815000	133.100000	-3.078500	-13.630000	1
47.780000	133.140000	-3.075000	-13.631000	1
47.746000	133.180000	-3.425400	-13.631000	1
47.711000	133.220000	-1.351600	-13.631000	1
47.676000	133.260000	-0.671760	-13.631000	1
47.642000	133.300000	-3.076200	-13.630000	1
47.607000	133.340000	-3.076500	-13.631000	1
47.572000	133.380000	-4.464600	-13.631000	1
47.537000	133.420000	-3.080800	-13.630000	1
47.502000	133.460000	-3.759900	-13.631000	1
47.468000	133.500000	-4.111600	-13.630000	1
47.433000	133.540000	-4.790600	-13.631000	1
47.398000	133.580000	-2.734200	-13.631000	1
47.363000	133.620000	-2.048300	-13.630000	1
47.328000	133.660000	-4.112600	-13.631000	1
47.293000	133.700000	-3.425300	-13.630000	1
47.258000	133.740000	-4.799700	-13.630000	1
47.223000	133.780000	-3.079700	-13.630000	1
47.188000	133.820000	-2.736300	-13.630000	1
47.153000	133.850000	-3.434300	-13.630000	1
47.118000	133.890000	-4.114900	-13.630000	1
47.083000	133.930000	-5.145800	-13.630000	1
47.048000	133.970000	-4.809900	-13.630000	1
47.013000	134.010000	-2.052200	-13.630000	1
47.950000	133.030000	-7.404700	-12.872000	1
47.916000	133.070000	-3.960100	-12.872000	1
47.881000	133.110000	-1.900100	-12.872000	1
47.846000	133.150000	-1.900500	-12.871000	1
47.812000	133.190000	-0.874430	-12.872000	1
47.777000	133.230000	-0.180940	-12.872000	1
47.742000	133.270000	-0.528810	-12.872000	1
47.707000	133.310000	-0.525370	-12.872000	1
47.673000	133.350000	-1.902100	-12.871000	1
47.638000	133.390000	-2.242300	-12.872000	1
47.603000	133.430000	-3.272800	-12.872000	1
47.568000	133.470000	-3.623100	-12.871000	1
47.533000	133.510000	-2.937100	-12.872000	1
47.498000	133.550000	-3.281100	-12.871000	1
47.464000	133.590000	-3.960100	-12.872000	1
47.429000	133.630000	-2.937800	-12.872000	1
47.394000	133.670000	-2.938200	-12.871000	1
47.359000	133.710000	-3.968600	-12.872000	1
47.324000	133.750000	-4.987800	-12.871000	1
47.289000	133.790000	-3.625500	-12.871000	1
47.254000	133.830000	-3.965800	-12.871000	1
47.219000	133.870000	-2.582300	-12.871000	1
47.184000	133.910000	-2.250200	-12.871000	1
47.149000	133.950000	-4.314700	-12.871000	1
47.114000	133.990000	-3.967700	-12.871000	1
47.079000	134.030000	-1.911500	-12.871000	1
47.044000	134.070000	-0.527980	-12.871000	1
47.009000	134.110000	-6.365800	-12.870000	1
47.981000	133.090000	-5.349900	-12.112000	1
47.947000	133.130000	-4.316200	-12.112000	1
47.912000	133.170000	-3.976400	-12.112000	1
47.877000	133.210000	-2.256700	-12.112000	1
47.842000	133.250000	-3.283300	-12.112000	1
47.808000	133.290000	-2.261100	-12.112000	1
47.773000	133.330000	0.842730	-12.112000	1
47.738000	133.370000	-0.541460	-12.112000	1
47.703000	133.410000	-1.231900	-12.112000	1
47.669000	133.450000	-2.598400	-12.112000	1
47.634000	133.490000	-3.296500	-12.112000	1
47.599000	133.530000	-2.946700	-12.112000	1
47.564000	133.570000	-2.943100	-12.112000	1
47.529000	133.610000	-5.690000	-12.112000	1
47.494000	133.650000	-3.626000	-12.112000	1
47.459000	133.690000	-2.940000	-12.112000	1
47.424000	133.730000	-3.626800	-12.111000	1
47.390000	133.770000	-5.351100	-12.112000	1
47.355000	133.810000	-3.981200	-12.112000	1
47.320000	133.850000	-3.283900	-12.111000	1
47.285000	133.890000	-3.631800	-12.112000	1
47.250000	133.930000	-4.326200	-12.111000	1
47.215000	133.960000	-2.594800	-12.111000	1
47.180000	134.000000	-1.576500	-12.112000	1
47.145000	134.040000	-3.983700	-12.111000	1
47.109000	134.080000	-3.987800	-12.111000	1
47.074000	134.120000	-3.984500	-12.111000	1
47.039000	134.160000	-6.725600	-12.111000	1
48.392000	132.690000	-5.983800	-11.359000	1
48.358000	132.730000	-4.950200	-11.359000	1
48.323000	132.770000	-2.890200	-11.359000	1
48.289000	132.820000	-3.223200	-11.359000	1
48.254000	132.860000	-3.227400	-11.359000	1
48.220000	132.900000	-4.611800	-11.359000	1
48.185000	132.940000	-5.292500	-11.359000	1
48.150000	132.980000	-5.636700	-11.359000	1
48.116000	133.020000	-2.546600	-11.359000	1
48.081000	133.060000	-1.513000	-11.359000	1
48.046000	133.100000	-8.044900	-11.359000	1
48.012000	133.140000	-6.328700	-11.359000	1
47.977000	133.180000	-3.224400	-11.359000	1
47.942000	133.220000	-1.850800	-11.359000	1
47.908000	133.260000	-2.198800	-11.359000	1
47.873000	133.300000	-2.541500	-11.359000	1
47.838000	133.340000	-2.541900	-11.359000	1
47.803000	133.380000	0.901950	-11.359000	1
47.769000	133.420000	-0.468370	-11.359000	1
47.734000	133.460000	-2.200300	-11.358000	1
47.699000	133.500000	-2.192900	-11.359000	1
47.664000	133.540000	-2.200800	-11.359000	1
47.629000	133.580000	-2.547400	-11.358000	1
47.594000	133.620000	-3.223800	-11.359000	1
47.559000	133.660000	-3.914200	-11.358000	1
47.525000	133.700000	-3.574300	-11.359000	1
47.490000	133.740000	-2.548200	-11.359000	1
47.455000	133.780000	-3.228700	-11.358000	1
47.420000	133.820000	-1.858700	-11.359000	1
47.385000	133.860000	-4.605700	-11.358000	1
47.350000	133.900000	-5.300000	-11.358000	1
47.315000	133.940000	-5.629200	-11.358000	1
47.280000	133.980000	-3.230500	-11.358000	1
47.245000	134.020000	-3.577100	-11.358000	1
47.210000	134.060000	-1.861000	-11.358000	1
47.175000	134.100000	-3.910500	-11.358000	1
47.139000	134.140000	-1.858200	-11.358000	1
47.104000	134.180000	-1.522400	-11.358000	1
47.069000	134.210000	-7.368000	-11.357000	1
47.034000	134.250000	-6.334200	-11.357000	1
48.320000	132.870000	-3.947800	-10.598000	1
48.285000	132.910000	-2.921700	-10.599000	1
48.250000	132.950000	-3.594600	-10.599000	1
48.216000	132.990000	-3.602600	-10.598000	1
48.181000	133.030000	-2.923000	-10.599000	1
48.146000	133.080000	-2.565800	-10.598000	1
48.112000	133.120000	2.244200	-10.598000	1
48.077000	133.160000	-1.890200	-10.599000	1
48.042000	133.200000	-4.648600	-10.598000	1
48.008000	133.240000	-5.675400	-10.598000	1
47.973000	133.280000	-0.851210	-10.598000	1
47.938000	133.320000	-1.205400	-10.598000	1
47.903000	133.360000	-1.892000	-10.598000	1
47.869000	133.400000	-2.922500	-10.598000	1
47.834000	133.440000	-0.176250	-10.598000	1
47.799000	133.480000	1.207400	-10.598000	1
47.764000	133.520000	0.856930	-10.598000	1
47.729000	133.560000	-2.237200	-10.598000	1
47.694000	133.600000	-2.923800	-10.598000	1
47.660000	133.640000	-2.234000	-10.598000	1
47.625000	133.680000	-1.547900	-10.598000	1
47.590000	133.720000	-2.574500	-10.598000	1
47.555000	133.760000	-4.992600	-10.598000	1
47.520000	133.800000	-3.264900	-10.598000	1
47.485000	133.840000	-1.208900	-10.598000	1
47.450000	133.880000	-3.601700	-10.598000	1
47.415000	133.920000	-4.296000	-10.598000	1
47.380000	133.960000	-6.012900	-10.598000	1
47.345000	134.000000	-6.353400	-10.598000	1
47.310000	134.030000	-2.927100	-10.598000	1
47.275000	134.070000	-4.297600	-10.598000	1
47.240000	134.110000	-3.604000	-10.598000	1
47.205000	134.150000	-1.544400	-10.597000	1
47.170000	134.190000	-1.898600	-10.598000	1
47.134000	134.230000	-5.683500	-10.597000	1
47.099000	134.270000	-6.710500	-10.597000	1
48.281000	133.010000	-3.581900	-9.842700	1
48.246000	133.050000	-4.272500	-9.842600	1
48.211000	133.090000	-4.605300	-9.842600	1
48.177000	133.130000	-3.246900	-9.842400	1
48.142000	133.170000	2.950800	-9.842500	1
48.107000	133.210000	3.632900	-9.842600	1
48.073000	133.250000	1.222300	-9.842400	1
48.038000	133.290000	-1.178100	-9.842500	1
48.003000	133.330000	-1.864700	-9.842400	1
47.968000	133.370000	-0.494970	-9.842300	1
47.934000	133.410000	-1.529100	-9.842400	1
47.899000	133.450000	-0.491880	-9.842300	1
47.864000	133.490000	-1.526000	-9.842400	1
47.829000	133.530000	-0.496150	-9.842500	1
47.794000	133.570000	-0.840370	-9.842200	1
47.759000	133.610000	-3.246900	-9.842500	1
47.724000	133.650000	-4.281100	-9.842400	1
47.690000	133.690000	-1.871200	-9.842300	1
47.655000	133.730000	-1.867500	-9.842400	1
47.620000	133.770000	-1.531600	-9.842300	1
47.585000	133.810000	-2.898100	-9.842500	1
47.550000	133.850000	-3.252100	-9.842400	1
47.515000	133.890000	-3.252400	-9.842100	1
47.480000	133.930000	-2.562400	-9.842400	1
47.445000	133.970000	-1.178900	-9.842200	1
47.410000	134.010000	-3.249500	-9.842100	1
47.375000	134.050000	-7.038200	-9.842300	1
47.340000	134.090000	-5.306900	-9.842000	1
47.305000	134.130000	-2.224400	-9.842100	1
47.269000	134.170000	-3.251100	-9.842200	1
48.380000	132.980000	-3.250800	-9.088300	1
48.345000	133.020000	-0.850830	-9.088600	1
48.311000	133.060000	-1.881300	-9.088600	1
48.276000	133.100000	-3.601900	-9.088500	1
48.241000	133.140000	-2.912200	-9.088500	1
48.207000	133.180000	-2.908800	-9.088400	1
48.172000	133.220000	-2.219000	-9.088500	1
48.137000	133.270000	1.564600	-9.088600	1
48.103000	133.310000	3.272800	-9.088300	1
48.068000	133.350000	0.526270	-9.088500	1
48.033000	133.390000	-0.858000	-9.088400	1
47.998000	133.430000	-1.884600	-9.088300	1
47.963000	133.470000	-1.534900	-9.088400	1
47.929000	133.510000	-0.855300	-9.088200	1
47.894000	133.550000	-2.225600	-9.088400	1
47.859000	133.590000	-1.195800	-9.088400	1
47.824000	133.630000	-2.923900	-9.088200	1
47.789000	133.670000	-6.014400	-9.088500	1
47.754000	133.710000	-2.580500	-9.088300	1
47.719000	133.750000	-3.947100	-9.088200	1
47.684000	133.790000	-1.887100	-9.088300	1
47.649000	133.830000	-0.511020	-9.088200	1
47.614000	133.870000	-2.581300	-9.088400	1
47.579000	133.910000	-2.231500	-9.088300	1
47.544000	133.950000	-2.228000	-9.088000	1
47.509000	133.990000	-1.201700	-9.088300	1
47.474000	134.030000	0.171730	-9.088100	1
47.439000	134.060000	1.551400	-9.088100	1
47.404000	134.100000	-3.616900	-9.088200	1
47.369000	134.140000	-4.647600	-9.087900	1
47.334000	134.180000	-0.859930	-9.088100	1
47.299000	134.220000	-3.264400	-9.088200	1
47.264000	134.260000	-6.705500	-9.087500	1
48.341000	133.120000	-4.735500	-8.332600	1
48.306000	133.160000	-2.671900	-8.332500	1
48.271000	133.200000	-1.645900	-8.332500	1
48.237000	133.240000	0.417530	-8.332400	1
48.202000	133.280000	-0.609060	-8.332500	1
48.167000	133.320000	1.450700	-8.332600	1
48.132000	133.360000	3.852800	-8.332300	1
48.098000	133.400000	3.502500	-8.332500	1
48.063000	133.440000	4.542000	-8.332400	1
48.028000	133.480000	-0.614710	-8.332300	1
47.993000	133.520000	-0.615000	-8.332400	1
47.958000	133.560000	-0.955390	-8.332200	1
47.924000	133.600000	-1.305600	-8.332400	1
47.889000	133.640000	0.414220	-8.332400	1
47.854000	133.680000	-1.310000	-8.332200	1
47.819000	133.720000	-4.740400	-8.332500	1
47.784000	133.760000	-3.370600	-8.332300	1
47.749000	133.800000	-1.990800	-8.332200	1
47.714000	133.840000	-0.617080	-8.332400	1
47.679000	133.880000	-1.983600	-8.332300	1
47.644000	133.920000	-0.277390	-8.332400	1
47.609000	133.960000	-0.961440	-8.332400	1
47.574000	134.000000	-0.621710	-8.332100	1
47.539000	134.040000	-0.621790	-8.332400	1
47.504000	134.080000	-0.614530	-8.332200	1
47.469000	134.120000	-0.278690	-8.332100	1
47.434000	134.160000	-0.959070	-8.332300	1
47.399000	134.200000	-0.963400	-8.332000	1
47.363000	134.240000	2.820200	-8.332100	1
47.328000	134.280000	-2.344200	-8.332200	1
47.293000	134.310000	-5.781500	-8.331600	1
47.258000	134.350000	-7.152000	-8.331700	1
48.475000	133.050000	-3.413400	-7.576200	1
48.440000	133.090000	-1.007400	-7.576000	1
48.405000	133.130000	0.026184	-7.576300	1
48.371000	133.170000	0.029540	-7.576300	1
48.336000	133.210000	-1.004700	-7.576200	1
48.301000	133.250000	-1.695100	-7.576200	1
48.266000	133.290000	-2.379300	-7.576000	1
48.232000	133.330000	-1.349500	-7.576200	1
48.197000	133.370000	-2.376200	-7.576200	1
48.162000	133.410000	-1.342800	-7.576000	1
48.127000	133.450000	4.153300	-7.576100	1
48.093000	133.500000	4.829100	-7.576000	1
48.058000	133.540000	0.018669	-7.576000	1
48.023000	133.580000	0.022133	-7.576100	1
47.988000	133.620000	0.021691	-7.575900	1
47.953000	133.660000	0.711550	-7.576100	1
47.918000	133.700000	1.397600	-7.576100	1
47.883000	133.740000	1.047200	-7.575900	1
47.848000	133.780000	1.047100	-7.576200	1
47.813000	133.820000	1.740500	-7.576000	1
47.778000	133.860000	-0.323570	-7.575900	1
47.743000	133.900000	-1.009900	-7.576100	1
47.708000	133.940000	-0.316410	-7.575900	1
47.673000	133.980000	-1.010300	-7.576100	1
47.638000	134.010000	-1.014300	-7.576000	1
47.603000	134.050000	-1.350900	-7.575800	1
47.568000	134.090000	-1.011000	-7.576100	1
47.533000	134.130000	-0.325030	-7.575900	1
47.498000	134.170000	-0.675280	-7.575800	1
47.463000	134.210000	2.078300	-7.575900	1
47.428000	134.250000	-0.326150	-7.575600	1
47.393000	134.290000	0.013583	-7.575800	1
47.358000	134.330000	-7.555200	-7.575900	1
48.712000	132.860000	-6.183000	-6.822100	1
48.677000	132.900000	-3.433100	-6.822100	1
48.643000	132.940000	-3.433400	-6.822100	1
48.608000	132.980000	-2.399900	-6.822200	1
48.574000	133.020000	0.349790	-6.822100	1
48.539000	133.060000	-1.034300	-6.822000	1
48.504000	133.100000	-4.124800	-6.822200	1
48.470000	133.140000	-2.405100	-6.822000	1
48.435000	133.180000	-2.065300	-6.822300	1
48.400000	133.220000	-0.345620	-6.822200	1
48.366000	133.270000	-1.036100	-6.822100	1
48.331000	133.310000	-1.036400	-6.822200	1
48.296000	133.350000	-2.066900	-6.822000	1
48.261000	133.390000	-1.033400	-6.822100	1
48.226000	133.430000	-3.437600	-6.822200	1
48.192000	133.470000	-2.064300	-6.822000	1
48.157000	133.510000	1.715600	-6.822100	1
48.122000	133.550000	8.245300	-6.822000	1
48.087000	133.590000	-0.345170	-6.822000	1
48.052000	133.630000	-0.009196	-6.822100	1
48.017000	133.670000	-1.376000	-6.821900	1
47.982000	133.710000	-0.686150	-6.822100	1
47.948000	133.750000	2.400000	-6.822100	1
47.913000	133.790000	3.089600	-6.821900	1
47.878000	133.830000	1.033200	-6.822200	1
47.843000	133.870000	0.339100	-6.822000	1
47.808000	133.910000	-0.007381	-6.821900	1
47.773000	133.950000	-0.683780	-6.822100	1
47.738000	133.990000	-1.037800	-6.821900	1
47.703000	134.030000	-1.378000	-6.822100	1
47.668000	134.070000	-1.041900	-6.822000	1
47.632000	134.110000	0.337750	-6.821800	1
47.597000	134.150000	1.367700	-6.822100	1
47.562000	134.190000	-0.692690	-6.821800	1
47.527000	134.230000	-0.352890	-6.821800	1
47.492000	134.270000	1.027000	-6.821900	1
47.457000	134.310000	1.366400	-6.821600	1
47.422000	134.340000	2.396200	-6.821800	1
47.387000	134.380000	-5.160800	-6.821800	1
47.351000	134.420000	-6.545500	-6.821300	1
48.949000	132.660000	-5.268100	-6.067600	1
48.914000	132.700000	-2.854400	-6.067800	1
48.880000	132.740000	-2.858700	-6.067600	1
48.845000	132.790000	-7.333200	-6.067700	1
48.811000	132.830000	-5.953300	-6.067800	1
48.776000	132.870000	-2.859900	-6.067400	1
48.742000	132.910000	-3.890200	-6.067700	1
48.707000	132.950000	-4.240700	-6.067600	1
48.672000	132.990000	-2.864600	-6.067700	1
48.638000	133.030000	-2.857500	-6.067800	1
48.603000	133.070000	-2.167800	-6.067600	1
48.569000	133.120000	-2.168200	-6.067600	1
48.534000	133.160000	-1.142100	-6.067800	1
48.499000	133.200000	-0.798780	-6.067600	1
48.464000	133.240000	-2.862800	-6.067900	1
48.430000	133.280000	-2.173200	-6.067800	1
48.395000	133.320000	-2.863600	-6.067700	1
48.360000	133.360000	-0.803820	-6.067800	1
48.325000	133.400000	-2.864400	-6.067600	1
48.291000	133.440000	-2.174600	-6.067800	1
48.256000	133.480000	-1.835000	-6.067800	1
48.221000	133.520000	-2.171700	-6.067600	1
48.186000	133.560000	6.418300	-6.067700	1
48.151000	133.600000	4.357800	-6.067600	1
48.116000	133.640000	1.943800	-6.067600	1
48.082000	133.680000	-1.146600	-6.067700	1
48.047000	133.720000	-1.147100	-6.067500	1
48.012000	133.760000	-2.867400	-6.067700	1
47.977000	133.800000	1.606200	-6.067700	1
47.942000	133.840000	2.972200	-6.067500	1
47.907000	133.880000	1.605800	-6.067800	1
47.872000	133.920000	0.911700	-6.067600	1
47.837000	133.960000	0.575220	-6.067500	1
47.802000	134.000000	0.575130	-6.067700	1
47.767000	134.040000	0.221050	-6.067500	1
47.732000	134.080000	1.254700	-6.067700	1
47.697000	134.120000	0.914360	-6.067600	1
47.662000	134.160000	1.604000	-6.067400	1
47.626000	134.200000	0.573970	-6.067700	1
47.591000	134.240000	1.940000	-6.067500	1
47.556000	134.280000	0.909720	-6.067400	1
47.521000	134.320000	0.909620	-6.067600	1
47.486000	134.360000	1.939200	-6.067300	1
47.451000	134.400000	5.719000	-6.067500	1
47.415000	134.440000	0.214920	-6.067500	1
47.380000	134.480000	-5.962600	-6.066900	1
48.910000	132.800000	-3.719900	-5.312800	1
48.875000	132.840000	-3.380100	-5.312900	1
48.840000	132.880000	-0.290340	-5.313000	1
48.806000	132.920000	0.739060	-5.312700	1
48.771000	132.960000	0.058810	-5.312900	1
48.737000	133.000000	-3.721800	-5.312800	1
48.702000	133.050000	-2.695700	-5.312900	1
48.667000	133.090000	-2.692200	-5.313000	1
48.633000	133.130000	-2.012600	-5.312900	1
48.598000	133.170000	0.400870	-5.312900	1
48.563000	133.210000	-2.349500	-5.313000	1
48.529000	133.250000	-1.319900	-5.312800	1
48.494000	133.290000	0.060002	-5.313100	1
48.459000	133.330000	-1.324100	-5.313000	1
48.424000	133.370000	-0.634470	-5.313000	1
48.390000	133.410000	-0.634820	-5.313000	1
48.355000	133.460000	-0.985330	-5.312800	1
48.320000	133.500000	-2.015600	-5.313000	1
48.285000	133.540000	-3.049700	-5.313000	1
48.250000	133.580000	-0.978960	-5.312800	1
48.215000	133.620000	6.930900	-5.312900	1
48.180000	133.660000	10.017000	-5.312800	1
48.146000	133.700000	3.482900	-5.312900	1
48.111000	133.740000	-0.633880	-5.312900	1
48.076000	133.780000	-0.988030	-5.312700	1
48.041000	133.820000	-1.324600	-5.312900	1
48.006000	133.860000	0.731480	-5.312900	1
47.971000	133.900000	3.831200	-5.312700	1
47.936000	133.940000	2.804800	-5.313100	1
47.901000	133.980000	-0.639370	-5.312800	1
47.866000	134.020000	0.734220	-5.312800	1
47.831000	134.060000	0.054076	-5.313000	1
47.796000	134.100000	0.053697	-5.312800	1
47.761000	134.140000	0.389950	-5.313000	1
47.726000	134.180000	1.083300	-5.312900	1
47.690000	134.220000	0.052972	-5.312700	1
47.655000	134.260000	0.389280	-5.312900	1
47.620000	134.290000	2.449000	-5.312700	1
47.585000	134.330000	1.758700	-5.312700	1
47.550000	134.370000	3.482400	-5.312800	1
47.515000	134.410000	1.758300	-5.312500	1
47.479000	134.450000	0.728100	-5.312700	1
47.444000	134.490000	6.921600	-5.312700	1
47.409000	134.530000	-3.053000	-5.312200	1
47.374000	134.570000	-7.173800	-5.312300	1
48.905000	132.890000	-7.638000	-4.558300	1
48.870000	132.940000	-5.234500	-4.558400	1
48.835000	132.980000	-3.858600	-4.558000	1
48.801000	133.020000	-3.518700	-4.558300	1
48.766000	133.060000	0.951040	-4.558200	1
48.731000	133.100000	-1.799300	-4.558300	1
48.697000	133.140000	-1.105800	-4.558400	1
48.662000	133.180000	-1.456200	-4.558200	1
48.627000	133.220000	-1.106500	-4.558300	1
48.593000	133.260000	-0.766770	-4.558400	1
48.558000	133.310000	-0.080747	-4.558200	1
48.523000	133.350000	-1.460900	-4.558500	1
48.488000	133.390000	-2.827900	-4.558400	1
48.454000	133.430000	-1.458200	-4.558400	1
48.419000	133.470000	-0.422060	-4.558400	1
48.384000	133.510000	-0.082565	-4.558200	1
48.349000	133.550000	-1.112800	-4.558400	1
48.314000	133.590000	-0.776720	-4.558400	1
48.279000	133.630000	-3.169900	-4.558200	1
48.244000	133.670000	-0.770070	-4.558300	1
48.210000	133.710000	8.856000	-4.558200	1
48.175000	133.750000	7.479400	-4.558300	1
48.140000	133.790000	-0.774670	-4.558300	1
48.105000	133.830000	-1.465200	-4.558100	1
48.070000	133.870000	-2.141900	-4.558300	1
48.035000	133.910000	1.284300	-4.558300	1
48.000000	133.950000	3.007500	-4.558100	1
47.965000	133.990000	2.663900	-4.558500	1
47.930000	134.030000	-0.086584	-4.558200	1
47.895000	134.070000	-0.083080	-4.558200	1
47.860000	134.110000	1.636900	-4.558400	1
47.825000	134.150000	-0.087155	-4.558200	1
47.789000	134.190000	0.946380	-4.558400	1
47.754000	134.230000	3.352500	-4.558200	1
47.719000	134.270000	1.285700	-4.558100	1
47.684000	134.310000	-0.087919	-4.558300	1
47.649000	134.350000	1.971800	-4.558100	1
47.614000	134.390000	2.661600	-4.558100	1
47.579000	134.430000	2.321500	-4.558300	1
47.543000	134.470000	3.691100	-4.557900	1
47.508000	134.510000	1.627500	-4.558100	1
47.473000	134.540000	7.814600	-4.558100	1
47.438000	134.580000	-2.840000	-4.557600	1
47.402000	134.620000	-4.560400	-4.557700	1
48.830000	133.070000	-0.003399	-3.802800	1
48.795000	133.110000	2.056300	-3.802700	1
48.761000	133.150000	-1.034000	-3.802800	1
48.726000	133.200000	0.679470	-3.802900	1
48.691000	133.240000	-1.724500	-3.802700	1
48.657000	133.280000	-1.031300	-3.802800	1
48.622000	133.320000	1.028500	-3.802800	1
48.587000	133.360000	0.674590	-3.802700	1
48.552000	133.400000	-1.725600	-3.803000	1
48.518000	133.440000	1.714000	-3.802900	1
48.483000	133.480000	-1.722900	-3.802900	1
48.448000	133.520000	-1.033300	-3.802900	1
48.413000	133.560000	0.332800	-3.802700	1
48.378000	133.600000	-0.357370	-3.802900	1
48.343000	133.640000	2.742300	-3.802800	1
48.308000	133.680000	-0.004445	-3.802700	1
48.274000	133.720000	4.805400	-3.802800	1
48.239000	133.770000	8.245000	-3.802700	1
48.204000	133.810000	10.645000	-3.802800	1
48.169000	133.850000	7.550900	-3.802800	1
48.134000	133.890000	1.360300	-3.802600	1
48.099000	133.930000	0.333600	-3.802800	1
48.064000	133.970000	0.669780	-3.802800	1
48.029000	134.010000	3.419400	-3.802600	1
47.994000	134.050000	2.739300	-3.803000	1
47.959000	134.090000	2.738800	-3.802700	1
47.924000	134.130000	2.388500	-3.802700	1
47.888000	134.170000	2.392200	-3.802900	1
47.853000	134.200000	2.741800	-3.802700	1
47.818000	134.240000	3.081700	-3.802900	1
47.783000	134.280000	2.741400	-3.802800	1
47.748000	134.320000	1.707600	-3.802600	1
47.713000	134.360000	-0.012455	-3.802800	1
47.678000	134.400000	1.357200	-3.802600	1
47.642000	134.440000	2.737000	-3.802600	1
47.607000	134.480000	3.077000	-3.802800	1
47.572000	134.520000	3.766600	-3.802500	1
47.537000	134.560000	7.196500	-3.802700	1
47.501000	134.600000	3.083600	-3.802600	1
47.466000	134.640000	-3.454300	-3.802200	1
47.431000	134.680000	-4.144700	-3.802200	1
48.755000	133.250000	-3.690000	-3.047000	1
48.721000	133.290000	0.439690	-3.046900	1
48.686000	133.330000	3.873200	-3.047000	1
48.651000	133.370000	1.812900	-3.047000	1
48.616000	133.410000	0.442470	-3.046900	1
48.581000	133.450000	1.809000	-3.047200	1
48.547000	133.500000	1.131900	-3.047000	1
48.512000	133.540000	3.188200	-3.047000	1
48.477000	133.580000	3.867900	-3.047100	1
48.442000	133.620000	0.777370	-3.046800	1
48.407000	133.660000	3.867300	-3.047100	1
48.372000	133.700000	3.186900	-3.047000	1
48.337000	133.740000	2.496400	-3.046900	1
48.302000	133.780000	2.840000	-3.047000	1
48.267000	133.820000	8.339500	-3.046900	1
48.233000	133.860000	9.719300	-3.047000	1
48.198000	133.900000	7.659000	-3.047000	1
48.163000	133.940000	0.088336	-3.046800	1
48.128000	133.980000	0.778200	-3.047000	1
48.093000	134.020000	0.437830	-3.047000	1
48.057000	134.060000	3.184000	-3.046900	1
48.022000	134.100000	4.214000	-3.047200	1
47.987000	134.140000	2.493300	-3.046900	1
47.952000	134.180000	3.523100	-3.046900	1
47.917000	134.220000	3.183100	-3.047100	1
47.882000	134.260000	2.156400	-3.046900	1
47.847000	134.300000	4.216300	-3.047100	1
47.812000	134.340000	4.216000	-3.047000	1
47.777000	134.380000	2.832400	-3.046900	1
47.741000	134.420000	3.182300	-3.047000	1
47.706000	134.460000	2.835300	-3.046800	1
47.671000	134.500000	4.211800	-3.046800	1
47.636000	134.530000	3.521700	-3.047000	1
47.600000	134.570000	4.211200	-3.046700	1
47.565000	134.610000	7.651200	-3.046900	1
47.530000	134.650000	3.180900	-3.046800	1
47.495000	134.690000	-0.949690	-3.046400	1
47.459000	134.730000	-0.256160	-3.046500	1
48.888000	133.180000	0.920000	-2.295700	1
48.854000	133.220000	2.639600	-2.295600	1
48.819000	133.260000	1.259400	-2.295800	1
48.784000	133.300000	0.919130	-2.295800	1
48.749000	133.350000	0.578700	-2.295700	1
48.715000	133.390000	1.948400	-2.295700	1
48.680000	133.430000	2.981900	-2.295800	1
48.645000	133.470000	4.701500	-2.295700	1
48.610000	133.510000	4.011400	-2.295900	1
48.575000	133.550000	2.640900	-2.295800	1
48.541000	133.590000	1.607400	-2.295800	1
48.506000	133.630000	4.010300	-2.295800	1
48.471000	133.670000	5.726600	-2.295600	1
48.436000	133.710000	4.696500	-2.295900	1
48.401000	133.750000	4.356100	-2.295800	1
48.366000	133.790000	4.355700	-2.295700	1
48.331000	133.830000	6.415400	-2.295800	1
48.296000	133.870000	9.845000	-2.295600	1
48.261000	133.910000	11.919000	-2.295800	1
48.226000	133.950000	6.758200	-2.295800	1
48.191000	133.990000	2.637600	-2.295500	1
48.156000	134.030000	1.947400	-2.295800	1
48.121000	134.070000	2.637000	-2.295800	1
48.086000	134.110000	5.036600	-2.295600	1
48.051000	134.150000	4.693300	-2.296000	1
48.016000	134.190000	6.062700	-2.295600	1
47.981000	134.230000	6.062400	-2.295700	1
47.946000	134.270000	4.352400	-2.296000	1
47.910000	134.310000	3.661900	-2.295700	1
47.875000	134.350000	4.695600	-2.295900	1
47.840000	134.390000	5.035300	-2.295700	1
47.805000	134.430000	5.035100	-2.295700	1
47.770000	134.470000	5.035000	-2.295800	1
47.734000	134.510000	3.664600	-2.295600	1
47.699000	134.550000	5.034400	-2.295600	1
47.664000	134.590000	4.691200	-2.295800	1
47.629000	134.630000	4.690700	-2.295500	1
47.593000	134.670000	9.840700	-2.295700	1
47.558000	134.710000	0.570350	-2.295600	1
47.523000	134.740000	1.939900	-2.295200	1
47.487000	134.780000	-3.900500	-2.295300	1
48.952000	133.190000	2.658400	-1.540700	1
48.917000	133.230000	6.788200	-1.540900	1
48.883000	133.280000	6.447800	-1.540900	1
48.848000	133.320000	5.757600	-1.541000	1
48.813000	133.360000	7.477300	-1.541000	1
48.778000	133.400000	8.156900	-1.540900	1
48.744000	133.440000	6.096600	-1.541000	1
48.709000	133.480000	7.126300	-1.541000	1
48.674000	133.520000	8.845900	-1.541000	1
48.639000	133.560000	8.509500	-1.541200	1
48.604000	133.600000	6.789000	-1.541000	1
48.570000	133.640000	4.048700	-1.541100	1
48.535000	133.680000	2.668400	-1.541100	1
48.500000	133.730000	5.415000	-1.540900	1
48.465000	133.770000	6.107800	-1.541200	1
48.430000	133.810000	6.104500	-1.541000	1
48.395000	133.850000	7.484100	-1.540900	1
48.360000	133.890000	3.703800	-1.541100	1
48.325000	133.930000	7.823400	-1.540900	1
48.290000	133.970000	15.043000	-1.541100	1
48.255000	134.010000	11.263000	-1.541100	1
48.220000	134.050000	8.516000	-1.540800	1
48.185000	134.090000	3.705800	-1.541000	1
48.150000	134.130000	5.415400	-1.541000	1
48.115000	134.170000	6.104900	-1.540900	1
48.080000	134.210000	4.731900	-1.541300	1
48.044000	134.250000	7.481300	-1.540900	1
48.009000	134.290000	7.130900	-1.541000	1
47.974000	134.330000	7.480800	-1.541200	1
47.939000	134.370000	5.070400	-1.540900	1
47.904000	134.410000	5.410300	-1.541100	1
47.869000	134.450000	6.100000	-1.541000	1
47.833000	134.480000	6.793500	-1.541000	1
47.798000	134.520000	7.483400	-1.541100	1
47.763000	134.560000	5.413100	-1.540900	1
47.728000	134.600000	6.452800	-1.540900	1
47.692000	134.640000	5.762800	-1.541100	1
47.657000	134.680000	10.909000	-1.540800	1
47.622000	134.720000	1.292200	-1.540900	1
47.586000	134.760000	-3.871100	-1.540900	1
47.551000	134.800000	1.628600	-1.540500	1
48.946000	133.290000	10.565000	-0.792500	1
48.912000	133.330000	6.784900	-0.792470	1
48.877000	133.370000	8.844600	-0.792610	1
48.842000	133.410000	9.884300	-0.792630	1
48.807000	133.450000	9.533900	-0.792510	1
48.772000	133.490000	5.413600	-0.792580	1
48.738000	133.540000	7.813300	-0.792670	1
48.703000	133.580000	7.133000	-0.792580	1
48.668000	133.620000	15.033000	-0.792780	1
48.633000	133.660000	13.662000	-0.792640	1
48.598000	133.700000	9.882000	-0.792670	1
48.563000	133.740000	9.195500	-0.792730	1
48.528000	133.780000	8.165100	-0.792500	1
48.493000	133.820000	10.225000	-0.792760	1
48.458000	133.860000	9.534500	-0.792650	1
48.423000	133.900000	7.131400	-0.792550	1
48.388000	133.940000	8.841100	-0.792680	1
48.353000	133.980000	8.840700	-0.792560	1
48.318000	134.020000	14.000000	-0.792710	1
48.283000	134.060000	11.590000	-0.792760	1
48.248000	134.100000	8.839500	-0.792450	1
48.213000	134.140000	7.469200	-0.792660	1
48.178000	134.180000	12.633000	-0.792690	1
48.143000	134.220000	10.222000	-0.792540	1
48.108000	134.260000	8.842000	-0.792880	1
48.073000	134.300000	8.841500	-0.792570	1
48.038000	134.340000	7.468400	-0.792600	1
48.002000	134.380000	6.098100	-0.792890	1
47.967000	134.420000	8.157700	-0.792580	1
47.932000	134.460000	9.877600	-0.792760	1
47.897000	134.500000	9.877400	-0.792690	1
47.862000	134.540000	9.877100	-0.792610	1
47.826000	134.580000	10.557000	-0.792730	1
47.791000	134.620000	8.496700	-0.792590	1
47.756000	134.660000	10.560000	-0.792490	1
47.721000	134.700000	12.280000	-0.792760	1
47.685000	134.730000	13.660000	-0.792450	1
47.650000	134.770000	2.659600	-0.792590	1
47.615000	134.810000	0.936660	-0.792570	1
48.975000	133.340000	15.215000	0.118190	1
48.940000	133.380000	16.594000	0.118560	1
48.906000	133.430000	13.504000	0.118030	1
48.871000	133.470000	20.714000	0.118460	1
48.836000	133.510000	16.253000	0.118440	1
48.801000	133.550000	16.253000	0.118100	1
48.766000	133.590000	16.593000	0.118660	1
48.731000	133.630000	19.006000	0.118200	1
48.697000	133.670000	20.036000	0.118210	1
48.662000	133.710000	22.093000	0.118560	1
48.627000	133.750000	19.005000	0.118050	1
48.592000	133.790000	19.005000	0.118490	1
48.557000	133.830000	18.312000	0.118510	1
48.522000	133.870000	21.741000	0.118150	1
48.487000	133.910000	17.281000	0.118680	1
48.452000	133.950000	14.181000	0.118360	1
48.417000	134.000000	12.470000	0.118370	1
48.382000	134.040000	22.428000	0.118790	1
48.347000	134.080000	21.740000	0.118300	1
48.312000	134.120000	21.063000	0.118650	1
48.277000	134.160000	19.003000	0.118650	1
48.242000	134.200000	17.622000	0.118240	1
48.206000	134.240000	17.962000	0.118790	1
48.171000	134.280000	18.652000	0.118410	1
48.136000	134.320000	16.929000	0.118380	1
48.101000	134.350000	17.618000	0.118820	1
48.066000	134.390000	18.648000	0.118270	1
48.031000	134.430000	15.897000	0.118580	1
47.995000	134.470000	17.617000	0.118590	1
47.960000	134.510000	19.337000	0.118140	1
47.925000	134.550000	21.057000	0.118710	1
47.890000	134.590000	22.430000	0.118460	1
47.854000	134.630000	19.340000	0.118400	1
47.819000	134.670000	18.650000	0.118810	1
47.784000	134.710000	22.087000	0.118270	1
47.749000	134.750000	22.427000	0.118720	1
47.713000	134.790000	13.497000	0.118860	1
47.678000	134.830000	6.276300	0.118400	1
47.643000	134.870000	15.556000	0.119000	1
49.039000	133.360000	9.150900	0.732560	1
49.004000	133.400000	8.120500	0.732440	1
48.969000	133.440000	11.900000	0.732610	1
48.934000	133.480000	3.309700	0.732250	1
48.900000	133.520000	8.459500	0.732410	1
48.865000	133.560000	10.179000	0.732510	1
48.830000	133.600000	7.428700	0.732280	1
48.795000	133.640000	8.798400	0.732400	1
48.760000	133.680000	9.488100	0.732320	1
48.725000	133.730000	7.427700	0.732120	1
48.690000	133.770000	11.547000	0.732430	1
48.655000	133.810000	13.271000	0.732180	1
48.620000	133.850000	12.931000	0.732260	1
48.586000	133.890000	10.870000	0.732530	1
48.551000	133.930000	14.987000	0.732110	1
48.516000	133.970000	12.587000	0.732450	1
48.481000	134.010000	13.617000	0.732410	1
48.445000	134.050000	9.486200	0.732260	1
48.410000	134.090000	19.456000	0.732560	1
48.375000	134.130000	12.235000	0.732200	1
48.340000	134.170000	15.325000	0.732270	1
48.305000	134.210000	11.545000	0.732610	1
48.270000	134.250000	11.204000	0.732240	1
48.235000	134.290000	13.268000	0.732380	1
48.200000	134.330000	8.797400	0.732420	1
48.165000	134.370000	9.146900	0.732050	1
48.129000	134.410000	8.794000	0.732540	1
48.094000	134.450000	8.453500	0.732270	1
48.059000	134.490000	7.083000	0.732070	1
48.024000	134.530000	11.543000	0.732440	1
47.989000	134.570000	13.952000	0.732090	1
47.953000	134.610000	13.612000	0.732340	1
47.918000	134.650000	14.982000	0.732330	1
47.883000	134.690000	13.262000	0.732190	1
47.847000	134.730000	14.295000	0.732480	1
47.812000	134.760000	14.295000	0.732400	1
47.777000	134.800000	14.295000	0.732250	1
47.741000	134.840000	5.704800	0.732630	1
47.706000	134.880000	6.051700	0.732330	1
47.671000	134.920000	8.111700	0.732580	1
48.998000	133.490000	-2.511600	1.487400	1
48.963000	133.540000	-5.259300	1.487000	1
48.929000	133.580000	2.300600	1.487200	1
48.894000	133.620000	0.240290	1.487300	1
48.859000	133.660000	7.109800	1.487000	1
48.824000	133.700000	4.359600	1.487100	1
48.789000	133.740000	8.493000	1.487100	1
48.754000	133.780000	9.172500	1.486900	1
48.719000	133.820000	8.832400	1.487200	1
48.684000	133.860000	8.489000	1.487000	1
48.649000	133.900000	9.171600	1.487000	1
48.614000	133.940000	4.358600	1.487300	1
48.579000	133.980000	4.708000	1.486900	1
48.544000	134.020000	7.107900	1.487200	1
48.509000	134.060000	6.427600	1.487200	1
48.474000	134.100000	6.767100	1.487000	1
48.439000	134.140000	1.266900	1.487300	1
48.404000	134.180000	10.206000	1.487000	1
48.369000	134.220000	13.300000	1.487000	1
48.334000	134.260000	8.139600	1.487300	1
48.299000	134.300000	4.706000	1.487000	1
48.263000	134.340000	2.985700	1.487100	1
48.228000	134.380000	2.988300	1.487200	1
48.193000	134.420000	6.074800	1.486800	1
48.158000	134.460000	6.424700	1.487300	1
48.123000	134.500000	5.734200	1.487000	1
48.087000	134.540000	8.823600	1.486800	1
48.052000	134.580000	10.883000	1.487200	1
48.017000	134.620000	8.822900	1.486800	1
47.982000	134.660000	6.766500	1.487000	1
47.946000	134.700000	5.736200	1.487100	1
47.911000	134.740000	2.635900	1.486900	1
47.876000	134.780000	3.325900	1.487200	1
47.840000	134.820000	6.072700	1.487100	1
47.805000	134.860000	4.012400	1.486900	1
47.770000	134.900000	4.702400	1.487300	1
47.734000	134.940000	5.042100	1.487100	1
47.699000	134.980000	5.382000	1.487300	1
47.663000	135.010000	4.702000	1.487500	1
48.922000	133.670000	-1.595000	2.236100	1
48.887000	133.710000	0.814550	2.235900	1
48.852000	133.750000	6.314300	2.236000	1
48.817000	133.790000	4.250800	2.235900	1
48.783000	133.830000	4.930300	2.235700	1
48.748000	133.880000	3.560200	2.236000	1
48.713000	133.920000	3.562900	2.235800	1
48.678000	133.960000	6.649500	2.235800	1
48.643000	134.000000	6.999400	2.236100	1
48.608000	134.040000	3.558700	2.235700	1
48.572000	134.080000	5.278700	2.236000	1
48.537000	134.120000	3.558300	2.236000	1
48.502000	134.160000	-0.568430	2.235800	1
48.467000	134.200000	-3.661900	2.236100	1
48.432000	134.240000	4.930800	2.235800	1
48.397000	134.280000	8.710500	2.235800	1
48.362000	134.320000	9.060400	2.236100	1
48.327000	134.360000	-5.033700	2.235800	1
48.292000	134.400000	-2.973900	2.235900	1
48.256000	134.440000	2.175900	2.236000	1
48.221000	134.480000	3.895300	2.235600	1
48.186000	134.520000	4.245300	2.236100	1
48.151000	134.560000	5.614700	2.235800	1
48.115000	134.600000	8.704100	2.235600	1
48.080000	134.640000	9.397800	2.236000	1
48.045000	134.680000	2.867100	2.235700	1
48.010000	134.720000	4.926900	2.235800	1
47.974000	134.760000	2.173400	2.235800	1
47.939000	134.790000	2.523100	2.235700	1
47.904000	134.830000	-0.576940	2.236000	1
47.868000	134.870000	7.672900	2.235900	1
47.833000	134.910000	2.172500	2.235700	1
47.797000	134.950000	3.892600	2.236100	1
47.762000	134.990000	5.952200	2.235900	1
47.727000	135.030000	8.702300	2.236100	1
47.691000	135.070000	2.526100	2.236300	1
47.656000	135.110000	-2.284200	2.236200	1
48.916000	133.770000	-0.971790	2.991800	1
48.881000	133.810000	3.834700	2.991900	1
48.846000	133.850000	3.154300	2.991900	1
48.811000	133.890000	2.123800	2.991700	1
48.776000	133.930000	1.773800	2.992000	1
48.741000	133.970000	3.833300	2.991700	1
48.706000	134.010000	4.183000	2.991800	1
48.671000	134.050000	3.832800	2.992100	1
48.636000	134.090000	5.212200	2.991700	1
48.601000	134.130000	1.095900	2.992000	1
48.566000	134.170000	1.775500	2.991900	1
48.531000	134.210000	1.095100	2.991800	1
48.496000	134.250000	0.744960	2.992100	1
48.461000	134.290000	-0.629060	2.991700	1
48.425000	134.330000	3.830700	2.991800	1
48.390000	134.370000	10.711000	2.992100	1
48.355000	134.410000	5.213300	2.991800	1
48.320000	134.450000	2.462900	2.991900	1
48.285000	134.490000	5.549300	2.991900	1
48.249000	134.530000	4.518600	2.991600	1
48.214000	134.570000	3.828600	2.992000	1
48.179000	134.610000	5.211700	2.991700	1
48.144000	134.650000	10.361000	2.991500	1
48.108000	134.690000	4.177700	2.991900	1
48.073000	134.730000	-1.663000	2.991600	1
48.038000	134.770000	-1.663300	2.991800	1
48.002000	134.810000	2.796400	2.991800	1
47.967000	134.850000	0.046080	2.991700	1
47.932000	134.890000	0.396050	2.991900	1
47.896000	134.930000	4.865900	2.991900	1
47.861000	134.970000	5.545500	2.991700	1
47.826000	135.010000	0.045531	2.992000	1
47.790000	135.040000	3.489100	2.991800	1
47.755000	135.080000	2.795700	2.992000	1
47.719000	135.120000	1.089100	2.992200	1
47.684000	135.160000	-1.664500	2.992200	1
49.398000	133.290000	-0.664220	3.746800	1
49.363000	133.330000	-4.104600	3.747000	1
49.328000	133.370000	-5.821800	3.746700	1
49.293000	133.410000	-1.005300	3.746800	1
49.258000	133.450000	0.360960	3.746900	1
49.224000	133.490000	1.390400	3.746700	1
49.189000	133.540000	-3.080000	3.746900	1
49.154000	133.580000	-8.234400	3.746800	1
49.119000	133.620000	-9.265000	3.746800	1
49.084000	133.660000	-8.581400	3.746900	1
49.049000	133.700000	-5.824700	3.746600	1
49.015000	133.740000	-0.324670	3.746800	1
48.980000	133.780000	2.425100	3.746800	1
48.945000	133.820000	0.021002	3.746600	1
48.910000	133.860000	-2.049300	3.746700	1
48.875000	133.900000	-0.669640	3.746600	1
48.840000	133.940000	1.390000	3.746400	1
48.805000	133.990000	0.699880	3.746800	1
48.770000	134.030000	1.739300	3.746500	1
48.735000	134.070000	2.769100	3.746500	1
48.700000	134.110000	2.418900	3.746800	1
48.665000	134.150000	4.832100	3.746400	1
48.629000	134.190000	2.772000	3.746700	1
48.594000	134.230000	-1.361900	3.746700	1
48.559000	134.270000	-0.332340	3.746500	1
48.524000	134.310000	-0.672440	3.746800	1
48.489000	134.350000	-2.053100	3.746400	1
48.454000	134.390000	-0.673390	3.746500	1
48.419000	134.430000	8.266600	3.746800	1
48.383000	134.470000	7.576000	3.746500	1
48.348000	134.510000	9.635700	3.746600	1
48.313000	134.550000	4.135300	3.746600	1
48.278000	134.590000	5.858400	3.746300	1
48.242000	134.630000	8.608400	3.746700	1
48.207000	134.670000	9.977700	3.746400	1
48.172000	134.710000	7.223700	3.746200	1
48.137000	134.750000	-2.733100	3.746700	1
48.101000	134.790000	-3.427300	3.746300	1
48.066000	134.820000	-5.147700	3.746500	1
48.031000	134.860000	-0.337810	3.746500	1
47.995000	134.900000	-0.678260	3.746400	1
47.960000	134.940000	0.691740	3.746600	1
47.924000	134.980000	-1.368500	3.746600	1
47.889000	135.020000	4.127800	3.746400	1
47.854000	135.060000	0.695100	3.746700	1
47.818000	135.100000	1.381300	3.746500	1
47.783000	135.140000	-1.368700	3.746700	1
47.747000	135.180000	-1.368700	3.746900	1
49.008000	133.840000	-1.182900	4.500200	1
48.973000	133.880000	1.216600	4.499900	1
48.938000	133.920000	0.186380	4.500000	1
48.903000	133.960000	0.876010	4.499900	1
48.868000	134.000000	-0.844490	4.499800	1
48.833000	134.040000	-0.154560	4.500100	1
48.798000	134.080000	-0.848720	4.499800	1
48.763000	134.120000	-1.535500	4.499900	1
48.728000	134.160000	1.214600	4.500100	1
48.693000	134.200000	1.907600	4.499800	1
48.658000	134.240000	3.624000	4.500100	1
48.623000	134.280000	0.187150	4.500000	1
48.588000	134.320000	-3.597000	4.499800	1
48.059000	134.920000	-1.192500	4.499800	1
48.023000	134.960000	0.177140	4.499700	1
47.988000	135.000000	-1.193100	4.500000	1
47.952000	135.040000	0.176810	4.499900	1
47.917000	135.080000	1.900300	4.499700	1
47.881000	135.110000	-2.223300	4.500100	1
47.846000	135.150000	-2.223500	4.499800	1
47.810000	135.190000	-1.189900	4.500000	1
47.775000	135.230000	-4.633700	4.500200	1
48.967000	133.970000	-3.087500	5.254700	1
48.932000	134.010000	-0.334080	5.254500	1
48.897000	134.060000	0.355520	5.254400	1
48.862000	134.100000	-2.051100	5.254700	1
48.827000	134.140000	-3.081700	5.254400	1
48.792000	134.180000	-1.365400	5.254500	1
48.757000	134.220000	2.771800	5.254700	1
48.721000	134.260000	3.797600	5.254300	1
48.686000	134.300000	2.413900	5.254700	1
48.651000	134.340000	2.417200	5.254600	1
48.616000	134.380000	2.076700	5.254400	1
48.581000	134.420000	1.386600	5.254700	1
48.546000	134.460000	-4.114200	5.254400	1
48.510000	134.500000	-4.458200	5.254400	1
48.475000	134.540000	-3.088200	5.254700	1
48.440000	134.580000	5.847800	5.254400	1
48.405000	134.620000	9.634900	5.254500	1
48.369000	134.660000	1.724400	5.254600	1
48.334000	134.700000	-0.336250	5.254300	1
48.299000	134.740000	4.470100	5.254700	1
48.263000	134.780000	-1.703400	5.254300	1
48.228000	134.820000	-12.030000	5.254200	1
48.193000	134.860000	-9.637000	5.254600	1
48.157000	134.900000	-8.242700	5.254200	1
48.122000	134.930000	-6.182600	5.254400	1
48.087000	134.970000	-3.092700	5.254400	1
48.051000	135.010000	-3.093200	5.254300	1
48.016000	135.050000	-3.093300	5.254500	1
47.980000	135.090000	-1.033300	5.254500	1
47.945000	135.130000	-2.060000	5.254300	1
47.909000	135.170000	1.036600	5.254600	1
47.874000	135.210000	-2.063800	5.254400	1
47.838000	135.250000	0.006278	5.254600	1
47.803000	135.290000	-6.184200	5.254800	1
48.890000	134.150000	-2.565600	6.008400	1
48.855000	134.190000	-3.242400	6.008100	1
48.820000	134.230000	0.881190	6.008200	1
48.785000	134.270000	1.571000	6.008400	1
48.750000	134.310000	2.596800	6.008000	1
48.715000	134.350000	1.906700	6.008400	1
48.680000	134.390000	-0.150020	6.008300	1
48.644000	134.430000	4.999600	6.008100	1
48.609000	134.470000	1.215800	6.008400	1
48.574000	134.510000	0.185220	6.008100	1
48.539000	134.550000	-4.285400	6.008100	1
48.503000	134.590000	-2.905400	6.008400	1
48.468000	134.630000	-0.505830	6.008100	1
48.433000	134.670000	5.680300	6.008200	1
48.398000	134.710000	10.497000	6.008200	1
48.362000	134.750000	8.436800	6.007900	1
48.327000	134.790000	6.372900	6.008300	1
48.292000	134.830000	0.875910	6.008000	1
48.256000	134.870000	-7.719200	6.007900	1
48.221000	134.910000	-9.454600	6.008200	1
48.186000	134.950000	-9.107700	6.007900	1
48.150000	134.990000	-6.353600	6.008000	1
48.115000	135.030000	-3.599900	6.008100	1
48.079000	135.070000	-4.634100	6.008000	1
48.044000	135.110000	-3.596700	6.008200	1
48.008000	135.150000	-2.907000	6.008100	1
47.973000	135.190000	-0.160830	6.008000	1
47.937000	135.220000	-1.190800	6.008300	1
47.902000	135.260000	1.562700	6.008100	1
47.866000	135.300000	-2.571100	6.008300	1
47.831000	135.340000	-6.005200	6.008400	1
47.795000	135.380000	-4.631500	6.008400	1
47.760000	135.420000	-6.351500	6.009000	1
48.919000	134.210000	-3.543800	6.760200	1
48.884000	134.250000	-1.476700	6.759800	1
48.848000	134.290000	2.989400	6.759900	1
48.813000	134.330000	-1.484600	6.760100	1
48.778000	134.370000	-4.235400	6.759800	1
48.743000	134.410000	4.014900	6.760100	1
48.708000	134.450000	2.294500	6.760000	1
48.673000	134.490000	5.044100	6.759800	1
48.637000	134.530000	4.017700	6.760200	1
48.602000	134.570000	2.987200	6.759800	1
48.567000	134.610000	-3.547100	6.759800	1
48.532000	134.650000	-5.607600	6.760100	1
48.496000	134.690000	-1.823900	6.759800	1
48.461000	134.730000	-1.828000	6.759900	1
48.426000	134.770000	-0.110850	6.760000	1
48.390000	134.810000	8.131300	6.759700	1
48.355000	134.850000	1.954700	6.760100	1
48.320000	134.890000	0.616200	6.759700	1
48.284000	134.930000	-4.576800	6.759600	1
48.249000	134.970000	-8.025000	6.760000	1
48.214000	135.010000	-10.098000	6.759600	1
48.178000	135.050000	-5.611600	6.759700	1
48.143000	135.080000	-5.275600	6.759800	1
48.107000	135.120000	-3.902100	6.759700	1
48.072000	135.160000	-5.272400	6.759900	1
48.036000	135.200000	-4.582700	6.759800	1
48.001000	135.240000	-6.653300	6.759700	1
47.965000	135.280000	-1.832700	6.760000	1
47.930000	135.320000	-3.906900	6.759800	1
47.894000	135.360000	-1.156700	6.760000	1
47.859000	135.400000	-1.149300	6.760100	1
47.823000	135.440000	-6.657500	6.760100	1
47.787000	135.470000	-6.997400	6.760600	1
47.752000	135.510000	-7.337600	6.760600	1
48.983000	134.220000	-4.071100	7.519200	1
48.947000	134.260000	1.429100	7.519500	1
48.912000	134.300000	4.182400	7.519100	1
48.877000	134.340000	-0.981820	7.519200	1
48.842000	134.380000	-4.762300	7.519500	1
48.807000	134.420000	-4.422800	7.519100	1
48.772000	134.470000	-5.453100	7.519500	1
48.736000	134.510000	-5.099600	7.519300	1
48.701000	134.550000	-2.013500	7.519100	1
48.666000	134.590000	2.796600	7.519500	1
48.631000	134.630000	2.792300	7.519100	1
48.595000	134.670000	1.769500	7.519200	1
48.560000	134.710000	-0.640760	7.519400	1
48.525000	134.750000	-4.075300	7.519100	1
48.490000	134.790000	-0.977830	7.519200	1
48.454000	134.820000	0.738130	7.519300	1
48.419000	134.860000	6.237700	7.519000	1
48.383000	134.900000	1.073600	7.519400	1
48.348000	134.940000	6.573100	7.519000	1
48.313000	134.980000	-5.794300	7.518900	1
48.780000	134.810000	-5.958700	10.543000	1
48.745000	134.850000	-6.303100	10.542000	1
48.710000	134.890000	-2.872700	10.542000	1
48.674000	134.930000	-2.175200	10.543000	1
48.639000	134.970000	-0.463180	10.542000	1
48.603000	135.010000	6.406700	10.542000	1
48.568000	135.050000	0.222480	10.542000	1
48.532000	135.090000	-3.214500	10.542000	1
48.497000	135.130000	0.221880	10.543000	1
48.462000	135.170000	-3.215100	10.542000	1
48.426000	135.210000	-5.275900	10.542000	1
48.391000	135.250000	-2.185700	10.542000	1
48.355000	135.290000	-6.310600	10.542000	1
48.320000	135.330000	-7.337300	10.542000	1
48.284000	135.370000	-7.687800	10.542000	1
48.838000	134.930000	-6.462300	12.050000	1
48.802000	134.970000	-3.372000	12.049000	1
48.767000	135.010000	2.135800	12.049000	1
48.731000	135.050000	-0.958580	12.050000	1
48.696000	135.090000	-3.019200	12.049000	1
48.660000	135.130000	4.194900	12.049000	1
48.625000	135.170000	-0.261800	12.050000	1
48.590000	135.210000	-5.763100	12.049000	1
48.554000	135.250000	-4.744400	12.050000	1
48.519000	135.280000	-5.094900	12.049000	1
48.483000	135.320000	-3.367400	12.049000	1
48.447000	135.360000	-4.394000	12.049000	1
48.412000	135.400000	-5.096100	12.049000	1
48.376000	135.440000	-6.462900	12.049000	1
48.341000	135.480000	-3.708700	12.049000	1
48.305000	135.520000	-5.089400	12.049000	1
48.831000	135.030000	-8.482700	12.810000	1
48.796000	135.070000	-0.928700	12.810000	1
48.760000	135.110000	-0.925100	12.810000	1
48.725000	135.150000	-0.227810	12.810000	1
48.689000	135.190000	1.144400	12.810000	1
48.654000	135.220000	0.114080	12.810000	1
48.618000	135.260000	-2.625300	12.810000	1
48.583000	135.300000	-5.383700	12.810000	1
48.547000	135.340000	-5.384200	12.810000	1
48.512000	135.380000	-5.388300	12.810000	1
48.476000	135.420000	-3.663000	12.810000	1
48.441000	135.460000	-2.294500	12.809000	1
48.405000	135.500000	-5.739300	12.810000	1
48.370000	135.540000	-5.381900	12.810000	1
48.334000	135.580000	-5.385900	12.809000	1
48.298000	135.620000	-4.015700	12.810000	1
48.263000	135.660000	-2.982000	12.809000	1
48.227000	135.700000	-5.732900	12.810000	1
48.191000	135.730000	-7.107300	12.810000	1
48.860000	135.090000	-6.478000	13.568000	1
48.825000	135.130000	-7.516100	13.568000	1
48.789000	135.160000	-2.705100	13.568000	1
48.754000	135.200000	-0.295100	13.568000	1
48.718000	135.240000	0.040881	13.568000	1
48.683000	135.280000	-3.042200	13.568000	1
48.647000	135.320000	-4.766700	13.568000	1
48.612000	135.360000	-6.831300	13.568000	1
48.576000	135.400000	-5.453900	13.568000	1
48.541000	135.440000	-3.405000	13.568000	1
48.505000	135.480000	-2.703900	13.568000	1
48.470000	135.520000	-5.798800	13.568000	1
48.434000	135.560000	-5.802800	13.568000	1
48.398000	135.600000	-3.044700	13.568000	1
48.363000	135.640000	-4.429100	13.568000	1
48.327000	135.680000	-5.459400	13.568000	1
48.291000	135.720000	-5.459800	13.568000	1
48.854000	135.180000	-7.266800	14.320000	1
48.818000	135.220000	-6.244300	14.320000	1
48.783000	135.260000	-2.459900	14.320000	1
48.747000	135.300000	0.987730	14.320000	1
48.712000	135.340000	-2.106600	14.320000	1
48.676000	135.380000	-4.525100	14.320000	1
48.641000	135.420000	-4.177600	14.320000	1
48.605000	135.460000	1.330200	14.320000	1
48.569000	135.500000	-0.405410	14.320000	1
48.534000	135.540000	-5.889100	14.320000	1
48.498000	135.580000	-4.179000	14.320000	1
48.463000	135.620000	-5.553300	14.320000	1
48.427000	135.660000	-5.897600	14.320000	1
48.883000	135.240000	-8.669900	15.081000	1
48.848000	135.280000	-4.538500	15.081000	1
48.812000	135.320000	-1.788300	15.081000	1
48.777000	135.360000	-2.490100	15.081000	1
48.741000	135.400000	0.615190	15.081000	1
48.705000	135.440000	-5.570200	15.081000	1
48.670000	135.480000	2.674600	15.081000	1
48.634000	135.520000	0.606490	15.081000	1
48.599000	135.560000	-7.291900	15.081000	1
48.563000	135.600000	-6.254000	15.081000	1
48.527000	135.640000	-5.579300	15.081000	1
48.492000	135.680000	-5.560600	15.081000	1
48.456000	135.720000	-7.643000	15.081000	1