La	Lo	Sig	Theta	Ice
62.706000	130.960000	-9.644500	-11.365000	1
62.796000	131.030000	-8.284100	-9.848300	1
62.885000	131.110000	-8.404700	-8.337400	1
63.018000	131.220000	-8.952800	-6.071400	1
63.105000	131.290000	-7.891300	-4.561200	1
63.089000	131.380000	-7.544900	-4.561100	1
63.074000	131.470000	-8.231500	-4.561100	1
63.058000	131.560000	-8.575200	-4.561200	1
63.043000	131.650000	-8.231900	-4.561000	1
63.027000	131.740000	-9.952200	-4.561300	1
63.011000	131.830000	-8.232200	-4.561100	1
62.995000	131.920000	-9.262700	-4.560900	1
62.979000	132.010000	-9.262600	-4.561300	1
62.963000	132.100000	-8.926600	-4.561000	1
62.947000	132.190000	-9.603500	-4.561000	1
62.931000	132.280000	-9.607200	-4.561100	1
62.915000	132.370000	-8.927600	-4.560700	1
62.898000	132.460000	-9.267700	-4.560900	1
62.882000	132.550000	-10.298000	-4.560800	1
62.866000	132.640000	-8.924600	-4.560500	1
62.849000	132.730000	-9.264500	-4.561000	1
62.833000	132.820000	-9.264900	-4.560800	1
62.816000	132.910000	-9.265300	-4.560700	1
62.800000	132.990000	-9.605400	-4.561100	1
62.783000	133.080000	-8.925900	-4.560600	1
62.766000	133.170000	-9.606100	-4.560800	1
62.749000	133.260000	-8.926300	-4.560900	1
62.732000	133.350000	-8.926700	-4.560600	1
62.716000	133.440000	-7.206500	-4.561000	1
62.699000	133.530000	-8.237000	-4.560800	1
62.682000	133.610000	-5.827000	-4.560600	1
62.664000	133.700000	-8.927600	-4.560900	1
62.647000	133.790000	-9.268100	-4.560600	1
62.630000	133.880000	-8.931600	-4.560800	1
62.613000	133.970000	-9.962200	-4.560800	1
62.595000	134.050000	-9.272400	-4.560600	1
62.578000	134.140000	-8.242100	-4.560800	1
62.561000	134.230000	-8.242400	-4.560700	1
62.543000	134.320000	-7.902700	-4.560500	1
62.526000	134.400000	-8.242800	-4.560700	1
62.508000	134.490000	-7.552900	-4.560500	1
62.490000	134.580000	-7.212800	-4.560800	1
62.472000	134.660000	-7.903000	-4.560700	1
62.455000	134.750000	-8.583300	-4.560600	1
62.437000	134.840000	-6.519200	-4.560800	1
62.419000	134.920000	-6.859400	-4.560700	1
62.401000	135.010000	-7.209500	-4.560600	1
62.383000	135.100000	-7.902900	-4.560900	1
62.365000	135.180000	-9.613300	-4.560700	1
62.347000	135.270000	-7.212500	-4.560900	1
62.328000	135.350000	-5.832300	-4.560800	1
62.310000	135.440000	-5.492400	-4.560500	1
62.292000	135.530000	-5.832100	-4.560900	1
62.274000	135.610000	-6.858500	-4.560800	1
62.255000	135.700000	-5.488400	-4.560500	1
62.237000	135.780000	-2.047700	-4.560900	1
62.218000	135.870000	5.162400	-4.560500	1
62.199000	135.950000	-5.831300	-4.560600	1
62.181000	136.040000	-6.177600	-4.560700	1
62.162000	136.120000	-5.487700	-4.560200	1
62.143000	136.210000	-7.904700	-4.560700	1
62.124000	136.290000	-6.864400	-4.560800	1
62.106000	136.380000	-6.180800	-4.560400	1
62.087000	136.460000	-6.184000	-4.560900	1
62.068000	136.550000	-5.830500	-4.560600	1
62.049000	136.630000	-5.833900	-4.560700	1
62.030000	136.720000	-5.497200	-4.560800	1
62.010000	136.800000	-6.867500	-4.560600	1
61.991000	136.880000	-7.557400	-4.560800	1
61.972000	136.970000	-5.840600	-4.560900	1
61.953000	137.050000	-6.187400	-4.560600	1
63.149000	131.330000	-8.159300	-3.805300	1
63.133000	131.420000	-7.819400	-3.805200	1
63.117000	131.510000	-8.159500	-3.805200	1
63.102000	131.600000	-7.129400	-3.805300	1
63.086000	131.690000	-8.163400	-3.805100	1
63.070000	131.780000	-8.850000	-3.805400	1
63.054000	131.870000	-7.130000	-3.805100	1
63.038000	131.960000	-8.510600	-3.805000	1
63.022000	132.050000	-9.544200	-3.805400	1
63.006000	132.140000	-9.191200	-3.805000	1
62.990000	132.230000	-10.915000	-3.805100	1
62.974000	132.320000	-8.511300	-3.805200	1
62.958000	132.410000	-8.852000	-3.804800	1
62.942000	132.500000	-8.855400	-3.805000	1
62.925000	132.590000	-9.195900	-3.804900	1
62.909000	132.680000	-7.826200	-3.804600	1
62.892000	132.770000	-8.512400	-3.805000	1
62.876000	132.860000	-9.883000	-3.804900	1
62.859000	132.940000	-8.853100	-3.804800	1
62.843000	133.030000	-8.509600	-3.805200	1
62.826000	133.120000	-10.224000	-3.804700	1
62.809000	133.210000	-8.853800	-3.804900	1
62.792000	133.300000	-10.224000	-3.805000	1
62.776000	133.390000	-8.514600	-3.804700	1
62.759000	133.480000	-9.194700	-3.805100	1
62.742000	133.570000	-7.134800	-3.804900	1
62.724000	133.650000	-6.441600	-3.804700	1
62.707000	133.740000	-9.195700	-3.805000	1
62.690000	133.830000	-7.825700	-3.804700	1
62.673000	133.920000	-9.199500	-3.804900	1
62.656000	134.010000	-8.169600	-3.804900	1
62.638000	134.090000	-7.479800	-3.804700	1
62.621000	134.180000	-8.520000	-3.804900	1
62.603000	134.270000	-8.860300	-3.804700	1
62.586000	134.360000	-8.520500	-3.804600	1
62.568000	134.440000	-8.520600	-3.804800	1
62.551000	134.530000	-8.520800	-3.804600	1
62.533000	134.620000	-7.480600	-3.804900	1
62.515000	134.700000	-8.860800	-3.804800	1
62.497000	134.790000	-7.480800	-3.804700	1
62.479000	134.880000	-7.830700	-3.804900	1
62.461000	134.960000	-6.450600	-3.804800	1
62.443000	135.050000	-8.170900	-3.804700	1
62.425000	135.140000	-6.450300	-3.805000	1
62.407000	135.220000	-6.110400	-3.804800	1
62.389000	135.310000	-7.483800	-3.805000	1
62.371000	135.400000	-5.079800	-3.804900	1
62.353000	135.480000	-5.420000	-3.804600	1
62.334000	135.570000	-4.389500	-3.805000	1
62.316000	135.650000	-7.139700	-3.804900	1
62.297000	135.740000	-6.446200	-3.804600	1
62.279000	135.830000	2.834700	-3.805000	1
62.260000	135.910000	0.088073	-3.804600	1
62.242000	136.000000	-5.765400	-3.804700	1
62.223000	136.080000	-5.075100	-3.804800	1
62.204000	136.170000	-3.695300	-3.804400	1
62.185000	136.250000	-4.048300	-3.804800	1
62.167000	136.340000	-5.418200	-3.804900	1
62.148000	136.420000	-5.418400	-3.804600	1
62.129000	136.510000	-6.801600	-3.805000	1
62.110000	136.590000	-6.451600	-3.804800	1
62.091000	136.670000	-5.081400	-3.804800	1
62.072000	136.760000	-6.111300	-3.805000	1
62.052000	136.840000	-5.421300	-3.804700	1
63.192000	131.360000	-2.569000	-3.049100	1
63.177000	131.450000	-7.029400	-3.048900	1
63.161000	131.540000	-7.719600	-3.049000	1
63.145000	131.630000	-7.029500	-3.049100	1
63.129000	131.730000	-7.029900	-3.048900	1
63.114000	131.820000	-5.309700	-3.049200	1
63.098000	131.910000	-6.690200	-3.048900	1
63.082000	132.000000	-8.750800	-3.048700	1
63.066000	132.090000	-6.350400	-3.049100	1
63.050000	132.180000	-9.441300	-3.048800	1
63.034000	132.270000	-9.101400	-3.048800	1
63.017000	132.360000	-9.785000	-3.049000	1
63.001000	132.450000	-9.102100	-3.048600	1
62.985000	132.540000	-8.755400	-3.048800	1
62.969000	132.630000	-8.415700	-3.048700	1
62.952000	132.720000	-9.106400	-3.048300	1
62.936000	132.810000	-8.756300	-3.048800	1
62.919000	132.890000	-9.446700	-3.048700	1
62.902000	132.980000	-8.416900	-3.048500	1
62.886000	133.070000	-8.059700	-3.048900	1
62.869000	133.160000	-9.784000	-3.048500	1
62.852000	133.250000	-9.103900	-3.048700	1
62.835000	133.340000	-8.414100	-3.048800	1
62.818000	133.430000	-8.414600	-3.048500	1
62.801000	133.520000	-7.724400	-3.048900	1
62.784000	133.610000	-5.664600	-3.048700	1
62.767000	133.690000	-9.445400	-3.048500	1
62.750000	133.780000	-8.065300	-3.048700	1
62.733000	133.870000	-8.415800	-3.048500	1
62.716000	133.960000	-8.755900	-3.048700	1
62.698000	134.050000	-8.069400	-3.048700	1
62.681000	134.130000	-7.726300	-3.048500	1
62.664000	134.220000	-8.419700	-3.048700	1
62.646000	134.310000	-8.756800	-3.048500	1
62.629000	134.400000	-8.420200	-3.048400	1
62.611000	134.480000	-7.730200	-3.048600	1
62.593000	134.570000	-7.390400	-3.048400	1
62.575000	134.660000	-7.730300	-3.048700	1
62.558000	134.750000	-7.730300	-3.048600	1
62.540000	134.830000	-7.390500	-3.048400	1
62.522000	134.920000	-7.727000	-3.048700	1
62.504000	135.010000	-4.636900	-3.048500	1
62.486000	135.090000	-8.070500	-3.048500	1
62.468000	135.180000	-7.040100	-3.048800	1
62.450000	135.270000	-6.700100	-3.048500	1
62.431000	135.350000	-6.699900	-3.048800	1
62.413000	135.440000	-7.039800	-3.048700	1
62.395000	135.520000	-6.013200	-3.048400	1
62.377000	135.610000	-4.982700	-3.048800	1
62.358000	135.700000	-4.285700	-3.048700	1
62.340000	135.780000	0.174500	-3.048400	1
62.321000	135.870000	3.278300	-3.048800	1
62.303000	135.950000	-4.285300	-3.048400	1
62.284000	136.040000	-4.635100	-3.048500	1
62.265000	136.120000	-3.258100	-3.048600	1
62.246000	136.210000	-3.948400	-3.048200	1
62.228000	136.290000	-3.254500	-3.048600	1
62.209000	136.380000	-2.917700	-3.048700	1
62.190000	136.460000	-4.287900	-3.048400	1
62.171000	136.550000	-3.947500	-3.048800	1
62.152000	136.630000	-4.290900	-3.048600	1
62.133000	136.720000	-3.260800	-3.048600	1
62.113000	136.800000	-5.667400	-3.048800	1
62.094000	136.890000	-7.737800	-3.048500	1
62.075000	136.970000	-6.704000	-3.048800	1
62.056000	137.060000	-6.707200	-3.048800	1
63.235000	131.400000	-5.526100	-2.297400	1
63.220000	131.490000	-7.586500	-2.297300	1
63.204000	131.580000	-6.906500	-2.297300	1
63.188000	131.670000	-6.906600	-2.297400	1
63.173000	131.760000	-6.907000	-2.297200	1
63.157000	131.850000	-4.836700	-2.297500	1
63.141000	131.940000	-4.837100	-2.297200	1
63.125000	132.030000	-9.307900	-2.297100	1
63.109000	132.120000	-8.617700	-2.297500	1
63.093000	132.220000	-7.938100	-2.297100	1
63.077000	132.310000	-8.968400	-2.297200	1
63.060000	132.400000	-9.658700	-2.297300	1
63.044000	132.490000	-8.969100	-2.296900	1
63.028000	132.570000	-8.282200	-2.297200	1
63.011000	132.660000	-8.619400	-2.297100	1
62.995000	132.750000	-8.279900	-2.296700	1
62.978000	132.840000	-8.619800	-2.297200	1
62.962000	132.930000	-8.283200	-2.297000	1
62.945000	133.020000	-7.940500	-2.296900	1
62.928000	133.110000	-9.663900	-2.297300	1
62.912000	133.200000	-10.345000	-2.296900	1
62.895000	133.290000	-10.005000	-2.297100	1
62.878000	133.380000	-9.314700	-2.297100	1
62.861000	133.470000	-8.618200	-2.296900	1
62.844000	133.560000	-6.217900	-2.297200	1
62.827000	133.640000	-9.308700	-2.297100	1
62.810000	133.730000	-8.282100	-2.296900	1
62.793000	133.820000	-8.972200	-2.297100	1
62.775000	133.910000	-9.312800	-2.296900	1
62.758000	134.000000	-8.972700	-2.297100	1
62.741000	134.090000	-6.222600	-2.297100	1
62.723000	134.170000	-8.283100	-2.296900	1
62.706000	134.260000	-5.872800	-2.297100	1
62.688000	134.350000	-5.873100	-2.296900	1
62.671000	134.440000	-6.913400	-2.296800	1
62.653000	134.520000	-7.253500	-2.296900	1
62.636000	134.610000	-7.253800	-2.296700	1
62.618000	134.700000	-7.593600	-2.297100	1
62.600000	134.790000	-5.193500	-2.297000	1
62.582000	134.870000	-6.913800	-2.296800	1
62.564000	134.960000	-4.506600	-2.297100	1
62.546000	135.050000	-5.193600	-2.296900	1
62.528000	135.130000	-3.473400	-2.296900	1
62.510000	135.220000	-8.623600	-2.297200	1
62.492000	135.310000	-7.596700	-2.296900	1
62.474000	135.390000	-7.253200	-2.297100	1
62.455000	135.480000	-7.596300	-2.297100	1
62.437000	135.570000	-7.256400	-2.296800	1
62.419000	135.650000	-0.385650	-2.297100	1
62.400000	135.740000	-1.062500	-2.297000	1
62.382000	135.820000	2.367600	-2.296800	1
62.363000	135.910000	-1.752000	-2.297200	1
62.344000	136.000000	-2.785300	-2.296800	1
62.326000	136.080000	-3.811500	-2.296900	1
62.307000	136.170000	-4.841300	-2.297000	1
62.288000	136.250000	-3.474700	-2.296600	1
62.269000	136.340000	-4.844300	-2.296900	1
62.250000	136.420000	-4.844100	-2.297100	1
62.231000	136.510000	-4.501000	-2.296800	1
62.212000	136.590000	-2.443800	-2.297100	1
62.193000	136.680000	-1.063800	-2.296900	1
62.174000	136.760000	-4.503900	-2.297000	1
62.155000	136.850000	-5.536900	-2.297100	1
62.136000	136.930000	-5.877000	-2.296900	1
62.117000	137.010000	-7.600100	-2.297100	1
63.279000	131.440000	-4.122400	-1.542200	1
63.263000	131.530000	-6.525700	-1.542100	1
62.766000	134.210000	1.368400	-1.541700	1
62.749000	134.300000	3.778500	-1.542000	1
62.731000	134.390000	3.428200	-1.541800	1
62.713000	134.480000	6.528000	-1.541700	1
62.696000	134.570000	7.207900	-1.541800	1
62.678000	134.650000	5.487700	-1.541600	1
62.660000	134.740000	6.177900	-1.541900	1
62.642000	134.830000	6.177800	-1.541900	1
62.624000	134.920000	8.237600	-1.541700	1
62.606000	135.000000	6.527800	-1.542000	1
62.588000	135.090000	5.147700	-1.541800	1
62.570000	135.180000	1.367800	-1.541800	1
62.552000	135.260000	-0.001971	-1.542000	1
62.534000	135.350000	-2.412100	-1.541800	1
62.516000	135.440000	-7.225000	-1.542000	1
62.497000	135.520000	-8.605100	-1.542000	1
62.479000	135.610000	7.558300	-1.541600	1
62.461000	135.690000	7.558700	-1.542000	1
62.442000	135.780000	2.058700	-1.541900	1
62.424000	135.870000	-0.691320	-1.541700	1
62.405000	135.950000	1.369100	-1.542000	1
62.386000	136.040000	-1.381000	-1.541700	1
62.368000	136.120000	-3.443800	-1.541800	1
62.349000	136.210000	-4.473600	-1.541900	1
62.330000	136.300000	-3.793800	-1.541400	1
62.311000	136.380000	-5.506400	-1.541800	1
62.292000	136.470000	-5.502500	-1.541900	1
62.273000	136.550000	-4.472600	-1.541600	1
63.322000	131.470000	6.513500	-0.793380	1
63.306000	131.560000	5.487200	-0.793310	1
63.291000	131.660000	10.987000	-0.793310	1
63.275000	131.750000	7.887000	-0.793450	1
63.259000	131.840000	5.486700	-0.793180	1
63.243000	131.930000	6.856600	-0.793490	1
63.227000	132.020000	5.136300	-0.793230	1
63.211000	132.110000	5.826000	-0.793060	1
63.195000	132.200000	6.176000	-0.793430	1
63.179000	132.290000	3.422900	-0.793170	1
62.808000	134.260000	14.758000	-0.792960	1
62.791000	134.340000	14.068000	-0.793180	1
62.773000	134.430000	15.098000	-0.793020	1
62.756000	134.520000	16.477000	-0.792950	1
62.738000	134.610000	13.731000	-0.793010	1
62.720000	134.690000	12.701000	-0.792830	1
62.702000	134.780000	9.600900	-0.793130	1
62.684000	134.870000	9.600800	-0.793100	1
62.667000	134.960000	9.948000	-0.792920	1
62.649000	135.040000	9.600800	-0.793200	1
62.630000	135.130000	10.288000	-0.793040	1
62.612000	135.220000	8.568200	-0.793000	1
62.594000	135.300000	12.348000	-0.793250	1
62.576000	135.390000	6.168400	-0.793020	1
62.558000	135.480000	8.228600	-0.793210	1
62.539000	135.560000	11.659000	-0.793220	1
62.521000	135.650000	11.319000	-0.792860	1
62.503000	135.740000	6.169000	-0.793220	1
62.484000	135.820000	-1.741000	-0.793150	1
62.465000	135.910000	-0.020900	-0.792930	1
63.365000	131.510000	17.003000	0.117560	1
63.349000	131.600000	20.103000	0.118020	1
63.334000	131.690000	22.500000	0.117490	1
63.318000	131.780000	21.473000	0.117860	1
63.302000	131.880000	21.812000	0.117910	1
63.286000	131.970000	22.160000	0.117600	1
63.270000	132.060000	18.032000	0.118090	1
63.254000	132.150000	18.379000	0.117830	1
63.238000	132.240000	20.779000	0.117860	1
63.222000	132.330000	21.809000	0.118350	1
63.205000	132.420000	-4.991700	0.117910	1
62.851000	134.300000	22.155000	0.118510	1
62.833000	134.380000	21.125000	0.118280	1
62.815000	134.470000	21.805000	0.118800	1
62.798000	134.560000	22.155000	0.118270	1
62.780000	134.650000	18.025000	0.118440	1
62.762000	134.740000	15.274000	0.118640	1
62.744000	134.820000	15.624000	0.118230	1
62.727000	134.910000	16.314000	0.118670	1
62.709000	135.000000	22.494000	0.118510	1
62.691000	135.090000	13.564000	0.118310	1
62.672000	135.170000	19.404000	0.118810	1
62.654000	135.260000	18.024000	0.118280	1
62.636000	135.350000	20.435000	0.118380	1
62.618000	135.430000	21.125000	0.118590	1
62.600000	135.520000	20.095000	0.118120	1
62.581000	135.610000	20.435000	0.118580	1
62.563000	135.690000	12.535000	0.118470	1
62.544000	135.780000	13.565000	0.118260	1
62.526000	135.870000	-1.907300	0.118790	1
62.507000	135.950000	-1.567200	0.118350	1
63.408000	131.550000	14.371000	0.732080	1
63.393000	131.640000	11.971000	0.732340	1
63.377000	131.730000	20.901000	0.732120	1
63.361000	131.820000	13.001000	0.732100	1
63.345000	131.910000	12.661000	0.732430	1
63.329000	132.010000	13.690000	0.731960	1
63.313000	132.100000	8.530400	0.732440	1
63.297000	132.190000	10.590000	0.732560	1
63.281000	132.280000	11.970000	0.732150	1
63.265000	132.370000	9.557100	0.732610	1
63.066000	133.450000	12.994000	0.732500	1
63.049000	133.540000	10.584000	0.732590	1
63.032000	133.630000	8.184000	0.732760	1
63.015000	133.720000	3.713600	0.732410	1
62.997000	133.810000	0.273460	0.732690	1
62.980000	133.890000	-0.066769	0.732680	1
62.963000	133.980000	10.243000	0.732640	1
62.946000	134.070000	10.583000	0.732890	1
62.928000	134.160000	11.963000	0.732550	1
62.911000	134.250000	13.683000	0.732700	1
62.893000	134.340000	10.243000	0.732840	1
62.876000	134.430000	9.902300	0.732500	1
62.858000	134.510000	7.495800	0.732890	1
62.840000	134.600000	6.463000	0.732740	1
62.822000	134.690000	10.583000	0.732760	1
62.805000	134.780000	5.773000	0.733050	1
62.787000	134.870000	9.902800	0.732550	1
62.769000	134.950000	7.152800	0.732730	1
62.751000	135.040000	15.743000	0.732890	1
62.733000	135.130000	9.212700	0.732490	1
62.715000	135.210000	11.273000	0.732850	1
62.697000	135.300000	8.522900	0.732680	1
62.678000	135.390000	12.653000	0.732470	1
62.660000	135.480000	19.523000	0.732790	1
62.642000	135.560000	16.083000	0.732420	1
62.623000	135.650000	10.933000	0.732550	1
62.605000	135.740000	-0.066427	0.732930	1
62.586000	135.820000	9.213600	0.732460	1
62.568000	135.910000	0.273780	0.732720	1
62.549000	136.000000	-3.508800	0.732790	1
63.452000	131.590000	0.329140	1.487300	1
63.126000	133.400000	-0.017444	1.488000	1
63.109000	133.490000	-0.707910	1.487700	1
63.092000	133.580000	2.722000	1.487700	1
63.074000	133.670000	-0.368150	1.487900	1
63.057000	133.760000	-1.398600	1.487600	1
63.040000	133.850000	-3.805100	1.487800	1
63.023000	133.940000	7.544800	1.487800	1
63.006000	134.020000	9.944600	1.487800	1
62.988000	134.110000	5.471700	1.488000	1
62.971000	134.200000	8.914300	1.487700	1
62.953000	134.290000	1.351200	1.487800	1
62.936000	134.380000	2.041200	1.488000	1
62.918000	134.470000	1.693700	1.487700	1
62.901000	134.560000	0.320970	1.488000	1
62.883000	134.640000	-0.019175	1.487900	1
62.865000	134.730000	-0.709250	1.487900	1
62.847000	134.820000	-2.089200	1.488200	1
62.829000	134.910000	3.070500	1.487700	1
62.811000	135.000000	4.100600	1.487900	1
62.793000	135.080000	1.010700	1.488000	1
62.775000	135.170000	2.040500	1.487700	1
62.757000	135.260000	-2.089300	1.488000	1
62.739000	135.340000	-0.019282	1.487800	1
62.721000	135.430000	0.320670	1.487600	1
62.702000	135.520000	-4.489200	1.487900	1
62.684000	135.610000	-4.492100	1.487600	1
62.666000	135.690000	-6.552100	1.487700	1
62.647000	135.780000	-4.151500	1.488100	1
62.629000	135.870000	-2.091600	1.487600	1
62.610000	135.950000	3.068800	1.487900	1
62.591000	136.040000	-2.431100	1.487900	1
62.573000	136.130000	-4.491200	1.487700	1
62.554000	136.210000	2.039300	1.488000	1
62.535000	136.300000	0.319340	1.487800	1
62.516000	136.380000	-4.840700	1.487800	1
62.497000	136.470000	-4.839600	1.488200	1
62.478000	136.550000	-5.179800	1.487800	1
62.459000	136.640000	-5.519900	1.487800	1
62.440000	136.730000	-4.492700	1.487900	1
62.421000	136.810000	-4.152900	1.487700	1
63.495000	131.620000	-7.356100	2.236600	1
63.479000	131.720000	-7.016000	2.236800	1
63.463000	131.810000	-2.546100	2.236600	1
63.447000	131.900000	-5.296400	2.236500	1
63.431000	131.990000	-2.546200	2.236900	1
63.415000	132.080000	-7.357000	2.236400	1
63.399000	132.170000	-7.016800	2.236800	1
63.383000	132.260000	-5.296800	2.237000	1
63.367000	132.360000	-4.947300	2.236600	1
63.351000	132.450000	0.553060	2.237000	1
62.781000	135.390000	-3.241200	2.237000	1
62.762000	135.470000	-2.554400	2.236800	1
62.744000	135.560000	-4.614100	2.237100	1
62.726000	135.650000	-4.954300	2.236800	1
62.707000	135.740000	-5.984100	2.236900	1
62.689000	135.820000	-4.953600	2.237300	1
62.670000	135.910000	-5.303800	2.236800	1
62.652000	136.000000	-2.549900	2.237100	1
62.633000	136.080000	2.260400	2.237100	1
62.614000	136.170000	-2.889700	2.236900	1
62.595000	136.250000	-4.269300	2.237200	1
62.577000	136.340000	0.547700	2.237000	1
62.558000	136.430000	0.200920	2.237000	1
62.539000	136.510000	-3.581800	2.237400	1
62.520000	136.600000	-5.982300	2.237100	1
62.501000	136.680000	-6.335500	2.237000	1
62.481000	136.770000	-7.368700	2.237100	1
62.462000	136.860000	-5.302500	2.236900	1
62.443000	136.940000	-2.555300	2.237100	1
62.424000	137.030000	-5.985600	2.236900	1
62.404000	137.110000	-7.025800	2.236800	1
62.385000	137.200000	-7.705800	2.237000	1
62.366000	137.280000	-0.832500	2.236700	1
62.346000	137.370000	0.547610	2.236900	1
62.326000	137.450000	-2.552400	2.236900	1
62.307000	137.530000	0.194390	2.236800	1
62.287000	137.620000	0.194370	2.237000	1
62.267000	137.700000	-4.276100	2.236800	1
63.177000	133.660000	-6.730100	2.993300	1
63.160000	133.750000	-3.980000	2.993500	1
63.142000	133.840000	-0.890270	2.993200	1
63.125000	133.930000	-2.607000	2.993400	1
63.108000	134.020000	3.579600	2.993400	1
63.090000	134.110000	0.489380	2.993400	1
63.073000	134.200000	-3.640700	2.993600	1
63.056000	134.280000	-3.291100	2.993300	1
63.038000	134.370000	-1.921100	2.993400	1
63.020000	134.460000	-0.541060	2.993600	1
63.003000	134.550000	-0.201420	2.993200	1
62.985000	134.640000	-1.921200	2.993600	1
62.967000	134.730000	-2.951500	2.993400	1
62.949000	134.820000	-5.701700	2.993500	1
62.932000	134.900000	-7.071700	2.993800	1
62.914000	134.990000	-5.351900	2.993300	1
62.896000	135.080000	-4.675100	2.993400	1
62.877000	135.170000	0.485260	2.993600	1
62.859000	135.260000	1.178300	2.993200	1
62.841000	135.340000	-4.324900	2.993500	1
62.823000	135.430000	-4.674900	2.993400	1
62.805000	135.520000	-5.015000	2.993200	1
62.786000	135.600000	-5.351200	2.993500	1
62.768000	135.690000	-3.291200	2.993200	1
62.749000	135.780000	-6.041200	2.993200	1
62.731000	135.870000	-6.730700	2.993600	1
62.712000	135.950000	-5.010800	2.993200	1
62.694000	136.040000	-5.350500	2.993400	1
62.675000	136.130000	-4.673600	2.993500	1
62.656000	136.210000	1.519900	2.993300	1
63.581000	131.700000	-6.769200	3.748100	1
63.565000	131.790000	-6.419100	3.748400	1
63.550000	131.890000	-6.079400	3.748100	1
63.534000	131.980000	-6.079600	3.748100	1
63.518000	132.070000	-4.019400	3.748400	1
63.502000	132.160000	-6.420100	3.747900	1
63.486000	132.250000	-7.800200	3.748400	1
63.469000	132.340000	-7.450100	3.748500	1
63.453000	132.430000	-6.420500	3.748200	1
63.437000	132.530000	-7.800500	3.748600	1
63.420000	132.620000	-7.107100	3.748400	1
63.404000	132.710000	-6.077200	3.748300	1
63.388000	132.800000	-5.387100	3.748700	1
63.371000	132.890000	-4.353900	3.748400	1
63.354000	132.980000	-4.014100	3.748500	1
63.338000	133.070000	-5.044000	3.748800	1
63.321000	133.160000	-5.738100	3.748400	1
63.304000	133.250000	-3.668000	3.748600	1
63.287000	133.340000	-6.078500	3.748600	1
63.270000	133.430000	-5.048800	3.748400	1
63.254000	133.520000	-6.418900	3.748700	1
63.236000	133.610000	-2.639000	3.748400	1
63.219000	133.700000	-6.079400	3.748500	1
63.202000	133.790000	-6.769600	3.748600	1
63.185000	133.880000	-7.450000	3.748300	1
63.168000	133.970000	-7.110000	3.748600	1
63.150000	134.060000	-6.420100	3.748500	1
63.133000	134.150000	-5.390200	3.748500	1
63.116000	134.240000	-4.700100	3.748700	1
63.098000	134.330000	-4.360400	3.748500	1
63.080000	134.420000	-6.770700	3.748600	1
63.063000	134.500000	-4.020500	3.748700	1
63.045000	134.590000	-3.670800	3.748400	1
63.027000	134.680000	-6.080700	3.748700	1
63.010000	134.770000	-6.424400	3.748600	1
62.992000	134.860000	-3.330800	3.748600	1
62.974000	134.950000	-5.740800	3.748900	1
62.956000	135.030000	-7.114800	3.748400	1
62.938000	135.120000	-6.421200	3.748600	1
62.920000	135.210000	-5.394400	3.748700	1
62.902000	135.300000	-3.671000	3.748400	1
62.883000	135.390000	-2.300700	3.748700	1
62.865000	135.470000	-5.390900	3.748500	1
62.847000	135.560000	-5.050900	3.748300	1
62.828000	135.650000	-5.390600	3.748600	1
62.810000	135.740000	-5.390700	3.748300	1
62.791000	135.820000	-4.700400	3.748400	1
62.773000	135.910000	-4.363400	3.748800	1
62.754000	136.000000	-5.740200	3.748300	1
62.736000	136.080000	-5.739900	3.748500	1
62.717000	136.170000	-5.049700	3.748600	1
62.698000	136.260000	-4.363100	3.748400	1
62.679000	136.340000	-2.992600	3.748700	1
62.660000	136.430000	-4.022600	3.748500	1
62.641000	136.520000	-5.052700	3.748400	1
62.622000	136.600000	-4.025700	3.748800	1
62.603000	136.690000	-4.026000	3.748500	1
62.584000	136.770000	-4.706100	3.748500	1
62.565000	136.860000	-4.026000	3.748600	1
62.546000	136.940000	-4.026200	3.748400	1
62.526000	137.030000	-2.996100	3.748500	1
62.507000	137.120000	-4.366400	3.748400	1
62.488000	137.200000	-6.433600	3.748300	1
62.468000	137.290000	-7.467100	3.748400	1
63.625000	131.740000	-7.280500	4.501800	1
63.609000	131.830000	-6.930400	4.502100	1
63.593000	131.920000	-5.560600	4.501800	1
63.577000	132.020000	-5.560700	4.501800	1
63.561000	132.110000	-4.870600	4.502200	1
63.545000	132.200000	-7.281400	4.501700	1
63.529000	132.290000	-7.281300	4.502100	1
63.512000	132.380000	-6.587600	4.502300	1
63.496000	132.470000	-7.618200	4.502000	1
63.480000	132.570000	-6.247900	4.502300	1
63.463000	132.660000	-4.868000	4.502200	1
63.447000	132.750000	-5.894900	4.502100	1
63.431000	132.840000	-5.894800	4.502400	1
63.414000	132.930000	-5.558700	4.502100	1
63.397000	133.020000	-3.838700	4.502200	1
63.381000	133.110000	-1.434900	4.502600	1
63.364000	133.200000	-3.145500	4.502200	1
63.347000	133.290000	-2.809100	4.502400	1
63.330000	133.380000	-5.219600	4.502300	1
63.313000	133.470000	-6.590100	4.502200	1
63.296000	133.560000	-6.933600	4.502500	1
63.279000	133.650000	-5.903900	4.502200	1
63.262000	133.740000	-5.220400	4.502200	1
63.245000	133.830000	-7.280800	4.502400	1
63.228000	133.920000	-7.281100	4.502100	1
63.210000	134.010000	-7.974900	4.502300	1
63.193000	134.100000	-7.281400	4.502300	1
63.176000	134.190000	-6.934900	4.502300	1
63.158000	134.280000	-5.901300	4.502500	1
63.141000	134.370000	-6.931700	4.502200	1
63.123000	134.460000	-5.561600	4.502300	1
63.105000	134.550000	-5.221600	4.502500	1
63.088000	134.640000	-6.252100	4.502100	1
63.070000	134.720000	-4.875200	4.502500	1
63.052000	134.810000	-6.932100	4.502300	1
63.034000	134.900000	-6.595600	4.502300	1
63.016000	134.990000	-5.565400	4.502700	1
62.998000	135.080000	-5.902300	4.502200	1
62.980000	135.170000	-4.532100	4.502300	1
62.962000	135.250000	-7.282300	4.502500	1
62.944000	135.340000	-4.872200	4.502100	1
62.925000	135.430000	-2.811800	4.502400	1
62.907000	135.520000	-1.091800	4.502200	1
62.889000	135.600000	-6.255800	4.502100	1
62.870000	135.690000	-5.901700	4.502400	1
62.852000	135.780000	-5.561800	4.502100	1
62.833000	135.870000	-5.905200	4.502100	1
62.815000	135.950000	-5.221100	4.502500	1
62.796000	136.040000	-4.184800	4.502100	1
62.777000	136.130000	-4.534500	4.502300	1
62.759000	136.210000	-4.874400	4.502300	1
62.740000	136.300000	-5.224300	4.502200	1
62.721000	136.390000	-4.180400	4.502400	1
62.702000	136.470000	-4.533900	4.502300	1
62.683000	136.560000	-4.533900	4.502200	1
62.664000	136.650000	-4.877200	4.502600	1
62.645000	136.730000	-6.597600	4.502300	1
62.626000	136.820000	-6.254100	4.502300	1
62.607000	136.900000	-5.231100	4.502300	1
62.587000	136.990000	-4.191100	4.502200	1
62.568000	137.080000	-5.911300	4.502300	1
63.668000	131.780000	-7.111800	5.256800	1
63.652000	131.870000	-6.081600	5.257200	1
63.636000	131.960000	-6.082000	5.256800	1
63.620000	132.060000	-6.422200	5.256800	1
63.604000	132.150000	-4.358300	5.257200	1
63.588000	132.240000	-5.735300	5.256700	1
63.572000	132.330000	-6.078800	5.257100	1
63.556000	132.420000	-7.109000	5.257300	1
63.539000	132.510000	-7.459500	5.257000	1
63.523000	132.610000	-5.735500	5.257400	1
63.507000	132.700000	-6.415900	5.257200	1
63.490000	132.790000	-5.736100	5.257100	1
63.474000	132.880000	-6.416100	5.257400	1
63.457000	132.970000	-6.416500	5.257100	1
63.440000	133.060000	-5.046500	5.257200	1
63.424000	133.150000	-4.706400	5.257600	1
63.407000	133.240000	-6.080600	5.257200	1
63.390000	133.330000	-6.770800	5.257400	1
63.373000	133.420000	-7.461200	5.257300	1
63.356000	133.510000	-6.421300	5.257200	1
63.339000	133.600000	-7.801600	5.257400	1
63.322000	133.690000	-6.768100	5.257200	1
63.305000	133.780000	-5.051700	5.257200	1
63.288000	133.870000	-7.798600	5.257400	1
63.270000	133.960000	-6.772300	5.257100	1
63.253000	134.050000	-7.802600	5.257300	1
63.236000	134.140000	-7.108900	5.257300	1
63.218000	134.230000	-7.109000	5.257300	1
63.201000	134.320000	-4.712400	5.257500	1
63.183000	134.410000	-8.139600	5.257200	1
63.165000	134.500000	-5.389200	5.257300	1
63.148000	134.590000	-6.772900	5.257500	1
63.130000	134.680000	-7.113300	5.257100	1
63.112000	134.770000	-7.113100	5.257500	1
63.094000	134.860000	-5.389400	5.257300	1
63.076000	134.940000	-6.423200	5.257300	1
63.058000	135.030000	-6.769700	5.257700	1
63.040000	135.120000	-4.359700	5.257200	1
63.022000	135.210000	-6.419900	5.257300	1
63.004000	135.300000	-6.419800	5.257500	1
62.986000	135.390000	-6.420100	5.257100	1
62.968000	135.470000	-4.709600	5.257400	1
62.949000	135.560000	-3.329400	5.257200	1
62.931000	135.650000	-5.736000	5.257000	1
62.913000	135.740000	-6.079400	5.257400	1
62.894000	135.820000	-4.022800	5.257000	1
62.875000	135.910000	-5.742900	5.257100	1
62.857000	136.000000	-4.362300	5.257500	1
62.838000	136.090000	-5.738900	5.257100	1
62.819000	136.170000	-4.022100	5.257300	1
62.801000	136.260000	-4.362000	5.257300	1
62.782000	136.350000	-5.052000	5.257200	1
62.763000	136.430000	-5.395400	5.257400	1
62.744000	136.520000	-4.711600	5.257200	1
62.725000	136.610000	-5.055300	5.257200	1
62.706000	136.690000	-5.395100	5.257500	1
62.687000	136.780000	-5.745400	5.257300	1
62.668000	136.860000	-6.775500	5.257300	1
62.648000	136.950000	-4.718900	5.257200	1
62.629000	137.040000	-3.678900	5.257100	1
62.610000	137.120000	-4.369000	5.257300	1
62.590000	137.210000	-4.372800	5.257100	1
62.571000	137.290000	-5.753000	5.257000	1
63.711000	131.820000	-6.590900	6.010900	1
64.108000	132.190000	-5.639500	12.816000	1
64.290000	132.360000	-6.909000	15.846000	1
64.274000	132.460000	-8.641100	15.846000	1
64.257000	132.550000	-5.572300	15.846000	1
64.241000	132.650000	-5.218500	15.846000	1
64.225000	132.740000	-4.177100	15.846000	1
64.208000	132.830000	-5.203800	15.846000	1
64.192000	132.930000	-8.642000	15.846000	1
64.175000	133.020000	-4.520300	15.846000	1
64.158000	133.110000	-6.584800	15.846000	1
64.142000	133.210000	-5.573100	15.846000	1
64.125000	133.300000	-6.263500	15.846000	1
64.108000	133.390000	-5.872200	15.846000	1
64.091000	133.480000	-5.223000	15.846000	1
64.074000	133.580000	-6.263600	15.846000	1
64.057000	133.670000	-4.883200	15.846000	1
64.040000	133.760000	-5.551200	15.846000	1
64.023000	133.850000	-4.170800	15.846000	1
64.005000	133.950000	-6.245300	15.846000	1
63.988000	134.040000	-5.891600	15.846000	1
63.971000	134.130000	-4.872600	15.846000	1
63.953000	134.220000	-7.963900	15.846000	1
63.936000	134.310000	-7.287400	15.846000	1
63.918000	134.410000	-6.925900	15.846000	1
63.900000	134.500000	-6.604600	15.846000	1
63.883000	134.590000	-4.861600	15.846000	1
63.865000	134.680000	-6.597400	15.846000	1
63.847000	134.770000	-6.235000	15.846000	1
63.829000	134.860000	-5.892200	15.846000	1
63.812000	134.950000	-7.276700	15.847000	1
63.794000	135.040000	-7.269300	15.846000	1
63.776000	135.130000	-9.013000	15.846000	1
63.758000	135.230000	-6.916000	15.846000	1
63.739000	135.320000	-4.881700	15.846000	1
63.721000	135.410000	-6.576100	15.846000	1
63.703000	135.500000	-5.893600	15.846000	1
63.684000	135.590000	-6.924100	15.846000	1
63.666000	135.680000	-8.316300	15.847000	1
63.648000	135.770000	-9.339600	15.846000	1
63.629000	135.860000	-7.943800	15.846000	1
63.611000	135.950000	-7.955200	15.846000	1
63.592000	136.040000	-8.984700	15.846000	1
63.573000	136.120000	-9.661100	15.846000	1
63.554000	136.210000	-8.641600	15.846000	1
63.536000	136.300000	-7.939600	15.846000	1
63.517000	136.390000	-6.224700	15.846000	1
63.498000	136.480000	-6.564900	15.846000	1
63.479000	136.570000	-7.599100	15.846000	1
64.430000	132.500000	-5.855600	18.126000	1