La	Lo	Sig	Theta	Ice
63.774000	149.130000	-7.815000	-18.186000	1
63.768000	149.230000	-4.391700	-18.186000	1
63.763000	149.330000	-5.761100	-18.186000	1
63.757000	149.430000	-4.395300	-18.186000	1
63.752000	149.520000	-4.384100	-18.186000	1
63.746000	149.620000	-5.063300	-18.186000	1
63.740000	149.720000	-6.444000	-18.186000	1
63.734000	149.820000	-8.494300	-18.186000	1
63.728000	149.920000	-6.451500	-18.185000	1
63.722000	150.010000	-2.320100	-18.186000	1
63.716000	150.110000	-4.036700	-18.186000	1
63.709000	150.210000	-8.494600	-18.186000	1
63.703000	150.310000	-8.154300	-18.186000	1
63.697000	150.410000	-7.117200	-18.186000	1
63.690000	150.500000	-7.113300	-18.186000	1
63.684000	150.600000	-5.742500	-18.186000	1
63.677000	150.700000	-6.780600	-18.185000	1
63.671000	150.800000	-5.746100	-18.186000	1
63.664000	150.890000	-5.727600	-18.186000	1
63.657000	150.990000	-4.700800	-18.185000	1
63.650000	151.090000	-4.028900	-18.186000	1
63.643000	151.190000	-6.436300	-18.186000	1
63.636000	151.290000	-7.463100	-18.185000	1
63.629000	151.380000	-7.814300	-18.186000	1
63.622000	151.480000	-7.109100	-18.186000	1
63.615000	151.580000	-7.116500	-18.185000	1
63.608000	151.670000	-6.432100	-18.186000	1
63.600000	151.770000	-6.446800	-18.186000	1
63.593000	151.870000	-6.085200	-18.186000	1
63.585000	151.970000	-5.734100	-18.186000	1
63.578000	152.060000	-6.085200	-18.186000	1
63.841000	148.850000	-6.723000	-17.428000	1
63.835000	148.950000	-7.063200	-17.428000	1
63.830000	149.050000	-7.421900	-17.428000	1
63.825000	149.140000	-5.707100	-17.428000	1
63.819000	149.240000	-5.016800	-17.428000	1
63.813000	149.340000	-5.005600	-17.428000	1
63.808000	149.440000	-5.345600	-17.428000	1
63.802000	149.540000	-6.365100	-17.428000	1
63.796000	149.640000	-6.387400	-17.428000	1
63.790000	149.740000	-5.684700	-17.428000	1
63.784000	149.830000	-6.733700	-17.428000	1
63.778000	149.930000	-5.005500	-17.428000	1
63.772000	150.030000	-5.013100	-17.428000	1
63.766000	150.130000	-7.059300	-17.428000	1
63.760000	150.230000	-7.392000	-17.428000	1
63.754000	150.320000	-7.757100	-17.428000	1
63.747000	150.420000	-7.403100	-17.428000	1
63.741000	150.520000	-5.334500	-17.428000	1
63.734000	150.620000	-5.699400	-17.428000	1
63.728000	150.720000	-7.047800	-17.428000	1
63.721000	150.810000	-5.703100	-17.428000	1
63.714000	150.910000	-6.361000	-17.428000	1
63.835000	149.850000	-6.017700	-16.665000	1
63.829000	149.950000	-7.033500	-16.665000	1
63.823000	150.050000	-8.075300	-16.665000	1
63.817000	150.140000	-8.419200	-16.665000	1
63.810000	150.240000	-7.706400	-16.665000	1
63.804000	150.340000	-8.056800	-16.665000	1
63.798000	150.440000	-7.706200	-16.665000	1
63.791000	150.540000	-8.400500	-16.665000	1
63.785000	150.630000	-6.335300	-16.665000	1
63.778000	150.730000	-5.645100	-16.665000	1
63.771000	150.830000	-7.033100	-16.665000	1
63.765000	150.930000	-7.033100	-16.665000	1
63.758000	151.030000	-4.304300	-16.665000	1
63.902000	149.570000	-5.533900	-15.907000	1
63.896000	149.670000	-6.568100	-15.907000	1
63.891000	149.770000	-6.235500	-15.907000	1
63.885000	149.860000	-6.557000	-15.907000	1
63.879000	149.960000	-8.633000	-15.907000	1
63.872000	150.060000	-8.266800	-15.907000	1
63.866000	150.160000	-7.931300	-15.907000	1
63.860000	150.260000	-7.583900	-15.907000	1
63.854000	150.360000	-7.931700	-15.907000	1
63.847000	150.450000	-8.270600	-15.907000	1
63.841000	150.550000	-9.308700	-15.907000	1
63.834000	150.650000	-6.889500	-15.907000	1
63.828000	150.750000	-4.832300	-15.907000	1
63.821000	150.850000	-6.552800	-15.907000	1
64.300000	150.300000	-1.081600	-9.093600	1
64.293000	150.400000	-1.418000	-9.093500	1
64.287000	150.500000	-7.265000	-9.093800	1
64.280000	150.600000	-8.321700	-9.093500	1
64.274000	150.700000	-4.175500	-9.093600	1
64.267000	150.800000	-1.767600	-9.093700	1
64.260000	150.900000	1.676300	-9.093500	1
64.254000	151.000000	-0.376130	-9.093500	1
64.247000	151.100000	-1.756100	-9.093600	1
64.240000	151.200000	0.650260	-9.093300	1
64.233000	151.300000	-1.413400	-9.093600	1
64.226000	151.400000	-2.782300	-9.093400	1
64.218000	151.500000	-2.446000	-9.093400	1
64.211000	151.600000	-1.073200	-9.093600	1
64.204000	151.700000	-4.159700	-9.093500	1
64.197000	151.800000	-2.785700	-9.093500	1
64.189000	151.900000	-3.815700	-9.093500	1
64.182000	152.000000	-5.872200	-9.093500	1
64.174000	152.100000	-5.195600	-9.093700	1
64.166000	152.190000	-3.129100	-9.093500	1
64.159000	152.290000	-3.475200	-9.093600	1
64.359000	150.120000	-4.271400	-8.337000	1
64.353000	150.220000	-1.868600	-8.337200	1
64.347000	150.320000	-3.588600	-8.337200	1
64.340000	150.420000	-2.904900	-8.337100	1
64.334000	150.520000	-4.980000	-8.337400	1
64.327000	150.620000	-7.044200	-8.337100	1
64.321000	150.720000	-1.195800	-8.337100	1
64.314000	150.820000	-0.838140	-8.337300	1
64.307000	150.920000	-1.524400	-8.337000	1
64.300000	151.020000	-1.860600	-8.337100	1
64.294000	151.120000	-2.204900	-8.337200	1
64.287000	151.220000	-0.157930	-8.336900	1
64.280000	151.320000	-1.864100	-8.337200	1
64.272000	151.420000	-2.217900	-8.337000	1
64.265000	151.520000	-0.490200	-8.337000	1
64.258000	151.620000	-3.584000	-8.337100	1
64.251000	151.720000	-3.922700	-8.337100	1
64.243000	151.820000	-4.610300	-8.337100	1
64.236000	151.920000	-5.296500	-8.337100	1
64.228000	152.020000	-1.859800	-8.337100	1
64.221000	152.110000	-4.956200	-8.337300	1
64.213000	152.210000	-4.609900	-8.337100	1
64.205000	152.310000	-1.859500	-8.337200	1
64.198000	152.410000	-4.265800	-8.337400	1
64.190000	152.510000	-4.955900	-8.337200	1
64.182000	152.610000	-3.944300	-8.337400	1
64.174000	152.710000	-2.553000	-8.337300	1
64.166000	152.810000	-3.936800	-8.337200	1
64.157000	152.910000	-2.212700	-8.337500	1
64.149000	153.010000	-4.974200	-8.337200	1
64.141000	153.100000	-6.000500	-8.337100	1
64.132000	153.200000	-2.219800	-8.337400	1
64.459000	149.230000	-5.016600	-7.580500	1
64.453000	149.330000	-4.676600	-7.580300	1
64.448000	149.430000	-3.975700	-7.580400	1
64.442000	149.530000	-4.676500	-7.580200	1
64.436000	149.630000	-4.336400	-7.580200	1
64.430000	149.730000	-3.298700	-7.580300	1
64.424000	149.830000	-2.608700	-7.580000	1
64.418000	149.930000	-3.638600	-7.580300	1
64.412000	150.030000	-5.366200	-7.580400	1
64.406000	150.130000	-9.833800	-7.580200	1
64.400000	150.230000	-4.668600	-7.580400	1
64.393000	150.340000	-4.328600	-7.580400	1
64.387000	150.440000	-4.672400	-7.580300	1
64.381000	150.540000	-3.642100	-7.580600	1
64.374000	150.640000	-6.060000	-7.580300	1
64.367000	150.740000	2.198200	-7.580300	1
64.361000	150.840000	0.478360	-7.580500	1
64.354000	150.940000	1.183700	-7.580300	1
64.347000	151.040000	-0.194140	-7.580300	1
64.340000	151.140000	-1.220300	-7.580400	1
64.333000	151.240000	4.963500	-7.580100	1
64.326000	151.340000	-1.570200	-7.580400	1
64.319000	151.440000	-3.981600	-7.580200	1
64.312000	151.540000	-0.887610	-7.580200	1
64.305000	151.640000	-3.974000	-7.580300	1
64.297000	151.740000	-3.630100	-7.580300	1
64.290000	151.840000	-3.637400	-7.580400	1
64.440000	150.350000	-6.071000	-6.826000	1
64.433000	150.450000	-1.950600	-6.825900	1
64.427000	150.550000	0.461350	-6.826100	1
64.420000	150.650000	3.206000	-6.825800	1
64.414000	150.750000	1.161600	-6.825900	1
64.407000	150.850000	2.187300	-6.826000	1
64.400000	150.950000	4.259200	-6.825800	1
64.394000	151.050000	2.201200	-6.825800	1
64.387000	151.150000	-0.206990	-6.825900	1
64.380000	151.250000	1.150000	-6.825700	1
64.373000	151.350000	-0.226100	-6.825900	1
64.366000	151.460000	0.463850	-6.825700	1
64.358000	151.550000	-0.566090	-6.825700	1
64.351000	151.650000	-4.688800	-6.825900	1
64.344000	151.750000	1.497900	-6.825900	1
64.486000	150.370000	-2.738100	-6.071100	1
64.480000	150.470000	-1.379100	-6.071000	1
64.473000	150.570000	4.814900	-6.071300	1
64.467000	150.670000	5.158400	-6.071000	1
64.460000	150.770000	4.485100	-6.071000	1
64.453000	150.870000	1.386900	-6.071200	1
64.447000	150.970000	1.394900	-6.071000	1
64.440000	151.070000	2.412400	-6.071000	1
64.433000	151.170000	1.397400	-6.071100	1
64.426000	151.270000	4.829300	-6.070800	1
64.419000	151.370000	-0.688430	-6.071100	1
64.412000	151.470000	0.702540	-6.070900	1
64.405000	151.570000	-0.341050	-6.070900	1
64.397000	151.670000	-1.370900	-6.071000	1
64.390000	151.770000	-3.434600	-6.071000	1
64.533000	150.380000	-1.535600	-5.315900	1
64.526000	150.490000	1.901700	-5.315800	1
64.520000	150.590000	1.882300	-5.316100	1
64.513000	150.690000	3.955800	-5.315800	1
64.506000	150.790000	3.265800	-5.315800	1
64.500000	150.890000	2.576000	-5.316000	1
64.493000	150.990000	1.222000	-5.315800	1
64.486000	151.090000	0.872170	-5.315800	1
64.479000	151.190000	2.601200	-5.315800	1
64.472000	151.290000	4.299700	-5.315600	1
64.465000	151.390000	0.534920	-5.315900	1
64.458000	151.490000	4.632600	-5.315700	1
64.451000	151.590000	0.866940	-5.315700	1
64.443000	151.690000	2.580100	-5.315800	1
64.436000	151.790000	2.573000	-5.315800	1
64.429000	151.890000	2.236800	-5.315900	1
64.421000	151.990000	-2.573400	-5.315800	1
64.414000	152.090000	-3.964200	-5.315800	1
64.406000	152.190000	-1.893300	-5.316000	1
64.585000	150.300000	1.079900	-4.560800	1
64.579000	150.400000	4.168600	-4.560800	1
64.572000	150.500000	3.812600	-4.560800	1
64.566000	150.600000	3.479900	-4.561000	1
64.559000	150.700000	3.816200	-4.560700	1
64.553000	150.810000	5.198100	-4.560800	1
64.546000	150.910000	4.522500	-4.560900	1
64.539000	151.010000	6.582500	-4.560700	1
64.532000	151.110000	4.174900	-4.560800	1
64.525000	151.210000	3.841400	-4.560800	1
64.518000	151.310000	4.175000	-4.560600	1
64.511000	151.410000	4.175300	-4.560800	1
64.504000	151.510000	3.126600	-4.560600	1
64.497000	151.610000	-2.373400	-4.560600	1
64.489000	151.710000	5.183400	-4.560800	1
64.482000	151.810000	1.757000	-4.560800	1
64.475000	151.910000	1.403600	-4.560900	1
64.467000	152.010000	-3.410100	-4.560700	1
64.459000	152.110000	0.030158	-4.560800	1
64.631000	150.320000	5.626200	-3.804800	1
64.625000	150.420000	4.936300	-3.804900	1
64.618000	150.520000	3.904000	-3.804800	1
64.612000	150.620000	3.907800	-3.805100	1
64.605000	150.720000	3.215400	-3.804800	1
64.599000	150.820000	5.273400	-3.804800	1
64.592000	150.920000	6.301000	-3.805000	1
64.585000	151.020000	7.333500	-3.804800	1
64.578000	151.130000	5.278000	-3.804800	1
64.571000	151.230000	6.656900	-3.804800	1
64.564000	151.330000	8.024600	-3.804700	1
64.557000	151.430000	4.242600	-3.804900	1
64.550000	151.530000	3.210400	-3.804700	1
64.543000	151.630000	0.803990	-3.804700	1
64.535000	151.730000	4.936400	-3.804800	1
64.528000	151.830000	-2.975800	-3.804800	1
64.690000	150.130000	0.905190	-3.048600	1
64.684000	150.230000	5.372400	-3.048400	1
64.677000	150.330000	5.375800	-3.048600	1
64.671000	150.440000	1.595800	-3.048600	1
64.665000	150.540000	4.349200	-3.048600	1
64.658000	150.640000	5.717300	-3.048900	1
64.651000	150.740000	5.712800	-3.048600	1
64.645000	150.840000	6.404900	-3.048600	1
64.638000	150.940000	7.090100	-3.048700	1
64.631000	151.040000	5.370400	-3.048500	1
64.624000	151.140000	6.741400	-3.048600	1
64.617000	151.250000	5.713200	-3.048600	1
64.610000	151.350000	3.311400	-3.048400	1
64.603000	151.450000	3.313400	-3.048600	1
64.596000	151.550000	5.372200	-3.048500	1
64.589000	151.650000	0.913120	-3.048500	1
64.581000	151.750000	4.690500	-3.048600	1
64.574000	151.850000	0.908260	-3.048600	1
64.748000	149.940000	-3.772100	-2.296500	1
64.742000	150.050000	-4.799300	-2.296800	1
64.736000	150.150000	3.098400	-2.296900	1
64.729000	150.250000	7.223800	-2.296700	1
64.723000	150.350000	6.184000	-2.296900	1
64.717000	150.450000	2.071500	-2.296900	1
64.710000	150.550000	3.441600	-2.296900	1
64.704000	150.660000	4.819600	-2.297200	1
64.697000	150.760000	7.225200	-2.296900	1
64.690000	150.860000	8.937300	-2.296900	1
64.684000	150.960000	7.554900	-2.297100	1
64.677000	151.060000	6.182800	-2.296900	1
64.670000	151.160000	6.532500	-2.296900	1
64.663000	151.260000	5.845600	-2.296900	1
64.656000	151.360000	2.757700	-2.296800	1
64.649000	151.470000	4.127900	-2.297000	1
64.642000	151.570000	5.512500	-2.296800	1
64.634000	151.670000	3.442600	-2.296800	1
64.627000	151.770000	0.347350	-2.296900	1
64.794000	149.960000	-0.310990	-1.541300	1
64.788000	150.060000	5.187100	-1.541600	1
64.782000	150.160000	3.127200	-1.541700	1
64.775000	150.270000	3.819200	-1.541500	1
64.769000	150.370000	3.469300	-1.541700	1
64.763000	150.470000	3.129300	-1.541800	1
64.756000	150.570000	5.531600	-1.541700	1
64.750000	150.670000	5.187400	-1.542000	1
64.743000	150.770000	6.215300	-1.541700	1
64.736000	150.880000	6.905300	-1.541700	1
64.730000	150.980000	6.555500	-1.541900	1
64.723000	151.080000	5.523700	-1.541700	1
64.716000	151.180000	7.241600	-1.541800	1
64.709000	151.280000	5.185600	-1.541700	1
64.702000	151.380000	5.873000	-1.541600	1
64.695000	151.480000	4.492800	-1.541800	1
64.687000	151.590000	4.841800	-1.541600	1
64.680000	151.690000	4.153300	-1.541600	1
64.673000	151.790000	2.092100	-1.541700	1
64.665000	151.890000	-1.006600	-1.541700	1
64.658000	151.990000	-1.689300	-1.541900	1
64.650000	152.090000	-2.714300	-1.541700	1
64.643000	152.190000	2.431000	-1.541800	1
64.635000	152.290000	-1.005800	-1.542000	1
64.627000	152.390000	0.363530	-1.541800	1
64.619000	152.490000	5.522700	-1.541900	1
64.611000	152.600000	5.513900	-1.542100	1
64.603000	152.700000	2.083800	-1.541900	1
64.595000	152.800000	-0.323140	-1.542100	1
62.838000	165.810000	-0.315700	-1.542200	1
62.821000	165.900000	-7.879200	-1.541700	1
62.804000	165.990000	-7.185900	-1.542000	1
62.786000	166.070000	-2.715400	-1.542100	1
62.769000	166.160000	-8.571800	-1.541700	1
62.751000	166.250000	-9.947500	-1.541900	1
62.734000	166.340000	-11.322000	-1.541800	1
62.716000	166.430000	-9.251800	-1.541600	1
62.699000	166.510000	-1.345100	-1.542000	1
62.681000	166.600000	7.594600	-1.541600	1
62.663000	166.690000	0.037464	-1.541600	1
65.000000	146.580000	4.106300	-0.793350	1
64.996000	146.680000	6.516500	-0.793270	1
64.992000	146.790000	3.426700	-0.793140	1
64.989000	146.890000	0.337010	-0.793300	1
64.985000	147.000000	8.248200	-0.793140	1
64.981000	147.100000	6.872300	-0.793180	1
64.977000	147.200000	2.750000	-0.793210	1
64.973000	147.300000	0.687260	-0.793050	1
64.968000	147.410000	-1.385000	-0.793120	1
64.964000	147.510000	-3.445100	-0.793040	1
64.960000	147.610000	-1.727700	-0.792990	1
64.834000	150.080000	2.416600	-0.792740	1
64.827000	150.180000	5.164600	-0.792930	1
64.821000	150.280000	6.886500	-0.792720	1
64.815000	150.380000	6.546500	-0.792860	1
64.808000	150.490000	4.486200	-0.792950	1
64.802000	150.590000	5.858900	-0.792900	1
64.795000	150.690000	7.231900	-0.793180	1
64.789000	150.790000	7.237100	-0.792950	1
64.782000	150.890000	8.607100	-0.792890	1
64.775000	151.000000	8.264300	-0.793090	1
64.768000	151.100000	8.944600	-0.792900	1
64.761000	151.200000	7.914400	-0.792970	1
64.754000	151.300000	10.661000	-0.792930	1
64.747000	151.400000	5.845700	-0.792810	1
64.740000	151.500000	11.006000	-0.793000	1
64.733000	151.610000	9.288500	-0.792860	1
64.726000	151.710000	7.908600	-0.792830	1
64.718000	151.810000	4.135300	-0.792930	1
64.711000	151.910000	0.013606	-0.792910	1
64.703000	152.010000	0.357300	-0.793140	1
64.696000	152.110000	-0.674900	-0.792960	1
64.688000	152.210000	2.415900	-0.792980	1
64.680000	152.310000	1.734300	-0.793150	1
63.000000	165.230000	3.452400	-0.792860	1
62.983000	165.320000	5.512800	-0.793060	1
62.966000	165.400000	2.413100	-0.793120	1
62.949000	165.490000	10.323000	-0.792940	1
62.932000	165.580000	10.324000	-0.793140	1
62.915000	165.670000	11.014000	-0.793060	1
62.898000	165.760000	12.045000	-0.793120	1
62.881000	165.850000	11.355000	-0.793410	1
62.863000	165.940000	9.634800	-0.792960	1
62.846000	166.030000	3.455000	-0.793190	1
62.829000	166.110000	7.915200	-0.793270	1
65.049000	146.490000	-8.767000	0.117820	1
65.046000	146.590000	8.753800	0.118150	1
65.042000	146.700000	22.504000	0.118240	1
65.038000	146.800000	10.477000	0.117930	1
65.035000	146.900000	6.357200	0.118430	1
65.031000	147.010000	19.767000	0.118070	1
65.027000	147.110000	11.516000	0.118080	1
65.023000	147.210000	8.765600	0.118470	1
65.019000	147.320000	7.392000	0.118100	1
65.014000	147.420000	0.519830	0.118460	1
65.010000	147.520000	-4.988500	0.118420	1
65.006000	147.630000	4.637300	0.118020	1
64.873000	150.200000	10.502000	0.118520	1
64.867000	150.300000	8.101600	0.118350	1
64.860000	150.400000	7.069900	0.118170	1
64.854000	150.500000	12.569000	0.118610	1
64.847000	150.610000	20.132000	0.118160	1
64.841000	150.710000	22.532000	0.118350	1
64.834000	150.810000	10.160000	0.118560	1
64.827000	150.910000	8.441800	0.118140	1
64.821000	151.010000	8.101800	0.118640	1
64.814000	151.120000	16.342000	0.118520	1
64.807000	151.220000	19.439000	0.118290	1
64.800000	151.320000	17.022000	0.118750	1
64.793000	151.420000	7.741800	0.118350	1
64.786000	151.520000	15.992000	0.118480	1
64.778000	151.620000	14.622000	0.118730	1
64.771000	151.730000	12.913000	0.118230	1
64.764000	151.830000	12.913000	0.118600	1
65.096000	146.500000	-4.529300	0.732670	1
65.092000	146.600000	6.471000	0.732390	1
65.088000	146.710000	9.561300	0.732490	1
65.085000	146.810000	3.721600	0.732500	1
65.081000	146.910000	5.796200	0.732540	1
65.077000	147.020000	10.606000	0.732560	1
65.073000	147.120000	4.424900	0.732540	1
65.069000	147.230000	1.322300	0.732640	1
65.065000	147.330000	-2.110100	0.732660	1
65.061000	147.430000	-6.582900	0.732720	1
65.056000	147.540000	-6.254000	0.732790	1
65.052000	147.640000	-0.063848	0.732700	1
64.925000	150.110000	2.367400	0.732990	1
64.919000	150.220000	2.365800	0.732940	1
64.913000	150.320000	5.807200	0.733110	1
64.906000	150.420000	4.087100	0.732910	1
64.900000	150.520000	2.710500	0.732990	1
64.893000	150.620000	7.867200	0.732870	1
64.887000	150.730000	10.968000	0.732640	1
64.880000	150.830000	8.890600	0.732920	1
64.873000	150.930000	9.589900	0.732870	1
64.867000	151.030000	8.559600	0.732810	1
64.860000	151.140000	9.243500	0.732970	1
64.853000	151.240000	10.613000	0.732810	1
64.846000	151.340000	10.964000	0.733040	1
64.839000	151.440000	10.274000	0.732990	1
64.831000	151.540000	12.681000	0.732870	1
64.824000	151.640000	10.964000	0.733070	1
64.817000	151.750000	3.748000	0.732940	1
65.142000	146.510000	-5.177800	1.487900	1
65.138000	146.610000	-5.177700	1.487600	1
65.135000	146.720000	-2.087300	1.487700	1
65.131000	146.820000	0.323020	1.487700	1
65.127000	146.930000	1.366200	1.487700	1
65.123000	147.030000	2.740700	1.487800	1
65.119000	147.130000	-2.077200	1.487800	1
65.115000	147.240000	-0.359280	1.487800	1
65.111000	147.340000	-3.804400	1.487900	1
65.107000	147.450000	-5.517400	1.487900	1
65.103000	147.550000	-8.628900	1.488000	1
65.098000	147.650000	-4.495800	1.487900	1
64.990000	149.820000	1.388500	1.488100	1
64.984000	149.920000	0.335710	1.487900	1
64.978000	150.030000	0.345130	1.488400	1
64.971000	150.130000	0.346570	1.488200	1
64.965000	150.230000	2.755500	1.488100	1
64.959000	150.330000	2.409200	1.488300	1
64.952000	150.440000	2.749100	1.488100	1
64.946000	150.540000	1.379100	1.488200	1
64.939000	150.640000	3.446900	1.488100	1
64.933000	150.740000	4.827600	1.487800	1
64.926000	150.850000	5.506600	1.488100	1
64.919000	150.950000	4.819200	1.488100	1
64.913000	151.050000	8.599200	1.488000	1
64.906000	151.150000	7.219400	1.488200	1
64.899000	151.260000	4.819400	1.488000	1
64.892000	151.360000	3.789600	1.488200	1
64.885000	151.460000	10.660000	1.488200	1
64.877000	151.560000	5.499600	1.488100	1
64.870000	151.660000	3.439800	1.488200	1
64.863000	151.770000	-5.853400	1.488100	1
64.855000	151.870000	-0.340200	1.488200	1
64.848000	151.970000	3.099900	1.488200	1
64.840000	152.070000	5.499700	1.487800	1
64.833000	152.170000	3.106700	1.488100	1
64.825000	152.270000	5.168300	1.488000	1
64.817000	152.380000	4.829200	1.487800	1
64.809000	152.480000	5.169600	1.488000	1
64.801000	152.580000	6.551500	1.487900	1
64.793000	152.680000	3.108800	1.487800	1
64.785000	152.780000	7.223200	1.487900	1
64.777000	152.880000	7.223100	1.487700	1
64.769000	152.980000	9.630400	1.487900	1
64.761000	153.080000	8.250600	1.488000	1
64.752000	153.190000	-8.951700	1.487700	1
64.744000	153.290000	-6.532300	1.488000	1
65.188000	146.520000	-7.009900	2.237200	1
65.184000	146.630000	-1.506500	2.236900	1
65.181000	146.730000	0.563850	2.236900	1
65.177000	146.830000	-2.539100	2.237000	1
65.173000	146.940000	-0.478750	2.237000	1
65.169000	147.040000	1.249500	2.237000	1
65.165000	147.150000	-0.119520	2.237000	1
65.161000	147.250000	-2.180500	2.237100	1
65.157000	147.350000	-9.409600	2.237100	1
65.153000	147.460000	-9.415900	2.237100	1
65.149000	147.560000	-7.027900	2.237200	1
65.017000	150.150000	-2.175100	2.237400	1
65.011000	150.250000	-0.802030	2.237400	1
65.004000	150.350000	-0.801840	2.237500	1
64.998000	150.460000	-0.801960	2.237400	1
64.992000	150.560000	1.258100	2.237400	1
64.985000	150.660000	0.235240	2.237300	1
64.978000	150.760000	0.586520	2.237100	1
64.972000	150.870000	5.047600	2.237300	1
64.965000	150.970000	5.401500	2.237300	1
64.958000	151.070000	7.788200	2.237200	1
64.951000	151.170000	8.478400	2.237400	1
64.944000	151.280000	4.698300	2.237200	1
64.937000	151.380000	4.698600	2.237500	1
64.930000	151.480000	5.388600	2.237400	1
64.923000	151.580000	3.668600	2.237300	1
64.915000	151.680000	1.948700	2.237500	1
64.908000	151.790000	3.318700	2.237400	1
64.901000	151.890000	4.008800	2.237400	1
64.893000	151.990000	4.358900	2.237400	1
64.886000	152.090000	4.698700	2.237000	1
64.878000	152.190000	4.699000	2.237300	1
64.870000	152.300000	3.677600	2.237200	1
64.862000	152.400000	5.392000	2.237100	1
64.855000	152.500000	6.079400	2.237300	1
64.847000	152.600000	4.021300	2.237100	1
64.839000	152.700000	4.709600	2.237000	1
65.238000	146.430000	-7.750700	2.993600	1
65.234000	146.530000	-2.250000	2.993600	1
65.231000	146.640000	-2.600000	2.993300	1
65.227000	146.740000	-0.529690	2.993400	1
65.223000	146.850000	-1.219400	2.993400	1
65.220000	146.950000	-1.550300	2.993400	1
65.216000	147.050000	0.509780	2.993400	1
65.212000	147.160000	-2.590300	2.993400	1
65.208000	147.260000	-3.966000	2.993500	1
65.203000	147.370000	-8.440800	2.993500	1
65.199000	147.470000	-10.850000	2.993500	1
65.044000	150.470000	-0.861580	2.993800	1
65.038000	150.580000	-0.861500	2.993900	1
65.031000	150.680000	-0.162950	2.993700	1
65.024000	150.780000	0.866190	2.993500	1
65.018000	150.880000	0.867820	2.993700	1
65.011000	150.990000	2.247200	2.993700	1
65.004000	151.090000	5.336500	2.993600	1
64.997000	151.190000	6.358800	2.993800	1
64.990000	151.290000	4.309000	2.993600	1
64.983000	151.400000	4.639000	2.993900	1
64.976000	151.500000	2.579000	2.993800	1
64.969000	151.600000	2.239000	2.993700	1
64.961000	151.700000	1.897100	2.993900	1
64.954000	151.810000	2.249600	2.993800	1
64.946000	151.910000	2.928800	2.993800	1
64.939000	152.010000	0.528890	2.993800	1
64.931000	152.110000	-0.498500	2.993400	1
64.924000	152.210000	0.862650	2.993700	1
64.916000	152.320000	2.579300	2.993600	1
65.284000	146.440000	-6.759900	3.748800	1
65.281000	146.540000	-2.629300	3.748800	1
65.277000	146.650000	0.800830	3.748500	1
65.273000	146.750000	-1.929800	3.748500	1
65.270000	146.860000	-0.905270	3.748500	1
65.266000	146.960000	-0.898990	3.748600	1
65.262000	147.070000	-2.618000	3.748600	1
65.258000	147.170000	-3.318600	3.748600	1
65.254000	147.270000	-4.015500	3.748700	1
65.250000	147.380000	-10.200000	3.748700	1
65.246000	147.480000	-8.836500	3.748700	1
65.083000	150.590000	-1.930200	3.749000	1
65.077000	150.700000	-0.550280	3.748900	1
65.070000	150.800000	-1.580400	3.748700	1
65.064000	150.900000	1.175600	3.748900	1
65.057000	151.010000	-0.210170	3.748900	1
65.050000	151.110000	1.865600	3.748800	1
65.043000	151.210000	2.549600	3.749000	1
65.036000	151.310000	3.242700	3.748800	1
65.029000	151.420000	4.260300	3.749000	1
65.022000	151.520000	2.901200	3.749000	1
65.014000	151.620000	2.890300	3.748900	1
65.007000	151.720000	0.480450	3.749000	1
65.000000	151.830000	1.510500	3.748900	1
64.992000	151.930000	0.495700	3.749000	1
64.985000	152.030000	5.980700	3.749000	1
64.977000	152.130000	5.303600	3.748600	1
64.969000	152.240000	2.548600	3.748900	1
64.962000	152.340000	-3.993000	3.748800	1
64.954000	152.440000	-5.023100	3.748600	1
65.327000	146.550000	-3.140300	4.502600	1
65.324000	146.660000	-2.800300	4.502300	1
65.320000	146.760000	-1.430000	4.502300	1
65.316000	146.870000	-0.732120	4.502300	1
65.312000	146.970000	-2.109500	4.502400	1
65.308000	147.080000	-2.463000	4.502400	1
65.304000	147.180000	-0.393000	4.502400	1
65.300000	147.290000	-2.806700	4.502500	1
65.296000	147.390000	-7.970800	4.502500	1
65.292000	147.500000	-8.650900	4.502500	1
65.287000	147.600000	-7.984800	4.502600	1
65.161000	150.100000	-4.504600	4.502900	1
65.155000	150.200000	-2.781000	4.502800	1
65.149000	150.300000	-3.121000	4.502700	1
65.142000	150.410000	-3.810900	4.502900	1
65.136000	150.510000	-1.410900	4.502700	1
65.129000	150.610000	-0.370770	4.502800	1
65.123000	150.720000	-2.441000	4.502700	1
65.116000	150.820000	-1.411000	4.502500	1
65.109000	150.920000	-0.030807	4.502700	1
65.103000	151.030000	-0.370750	4.502700	1
65.096000	151.130000	-0.370720	4.502600	1
65.089000	151.230000	-1.410600	4.502700	1
65.082000	151.330000	-0.705310	4.502600	1
65.075000	151.440000	1.707400	4.502800	1
65.067000	151.540000	1.339700	4.502700	1
65.060000	151.640000	-0.030294	4.502700	1
65.053000	151.740000	0.309870	4.502800	1
65.045000	151.850000	0.659870	4.502700	1
65.038000	151.950000	2.030000	4.502800	1
65.030000	152.050000	-3.123600	4.502800	1
65.023000	152.150000	-5.189900	4.502400	1
65.015000	152.260000	-2.096500	4.502700	1
65.213000	150.010000	-5.022200	5.257500	1
65.207000	150.110000	-3.988200	5.257900	1
65.201000	150.220000	-3.988200	5.257800	1
65.195000	150.320000	-3.298200	5.257700	1
65.188000	150.420000	-2.958100	5.257900	1
65.182000	150.530000	-2.958100	5.257700	1
65.175000	150.630000	-1.581600	5.257900	1
65.169000	150.730000	-2.608100	5.257700	1
65.162000	150.840000	-2.946400	5.257500	1
65.155000	150.940000	-1.581700	5.257700	1
65.149000	151.040000	-0.897950	5.257700	1
65.142000	151.150000	-2.608000	5.257600	1
65.135000	151.250000	-1.927800	5.257800	1
65.128000	151.350000	-1.567600	5.257600	1
65.121000	151.460000	-0.200840	5.257900	1
65.113000	151.560000	-0.886800	5.257800	1
65.106000	151.660000	-0.529310	5.257700	1
65.099000	151.770000	-0.203150	5.257800	1
65.091000	151.870000	2.557200	5.257700	1
65.084000	151.970000	0.832820	5.257800	1
65.076000	152.070000	-2.960300	5.257800	1
65.069000	152.180000	-5.714400	5.257400	1
65.061000	152.280000	-3.993900	5.257700	1
65.053000	152.380000	-2.960300	5.257600	1
65.045000	152.480000	-4.326800	5.257400	1
65.260000	150.030000	-5.523600	6.011700	1
65.253000	150.130000	-4.156900	6.012000	1
65.247000	150.240000	-2.086700	6.011900	1
65.241000	150.340000	-2.433100	6.011800	1
65.235000	150.440000	-1.402900	6.012000	1
65.228000	150.550000	-0.712980	6.011800	1
65.222000	150.650000	-2.083000	6.012000	1
65.215000	150.750000	-1.743000	6.011800	1
65.208000	150.860000	-1.729400	6.011700	1
65.201000	150.960000	-2.078900	6.011800	1
65.195000	151.060000	-2.428800	6.011800	1
65.188000	151.170000	-1.742400	6.011800	1
65.181000	151.270000	-1.048500	6.011900	1
65.174000	151.370000	-1.396900	6.011700	1
65.167000	151.480000	-2.078400	6.012000	1
65.159000	151.580000	-2.075700	6.011900	1
65.152000	151.680000	-2.428300	6.011800	1
65.145000	151.790000	1.366100	6.012000	1
65.137000	151.890000	0.664620	6.011800	1
65.130000	151.990000	-5.525700	6.011900	1
65.122000	152.090000	-4.495500	6.012000	1
65.115000	152.200000	-3.801900	6.011500	1
65.107000	152.300000	0.311240	6.011800	1
65.099000	152.400000	2.721300	6.011700	1
65.091000	152.510000	2.041500	6.011600	1
65.083000	152.610000	0.997770	6.011800	1
65.075000	152.710000	-0.722350	6.011600	1
65.067000	152.810000	-6.913000	6.011600	1
65.059000	152.910000	-1.748600	6.011700	1
65.051000	153.020000	-5.185300	6.011400	1
65.042000	153.120000	-5.868900	6.011600	1
65.034000	153.220000	-4.151100	6.011800	1
65.312000	149.940000	-4.443600	6.764100	1
65.306000	150.050000	-4.443600	6.763900	1
65.300000	150.150000	-1.353100	6.764200	1
65.293000	150.250000	-3.763300	6.764100	1
65.287000	150.360000	-3.767000	6.764000	1
65.281000	150.460000	-4.107000	6.764100	1
65.274000	150.570000	-3.073200	6.764000	1
65.268000	150.670000	-2.723100	6.764100	1
65.261000	150.770000	-1.356800	6.764000	1
65.254000	150.880000	-2.377400	6.763800	1
65.248000	150.980000	-3.409100	6.764000	1
65.241000	151.080000	-3.409000	6.764000	1
65.234000	151.190000	-1.688800	6.764000	1
65.227000	151.290000	-3.758800	6.764000	1
65.220000	151.390000	-2.042400	6.763900	1
65.213000	151.500000	-2.378500	6.764100	1
65.205000	151.600000	-1.334000	6.764000	1
65.198000	151.700000	0.375080	6.764000	1
65.191000	151.810000	-2.366300	6.764100	1
65.183000	151.910000	-3.048700	6.764000	1
65.176000	152.010000	-4.432000	6.764100	1
65.168000	152.120000	-5.459800	6.764100	1
65.346000	150.170000	-3.599200	7.523900	1
65.340000	150.270000	-4.969400	7.523900	1
65.334000	150.380000	-3.939300	7.523700	1
65.327000	150.480000	-2.909100	7.523900	1
65.321000	150.580000	-2.565400	7.523700	1
65.314000	150.690000	-3.939200	7.523900	1
65.308000	150.790000	-3.255500	7.523700	1
65.301000	150.900000	-2.909200	7.523600	1
65.294000	151.000000	-3.259200	7.523700	1
65.287000	151.100000	-1.188900	7.523800	1
65.280000	151.210000	-2.218900	7.523700	1
65.273000	151.310000	-2.565100	7.523800	1
65.266000	151.410000	-1.878700	7.523600	1
65.259000	151.520000	1.897900	7.523900	1
65.252000	151.620000	-3.266100	7.523800	1
65.245000	151.730000	-2.220000	7.523800	1
65.237000	151.830000	-0.840810	7.523900	1
65.230000	151.930000	-4.950200	7.523700	1
65.222000	152.030000	-3.923500	7.523900	1
65.215000	152.140000	-5.303500	7.523900	1
65.207000	152.240000	-2.571600	7.523500	1
65.199000	152.340000	-0.164860	7.523800	1
65.191000	152.450000	0.857730	7.523600	1
65.183000	152.550000	-5.317900	7.523500	1
65.175000	152.650000	-4.966500	7.523700	1
65.167000	152.760000	-4.295100	7.523500	1
65.159000	152.860000	-1.544800	7.523500	1
65.151000	152.960000	-2.571000	7.523600	1
65.143000	153.060000	-1.198400	7.523400	1
65.134000	153.170000	-0.514420	7.523600	1
65.126000	153.270000	-1.540600	7.523700	1
65.117000	153.370000	-7.377600	7.523500	1
65.374000	150.500000	-4.599000	8.277500	1
65.367000	150.600000	-4.255200	8.277300	1
65.361000	150.710000	-3.915100	8.277500	1
65.354000	150.810000	-3.225100	8.277300	1
65.347000	150.920000	-3.911500	8.277200	1
65.341000	151.020000	-2.885100	8.277300	1
65.334000	151.120000	-2.194900	8.277300	1
65.327000	151.230000	-2.888600	8.277300	1
65.320000	151.330000	-3.224800	8.277300	1
65.313000	151.440000	-3.914900	8.277200	1
65.305000	151.540000	2.275800	8.277500	1
65.298000	151.640000	-2.194400	8.277300	1
65.291000	151.750000	-2.549300	8.277300	1
65.283000	151.850000	-2.187600	8.277400	1
65.276000	151.950000	-3.901800	8.277300	1
65.268000	152.060000	-2.515200	8.277400	1
65.622000	146.200000	-7.967300	9.036300	1
65.619000	146.310000	-6.933100	9.036300	1
65.615000	146.410000	-4.182300	9.036200	1
65.612000	146.520000	-4.528300	9.036300	1
65.608000	146.630000	-4.531900	9.036300	1
65.604000	146.730000	-4.539300	9.036100	1
65.601000	146.840000	-3.845300	9.036100	1
65.597000	146.940000	-3.512600	9.036000	1
65.593000	147.050000	-6.946800	9.036200	1
65.589000	147.160000	-9.017600	9.036100	1
65.585000	147.260000	-7.633100	9.036100	1
65.446000	150.100000	-4.841600	9.036300	1
65.440000	150.210000	-4.147600	9.036500	1
65.434000	150.310000	-4.501400	9.036500	1
65.427000	150.420000	-3.121200	9.036300	1
65.421000	150.520000	-3.471200	9.036500	1
65.414000	150.620000	-4.151400	9.036300	1
65.408000	150.730000	-4.501300	9.036500	1
65.401000	150.830000	-4.501500	9.036400	1
65.394000	150.940000	-4.501400	9.036200	1
65.387000	151.040000	-2.781100	9.036400	1
65.381000	151.140000	-3.811100	9.036400	1
65.374000	151.250000	-3.814800	9.036400	1
65.366000	151.350000	-3.467100	9.036400	1
65.359000	151.460000	-1.060600	9.036200	1
65.352000	151.560000	-4.848300	9.036500	1
65.345000	151.660000	-3.474400	9.036400	1
65.338000	151.770000	-2.791700	9.036400	1
65.330000	151.870000	-4.156400	9.036500	1
65.323000	151.980000	-5.536500	9.036300	1
65.315000	152.080000	-4.844600	9.036500	1
65.308000	152.180000	-2.427600	9.036600	1
65.300000	152.290000	-6.889800	9.036100	1
65.292000	152.390000	-6.895600	9.036400	1
65.284000	152.490000	-6.207700	9.036300	1
65.276000	152.600000	-4.836100	9.036100	1
65.268000	152.700000	-4.851300	9.036300	1
65.260000	152.800000	-3.484800	9.036100	1
65.252000	152.910000	0.981820	9.036100	1
65.244000	153.010000	-0.734410	9.036200	1
65.235000	153.110000	-1.410300	9.036000	1
65.227000	153.210000	-1.070100	9.036200	1
65.218000	153.320000	-4.839200	9.036300	1
65.210000	153.420000	-7.947200	9.036100	1
65.201000	153.520000	-4.838800	9.036300	1
65.193000	153.620000	-4.167300	9.036200	1
65.184000	153.730000	-3.133200	9.036200	1
65.480000	150.330000	-2.785800	9.791000	1
65.474000	150.430000	-3.819700	9.790800	1
65.468000	150.540000	-3.823300	9.791000	1
65.461000	150.640000	-4.509800	9.790800	1
65.454000	150.750000	-3.479500	9.791000	1
65.448000	150.850000	-3.816000	9.790800	1
65.441000	150.960000	-3.815900	9.790700	1
65.434000	151.060000	-4.509700	9.790800	1
65.427000	151.170000	-4.169500	9.790900	1
65.420000	151.270000	-3.139300	9.790900	1
65.413000	151.370000	-1.069000	9.790900	1
65.406000	151.480000	-4.509400	9.790700	1
65.399000	151.580000	-4.169100	9.791000	1
65.392000	151.690000	-2.792600	9.790900	1
65.384000	151.790000	-4.505300	9.790900	1
65.377000	151.890000	-3.134900	9.791000	1
65.369000	152.000000	-5.202700	9.790800	1
65.534000	150.240000	-5.126400	10.549000	1
65.528000	150.350000	-3.756200	10.549000	1
65.521000	150.450000	-5.130200	10.549000	1
65.515000	150.560000	-4.453800	10.549000	1
65.508000	150.660000	-3.760000	10.549000	1
65.502000	150.770000	-5.483900	10.549000	1
65.495000	150.870000	-5.820400	10.549000	1
65.488000	150.980000	-4.453900	10.549000	1
65.481000	151.080000	-3.073500	10.549000	1
65.474000	151.190000	-4.790000	10.549000	1
65.467000	151.290000	-3.069500	10.549000	1
65.460000	151.400000	-2.386900	10.549000	1
65.453000	151.500000	-5.129800	10.549000	1
65.446000	151.600000	-4.449400	10.549000	1
65.439000	151.710000	-3.766800	10.549000	1
65.431000	151.810000	-4.793200	10.549000	1
65.424000	151.920000	-5.819500	10.549000	1
65.416000	152.020000	-7.540000	10.549000	1
65.409000	152.120000	-4.117700	10.549000	1
65.401000	152.230000	-4.795700	10.549000	1
65.393000	152.330000	-2.041500	10.549000	1
65.386000	152.440000	-3.072000	10.549000	1
65.378000	152.540000	-4.439700	10.549000	1
65.370000	152.640000	-6.138500	10.549000	1
65.362000	152.750000	-5.114200	10.549000	1
65.353000	152.850000	-6.166400	10.548000	1
65.345000	152.950000	-0.000492	10.549000	1
65.337000	153.060000	-6.163500	10.549000	1
65.329000	153.160000	-6.177600	10.548000	1
63.592000	166.120000	-7.891400	10.548000	1
63.575000	166.210000	-9.287200	10.548000	1
63.557000	166.300000	-8.921900	10.548000	1
63.540000	166.390000	-8.245700	10.548000	1
63.522000	166.480000	-6.528900	10.548000	1
63.505000	166.570000	-5.502100	10.548000	1
63.487000	166.660000	-8.237800	10.548000	1
63.469000	166.750000	-8.237900	10.548000	1
63.451000	166.840000	-8.925600	10.548000	1
63.433000	166.930000	-7.902500	10.548000	1
63.415000	167.020000	-5.493900	10.548000	1
63.397000	167.110000	-5.143700	10.548000	1
63.379000	167.200000	-8.569700	10.548000	1
63.601000	166.350000	-9.007400	11.301000	1
63.583000	166.440000	-8.667500	11.301000	1
63.566000	166.530000	-7.626900	11.300000	1
63.548000	166.620000	-8.320800	11.301000	1
63.530000	166.710000	-8.996200	11.301000	1
63.512000	166.800000	-8.663400	11.301000	1
63.494000	166.890000	-6.928700	11.301000	1
63.477000	166.980000	-8.320700	11.301000	1
63.459000	167.070000	-7.637500	11.301000	1
63.440000	167.160000	-7.984000	11.301000	1
63.422000	167.250000	-8.659200	11.301000	1
65.616000	150.490000	-4.948700	12.057000	1
65.609000	150.600000	-4.258500	12.057000	1
65.603000	150.700000	-4.598700	12.057000	1
65.596000	150.810000	-5.282100	12.057000	1
65.589000	150.910000	-5.275800	12.057000	1
65.583000	151.020000	-4.948700	12.057000	1
65.576000	151.120000	-4.598500	12.057000	1
65.569000	151.230000	-4.601900	12.057000	1
65.562000	151.330000	-5.288100	12.057000	1
65.555000	151.440000	-4.594100	12.057000	1
65.548000	151.540000	-4.944200	12.057000	1
65.540000	151.650000	-3.913800	12.057000	1
65.533000	151.750000	-3.916000	12.057000	1
65.526000	151.860000	-5.619800	12.057000	1
65.518000	151.960000	-4.586300	12.057000	1
63.662000	166.300000	-8.379200	12.056000	1
63.645000	166.390000	-9.771500	12.056000	1
63.627000	166.480000	-8.379400	12.056000	1
63.609000	166.570000	-9.410000	12.056000	1
63.592000	166.660000	-9.768000	12.056000	1
63.574000	166.750000	-8.050300	12.056000	1
63.556000	166.840000	-5.639400	12.056000	1
63.538000	166.930000	-3.567600	12.056000	1
63.520000	167.020000	-9.763700	12.056000	1
63.502000	167.110000	-6.325500	12.056000	1
63.484000	167.200000	-10.450000	12.056000	1
63.466000	167.290000	-8.053600	12.056000	1
65.670000	150.410000	-6.254100	12.818000	1
65.664000	150.510000	-4.542800	12.818000	1
65.657000	150.620000	-4.560900	12.818000	1
65.651000	150.730000	-4.557200	12.817000	1
65.644000	150.830000	-6.278900	12.818000	1
65.637000	150.940000	-4.553400	12.817000	1
65.631000	151.040000	-4.887100	12.817000	1
65.624000	151.150000	-3.180500	12.818000	1
65.617000	151.250000	-4.893200	12.817000	1
65.610000	151.360000	-5.244500	12.818000	1
65.603000	151.460000	-5.244500	12.818000	1
65.595000	151.570000	-2.840100	12.817000	1
65.588000	151.670000	-2.142900	12.818000	1
65.581000	151.770000	-4.886500	12.818000	1
65.573000	151.880000	-6.255400	12.818000	1
65.566000	151.980000	-4.551000	12.818000	1
65.558000	152.090000	-5.930300	12.817000	1
65.551000	152.190000	-6.631800	12.818000	1
65.719000	150.430000	-4.951200	13.577000	1
65.712000	150.540000	-4.943600	13.576000	1
65.706000	150.640000	-4.967700	13.577000	1
65.699000	150.750000	-5.314000	13.576000	1
65.692000	150.850000	-4.949400	13.577000	1
65.686000	150.960000	-4.623900	13.576000	1
65.679000	151.060000	-3.933700	13.576000	1
65.672000	151.170000	-4.616200	13.576000	1
65.665000	151.270000	-4.283600	13.576000	1
65.658000	151.380000	-5.657500	13.577000	1
65.651000	151.480000	-4.959700	13.576000	1
65.644000	151.590000	-1.873000	13.576000	1
65.636000	151.690000	-4.970800	13.577000	1
65.629000	151.800000	-6.341400	13.576000	1
65.621000	151.900000	-6.677800	13.576000	1
65.614000	152.010000	-3.260600	13.577000	1
65.606000	152.110000	-4.297800	13.576000	1
65.599000	152.220000	-4.622800	13.577000	1
65.591000	152.320000	-4.966500	13.577000	1
65.583000	152.430000	-2.896500	13.576000	1
65.773000	150.340000	-6.090300	14.329000	1
65.767000	150.450000	-5.723600	14.329000	1
65.760000	150.560000	-5.752500	14.329000	1
65.754000	150.660000	-5.408400	14.329000	1
65.747000	150.770000	-6.435100	14.329000	1
65.740000	150.870000	-4.369300	14.329000	1
65.734000	150.980000	-4.725700	14.329000	1
65.727000	151.080000	-6.091200	14.329000	1
65.720000	151.190000	-5.752300	14.329000	1
65.713000	151.300000	-5.748400	14.329000	1
65.706000	151.400000	-5.751900	14.329000	1
65.699000	151.510000	-5.411600	14.329000	1
65.691000	151.610000	-4.721400	14.329000	1
65.684000	151.720000	-4.373400	14.329000	1
65.677000	151.820000	-4.373400	14.329000	1
65.669000	151.930000	-6.430200	14.329000	1
65.662000	152.030000	-7.486900	14.329000	1
65.789000	150.900000	-5.759200	15.091000	1
65.783000	151.000000	-6.116900	15.090000	1
65.776000	151.110000	-5.750500	15.090000	1
65.769000	151.210000	-4.392300	15.090000	1
65.762000	151.320000	-5.780200	15.090000	1
65.755000	151.420000	-5.772600	15.091000	1
65.747000	151.530000	-5.779900	15.090000	1
65.740000	151.630000	-4.391900	15.090000	1
65.733000	151.740000	-5.779700	15.091000	1
65.726000	151.840000	-5.429600	15.090000	1
65.718000	151.950000	-2.692600	15.090000	1
65.711000	152.060000	-3.032500	15.091000	1
65.703000	152.160000	-4.051400	15.090000	1
65.695000	152.270000	-4.406300	15.091000	1
65.687000	152.370000	-2.345800	15.091000	1
65.680000	152.480000	-4.051200	15.090000	1
65.672000	152.580000	-8.534300	15.090000	1
65.664000	152.690000	-7.499700	15.090000	1
65.656000	152.790000	-7.149500	15.090000	1
65.845000	150.810000	-6.523900	15.847000	1
65.838000	150.920000	-6.508300	15.847000	1
65.831000	151.020000	-5.126300	15.847000	1
65.825000	151.130000	-5.815200	15.847000	1
65.818000	151.240000	-4.455000	15.847000	1
65.811000	151.340000	-5.135100	15.847000	1
65.803000	151.450000	-5.832700	15.847000	1
65.796000	151.550000	-5.135000	15.847000	1
65.789000	151.660000	-4.794800	15.847000	1
65.782000	151.760000	-4.798400	15.847000	1
65.774000	151.870000	-5.149600	15.847000	1
65.767000	151.970000	-4.805800	15.847000	1
65.759000	152.080000	-5.156900	15.847000	1
65.752000	152.180000	-4.476600	15.847000	1
65.744000	152.290000	-3.778900	15.847000	1
65.736000	152.390000	-6.212100	15.847000	1
65.901000	150.730000	-5.980000	16.602000	1
65.894000	150.830000	-6.320300	16.601000	1
65.887000	150.940000	-6.660400	16.602000	1
65.881000	151.050000	-6.999400	16.601000	1
65.874000	151.150000	-6.656500	16.601000	1
65.867000	151.260000	-5.622300	16.602000	1
65.860000	151.360000	-6.323900	16.601000	1
65.852000	151.470000	-6.319800	16.602000	1
65.845000	151.580000	-5.278200	16.602000	1
65.838000	151.680000	-4.599100	16.601000	1
65.831000	151.790000	-4.602600	16.602000	1
65.823000	151.890000	-5.296500	16.601000	1
65.816000	152.000000	-5.636500	16.602000	1
65.808000	152.100000	-4.609900	16.602000	1
65.801000	152.210000	-8.734300	16.601000	1
65.994000	150.880000	-6.120800	18.127000	1
65.988000	150.990000	-5.776900	18.127000	1
65.981000	151.090000	-7.147600	18.127000	1
65.974000	151.200000	-6.454300	18.127000	1
65.967000	151.310000	-6.124300	18.127000	1
65.960000	151.410000	-5.432900	18.127000	1
65.953000	151.520000	-6.120400	18.127000	1
65.945000	151.620000	-5.440100	18.127000	1
65.938000	151.730000	-4.753200	18.127000	1
65.931000	151.840000	-6.112700	18.127000	1
65.923000	151.940000	-6.473800	18.127000	1
65.916000	152.050000	-5.783400	18.127000	1
65.908000	152.150000	-6.828500	18.127000	1
65.900000	152.260000	-6.481200	18.127000	1
65.893000	152.370000	-7.508000	18.127000	1