La	Lo	Sig	Theta	Ice
63.640000	149.180000	-7.834800	-18.185000	1
63.647000	149.280000	-7.487100	-18.185000	1
63.654000	149.380000	-5.447900	-18.185000	1
63.661000	149.480000	-5.447900	-18.185000	1
63.668000	149.570000	-5.769200	-18.185000	1
63.674000	149.670000	-6.448400	-18.185000	1
63.681000	149.770000	-5.761600	-18.185000	1
63.687000	149.870000	-6.470200	-18.185000	1
63.694000	149.970000	-6.462800	-18.185000	1
63.700000	150.060000	-7.161600	-18.185000	1
63.707000	150.160000	-7.157600	-18.185000	1
63.713000	150.260000	-9.206800	-18.185000	1
63.719000	150.360000	-7.138600	-18.185000	1
63.725000	150.460000	-7.496000	-18.185000	1
63.731000	150.550000	-5.760200	-18.185000	1
63.737000	150.650000	-4.050200	-18.185000	1
63.743000	150.750000	-6.460900	-18.185000	1
63.749000	150.850000	-5.404400	-18.185000	1
63.755000	150.950000	-6.095500	-18.185000	1
63.760000	151.040000	-5.444500	-18.185000	1
63.766000	151.140000	-6.109600	-18.185000	1
63.772000	151.240000	-6.807000	-18.185000	1
63.777000	151.340000	-5.071200	-18.185000	1
63.783000	151.440000	-7.124400	-18.185000	1
63.788000	151.540000	-8.512400	-18.185000	1
63.793000	151.630000	-7.466700	-18.185000	1
63.798000	151.730000	-7.473900	-18.185000	1
63.803000	151.830000	-7.123300	-18.185000	1
63.808000	151.930000	-7.126500	-18.185000	1
63.813000	152.030000	-7.126200	-18.185000	1
63.818000	152.130000	-6.775000	-18.185000	1
63.823000	152.230000	-7.107300	-18.185000	1
63.828000	152.330000	-6.080200	-18.185000	1
63.833000	152.420000	-5.747200	-18.185000	1
63.837000	152.520000	-4.366500	-18.185000	1
61.185000	132.030000	-7.432700	-17.426000	1
61.204000	132.120000	-8.462300	-17.426000	1
61.223000	132.200000	-8.809600	-17.425000	1
61.241000	132.280000	-8.802100	-17.426000	1
61.260000	132.360000	-8.472700	-17.425000	1
61.279000	132.440000	-8.468900	-17.425000	1
61.298000	132.530000	-8.801700	-17.425000	1
61.316000	132.610000	-8.114500	-17.425000	1
61.335000	132.690000	-9.503000	-17.425000	1
61.353000	132.780000	-8.460600	-17.426000	1
61.372000	132.860000	-7.773800	-17.425000	1
61.390000	132.940000	-8.804300	-17.425000	1
61.408000	133.030000	-8.113600	-17.425000	1
61.427000	133.110000	-9.140400	-17.425000	1
61.445000	133.190000	-8.807500	-17.425000	1
61.463000	133.280000	-8.470600	-17.425000	1
61.481000	133.360000	-8.814300	-17.425000	1
61.499000	133.440000	-8.807200	-17.425000	1
61.517000	133.530000	-7.425700	-17.425000	1
61.535000	133.610000	-8.119900	-17.425000	1
61.553000	133.690000	-8.466200	-17.425000	1
63.704000	149.360000	-5.025500	-17.427000	1
63.711000	149.460000	-6.392100	-17.427000	1
63.718000	149.560000	-6.395600	-17.427000	1
63.725000	149.660000	-5.028700	-17.427000	1
63.731000	149.750000	-6.727100	-17.427000	1
63.738000	149.850000	-7.768600	-17.427000	1
63.744000	149.950000	-3.636700	-17.427000	1
63.751000	150.050000	-5.357000	-17.427000	1
63.757000	150.150000	-7.753200	-17.427000	1
63.763000	150.240000	-5.695600	-17.427000	1
63.769000	150.340000	-7.767900	-17.427000	1
63.776000	150.440000	-7.771300	-17.427000	1
63.782000	150.540000	-7.394800	-17.427000	1
63.788000	150.640000	-8.088800	-17.427000	1
63.794000	150.730000	-5.348200	-17.427000	1
63.799000	150.830000	-6.721100	-17.427000	1
63.805000	150.930000	-7.755200	-17.427000	1
63.811000	151.030000	-6.041300	-17.427000	1
63.817000	151.130000	-7.064100	-17.427000	1
63.822000	151.230000	-6.055300	-17.427000	1
63.828000	151.330000	-7.761000	-17.427000	1
63.833000	151.420000	-6.737500	-17.427000	1
63.838000	151.520000	-6.729800	-17.427000	1
63.844000	151.620000	-6.031700	-17.427000	1
63.849000	151.720000	-5.333600	-17.427000	1
63.854000	151.820000	-7.069100	-17.427000	1
63.859000	151.920000	-6.378200	-17.427000	1
63.864000	152.020000	-6.363300	-17.427000	1
63.869000	152.120000	-6.720500	-17.427000	1
63.874000	152.210000	-6.018700	-17.427000	1
63.879000	152.310000	-5.689400	-17.427000	1
63.883000	152.410000	-6.029500	-17.427000	1
63.888000	152.510000	-3.975800	-17.427000	1
63.892000	152.610000	-6.734100	-17.427000	1
63.897000	152.710000	-7.070200	-17.427000	1
61.231000	131.990000	-8.437600	-16.663000	1
61.250000	132.070000	-8.430000	-16.663000	1
61.269000	132.150000	-7.402800	-16.663000	1
61.288000	132.240000	-9.127500	-16.663000	1
61.306000	132.320000	-8.425400	-16.663000	1
61.325000	132.400000	-9.119900	-16.663000	1
61.344000	132.480000	-9.123200	-16.663000	1
61.362000	132.570000	-9.463600	-16.663000	1
61.381000	132.650000	-9.126500	-16.663000	1
61.399000	132.730000	-9.119300	-16.663000	1
61.418000	132.820000	-9.130000	-16.663000	1
61.436000	132.900000	-8.428000	-16.663000	1
61.455000	132.980000	-8.087700	-16.663000	1
61.473000	133.070000	-7.404500	-16.663000	1
61.491000	133.150000	-9.458800	-16.662000	1
61.509000	133.230000	-9.118000	-16.663000	1
61.528000	133.320000	-8.435000	-16.662000	1
61.546000	133.400000	-8.094300	-16.663000	1
63.856000	150.920000	-5.665700	-16.664000	1
63.861000	151.020000	-3.604800	-16.664000	1
63.867000	151.110000	-5.668800	-16.664000	1
63.873000	151.210000	-6.015100	-16.664000	1
63.878000	151.310000	-7.060100	-16.664000	1
63.883000	151.410000	-4.970100	-16.664000	1
63.889000	151.510000	-6.686800	-16.664000	1
63.894000	151.610000	-6.338800	-16.665000	1
63.899000	151.710000	-8.070800	-16.664000	1
63.904000	151.810000	-7.039700	-16.664000	1
63.910000	151.900000	-6.001200	-16.665000	1
63.915000	152.000000	-7.031500	-16.664000	1
63.919000	152.100000	-7.023800	-16.664000	1
63.924000	152.200000	-8.398200	-16.665000	1
63.929000	152.300000	-5.298800	-16.664000	1
63.934000	152.400000	-4.955900	-16.664000	1
63.938000	152.500000	-5.328100	-16.664000	1
63.943000	152.600000	-7.048800	-16.664000	1
63.947000	152.700000	-6.683300	-16.664000	1
63.952000	152.800000	-6.683000	-16.664000	1
63.956000	152.900000	-3.255200	-16.664000	1
63.960000	153.000000	-8.761400	-16.664000	1
61.276000	131.950000	-7.964500	-15.905000	1
61.321000	131.900000	-8.573500	-15.149000	1
61.340000	131.980000	-8.920900	-15.149000	1
61.359000	132.070000	-8.223100	-15.149000	1
61.378000	132.150000	-8.226600	-15.149000	1
61.397000	132.230000	-7.199500	-15.148000	1
61.416000	132.310000	-7.538200	-15.148000	1
61.435000	132.400000	-7.874600	-15.148000	1
61.453000	132.480000	-9.610900	-15.148000	1
61.472000	132.560000	-9.270200	-15.148000	1
61.490000	132.650000	-7.881400	-15.149000	1
61.509000	132.730000	-8.908100	-15.149000	1
61.527000	132.810000	-8.221400	-15.149000	1
61.546000	132.900000	-9.258400	-15.149000	1
61.564000	132.980000	-9.598000	-15.149000	1
61.582000	133.060000	-9.261800	-15.148000	1
61.601000	133.150000	-8.567000	-15.149000	1
61.619000	133.230000	-7.540100	-15.148000	1
61.637000	133.320000	-7.876200	-15.149000	1
63.943000	150.690000	-6.131900	-15.150000	1
63.949000	150.790000	-7.508500	-15.150000	1
63.955000	150.890000	-3.384300	-15.150000	1
63.960000	150.990000	-3.730200	-15.150000	1
63.966000	151.090000	-4.070100	-15.150000	1
63.972000	151.180000	-5.808900	-15.150000	1
63.977000	151.280000	-5.107100	-15.150000	1
63.983000	151.380000	-3.393700	-15.150000	1
63.988000	151.480000	-4.412400	-15.150000	1
63.993000	151.580000	-4.762100	-15.150000	1
63.998000	151.680000	-6.474800	-15.150000	1
64.004000	151.780000	-5.445300	-15.150000	1
64.009000	151.880000	-7.169400	-15.150000	1
64.014000	151.980000	-7.515300	-15.150000	1
64.019000	152.080000	-6.484500	-15.150000	1
64.024000	152.180000	-3.729600	-15.150000	1
61.366000	131.860000	-9.573200	-14.395000	1
61.385000	131.940000	-7.840900	-14.395000	1
61.404000	132.020000	-8.871500	-14.394000	1
61.423000	132.110000	-8.524700	-14.395000	1
61.442000	132.190000	-8.874800	-14.394000	1
61.461000	132.270000	-8.871000	-14.394000	1
61.479000	132.360000	-7.489900	-14.394000	1
61.498000	132.440000	-8.176400	-14.394000	1
61.517000	132.520000	-9.564600	-14.394000	1
61.535000	132.610000	-8.179800	-14.394000	1
61.554000	132.690000	-9.904700	-14.394000	1
61.572000	132.770000	-8.873300	-14.394000	1
61.591000	132.860000	-8.869600	-14.394000	1
61.609000	132.940000	-8.869300	-14.394000	1
61.627000	133.020000	-8.869000	-14.394000	1
61.646000	133.110000	-9.212800	-14.394000	1
61.664000	133.190000	-9.212800	-14.394000	1
61.682000	133.280000	-7.480400	-14.394000	1
61.700000	133.360000	-8.518300	-14.394000	1
63.942000	149.880000	-5.756600	-14.396000	1
63.948000	149.980000	-7.831200	-14.396000	1
63.955000	150.080000	-8.511300	-14.396000	1
63.961000	150.180000	-8.514800	-14.396000	1
63.967000	150.280000	-6.117200	-14.396000	1
63.974000	150.380000	-7.136400	-14.396000	1
63.980000	150.480000	-5.411900	-14.396000	1
63.986000	150.580000	-8.158800	-14.396000	1
63.992000	150.670000	-8.162400	-14.396000	1
63.998000	150.770000	-7.468000	-14.396000	1
64.003000	150.870000	-5.418200	-14.396000	1
64.009000	150.970000	-7.119800	-14.396000	1
64.015000	151.070000	-7.470900	-14.396000	1
64.021000	151.170000	-5.753600	-14.396000	1
64.026000	151.270000	-2.647500	-14.396000	1
64.031000	151.370000	-5.745300	-14.396000	1
64.037000	151.470000	-7.121800	-14.396000	1
64.042000	151.570000	-6.773600	-14.396000	1
64.047000	151.670000	-5.400200	-14.396000	1
64.053000	151.770000	-6.437700	-14.396000	1
64.058000	151.870000	-5.062900	-14.396000	1
64.063000	151.970000	-5.735100	-14.396000	1
64.068000	152.070000	-6.428900	-14.396000	1
64.073000	152.170000	-4.379100	-14.396000	1
64.077000	152.270000	-4.715300	-14.396000	1
64.082000	152.360000	-6.099100	-14.396000	1
64.087000	152.460000	-6.446600	-14.396000	1
61.410000	131.820000	-9.522500	-13.637000	1
61.429000	131.900000	-8.147500	-13.637000	1
61.449000	131.980000	-8.495400	-13.637000	1
61.467000	132.060000	-8.835400	-13.637000	1
61.486000	132.150000	-9.185600	-13.637000	1
61.505000	132.230000	-7.797000	-13.637000	1
61.524000	132.310000	-8.487300	-13.637000	1
61.543000	132.400000	-8.823300	-13.637000	1
61.561000	132.480000	-8.150200	-13.637000	1
61.580000	132.560000	-8.826500	-13.637000	1
61.599000	132.650000	-9.172900	-13.637000	1
61.617000	132.730000	-8.830000	-13.637000	1
61.636000	132.810000	-8.482000	-13.637000	1
61.654000	132.900000	-8.826000	-13.637000	1
61.672000	132.980000	-9.172200	-13.637000	1
61.691000	133.070000	-9.175900	-13.637000	1
61.709000	133.150000	-8.485100	-13.637000	1
61.727000	133.230000	-9.171600	-13.637000	1
61.745000	133.320000	-9.175300	-13.637000	1
61.763000	133.400000	-8.825000	-13.637000	1
61.781000	133.490000	-8.480700	-13.637000	1
61.799000	133.570000	-9.511200	-13.637000	1
61.817000	133.660000	-9.865100	-13.637000	1
61.835000	133.740000	-9.166700	-13.637000	1
61.853000	133.830000	-8.487300	-13.637000	1
63.971000	149.570000	-5.033500	-13.638000	1
63.978000	149.670000	-8.123500	-13.638000	1
63.984000	149.770000	-9.172800	-13.638000	1
63.991000	149.870000	-8.138200	-13.638000	1
63.997000	149.970000	-9.516300	-13.638000	1
64.004000	150.070000	-8.493100	-13.638000	1
64.010000	150.170000	-9.504800	-13.638000	1
64.016000	150.260000	-7.798600	-13.638000	1
64.022000	150.360000	-9.183100	-13.638000	1
64.028000	150.460000	-4.684600	-13.638000	1
64.035000	150.560000	-8.125700	-13.638000	1
64.040000	150.660000	-8.129400	-13.638000	1
64.046000	150.760000	-7.442500	-13.638000	1
64.052000	150.860000	-5.027300	-13.638000	1
64.058000	150.960000	-7.774400	-13.638000	1
64.064000	151.060000	-4.675200	-13.638000	1
64.069000	151.160000	-6.403000	-13.638000	1
64.075000	151.260000	-6.052600	-13.638000	1
64.080000	151.360000	-6.746200	-13.638000	1
64.086000	151.460000	-6.051800	-13.638000	1
64.091000	151.560000	-4.670900	-13.638000	1
64.096000	151.660000	-3.636500	-13.638000	1
64.101000	151.750000	-3.636100	-13.638000	1
64.107000	151.850000	-5.002200	-13.638000	1
64.112000	151.950000	-5.352000	-13.638000	1
64.117000	152.050000	-5.005300	-13.638000	1
64.121000	152.150000	-5.012400	-13.638000	1
64.126000	152.250000	-4.328300	-13.638000	1
64.131000	152.350000	-5.011900	-13.638000	1
64.136000	152.450000	-7.078600	-13.638000	1
64.140000	152.550000	-6.034200	-13.638000	1
64.145000	152.650000	-7.078200	-13.638000	1
61.455000	131.770000	-8.343900	-12.878000	1
61.474000	131.860000	-9.020600	-12.878000	1
61.493000	131.940000	-8.683900	-12.877000	1
61.512000	132.020000	-7.993200	-12.878000	1
61.531000	132.100000	-8.687500	-12.877000	1
61.550000	132.190000	-8.690900	-12.877000	1
61.569000	132.270000	-7.316400	-12.877000	1
61.587000	132.350000	-8.346700	-12.877000	1
61.606000	132.440000	-8.339000	-12.877000	1
61.625000	132.520000	-9.026300	-12.877000	1
61.643000	132.600000	-8.342100	-12.878000	1
61.662000	132.690000	-8.685700	-12.878000	1
61.680000	132.770000	-9.025800	-12.877000	1
61.699000	132.860000	-9.029500	-12.878000	1
61.717000	132.940000	-7.654800	-12.877000	1
61.735000	133.020000	-9.719600	-12.877000	1
61.754000	133.110000	-9.715600	-12.877000	1
61.772000	133.190000	-8.340700	-12.877000	1
61.790000	133.280000	-7.994200	-12.877000	1
61.808000	133.360000	-9.367300	-12.877000	1
61.826000	133.450000	-9.371200	-12.877000	1
61.844000	133.530000	-9.016800	-12.877000	1
61.862000	133.620000	-9.370400	-12.877000	1
61.880000	133.700000	-7.993400	-12.877000	1
61.898000	133.790000	-7.993100	-12.877000	1
61.916000	133.870000	-8.683400	-12.877000	1
64.026000	149.650000	-7.648200	-12.879000	1
64.033000	149.750000	-6.259900	-12.879000	1
64.039000	149.850000	-5.591100	-12.879000	1
64.046000	149.950000	-7.644100	-12.879000	1
64.052000	150.050000	-8.674700	-12.879000	1
64.058000	150.150000	-7.980000	-12.879000	1
64.065000	150.250000	-9.025500	-12.879000	1
64.071000	150.350000	-9.014100	-12.879000	1
64.077000	150.450000	-7.979600	-12.879000	1
64.083000	150.550000	-9.341300	-12.879000	1
64.089000	150.650000	-7.975500	-12.879000	1
64.095000	150.750000	-5.917900	-12.879000	1
64.101000	150.850000	-6.944200	-12.879000	1
64.107000	150.940000	-6.943800	-12.879000	1
64.112000	151.040000	-6.599600	-12.879000	1
64.118000	151.140000	-4.871200	-12.879000	1
64.123000	151.240000	-5.564600	-12.879000	1
64.129000	151.340000	-6.598200	-12.879000	1
64.134000	151.440000	-4.881100	-12.879000	1
64.140000	151.540000	-6.251100	-12.879000	1
64.145000	151.640000	-4.872900	-12.879000	1
64.150000	151.740000	-4.197400	-12.879000	1
64.155000	151.840000	-6.249900	-12.879000	1
64.160000	151.940000	-6.588400	-12.879000	1
64.165000	152.040000	-6.253000	-12.879000	1
64.170000	152.140000	-4.534600	-12.879000	1
64.175000	152.240000	-4.530700	-12.879000	1
64.180000	152.340000	-4.534100	-12.879000	1
64.184000	152.440000	-6.598200	-12.879000	1
64.189000	152.540000	-5.567700	-12.879000	1
64.194000	152.640000	-3.510600	-12.879000	1
64.198000	152.740000	-4.194400	-12.879000	1
61.499000	131.730000	-8.707700	-12.118000	1
61.518000	131.810000	-9.044000	-12.118000	1
61.537000	131.900000	-9.044100	-12.117000	1
61.556000	131.980000	-9.383600	-12.118000	1
61.575000	132.060000	-8.699500	-12.117000	1
61.594000	132.150000	-9.737300	-12.117000	1
61.613000	132.230000	-7.672400	-12.117000	1
61.632000	132.310000	-7.318200	-12.117000	1
61.650000	132.400000	-9.386700	-12.117000	1
61.669000	132.480000	-8.702300	-12.117000	1
61.688000	132.560000	-8.351800	-12.117000	1
61.706000	132.650000	-8.348100	-12.117000	1
61.725000	132.730000	-7.671200	-12.117000	1
61.743000	132.810000	-8.697900	-12.117000	1
61.762000	132.900000	-9.381900	-12.117000	1
61.780000	132.980000	-9.033800	-12.117000	1
61.798000	133.070000	-9.041300	-12.117000	1
61.817000	133.150000	-8.693200	-12.117000	1
61.835000	133.240000	-9.384900	-12.117000	1
61.853000	133.320000	-9.380800	-12.117000	1
61.871000	133.410000	-8.696300	-12.117000	1
61.889000	133.490000	-8.700100	-12.117000	1
61.907000	133.580000	-6.971500	-12.117000	1
61.925000	133.660000	-9.722700	-12.117000	1
64.068000	149.540000	-6.955300	-12.118000	1
64.074000	149.640000	-6.295000	-12.118000	1
64.081000	149.740000	-6.623700	-12.119000	1
64.087000	149.840000	-7.664000	-12.118000	1
64.094000	149.940000	-7.328800	-12.118000	1
64.100000	150.040000	-10.072000	-12.119000	1
64.107000	150.130000	-9.359300	-12.119000	1
64.113000	150.230000	-4.214700	-12.119000	1
64.119000	150.330000	-6.286300	-12.118000	1
64.125000	150.430000	-7.301700	-12.118000	1
64.131000	150.530000	-8.002700	-12.118000	1
64.137000	150.630000	-9.365900	-12.118000	1
64.143000	150.730000	-7.654800	-12.118000	1
64.149000	150.830000	-7.654300	-12.118000	1
64.155000	150.930000	-6.959900	-12.118000	1
64.161000	151.030000	-6.265600	-12.119000	1
64.166000	151.130000	-4.887400	-12.118000	1
64.172000	151.230000	-4.540800	-12.118000	1
64.177000	151.330000	-4.886600	-12.119000	1
64.183000	151.430000	-5.226400	-12.118000	1
64.188000	151.530000	-3.505600	-12.119000	1
64.193000	151.630000	-3.172600	-12.119000	1
64.199000	151.730000	-5.232600	-12.118000	1
64.204000	151.830000	-3.504300	-12.119000	1
64.209000	151.930000	-6.609700	-12.119000	1
64.214000	152.030000	-4.891200	-12.119000	1
64.219000	152.130000	-5.227300	-12.119000	1
64.224000	152.230000	-5.913400	-12.118000	1
64.228000	152.330000	-6.947200	-12.119000	1
64.208000	151.020000	-4.157200	-11.365000	1
64.214000	151.120000	-3.799400	-11.365000	1
64.220000	151.220000	-2.425100	-11.365000	1
64.225000	151.320000	-3.466100	-11.365000	1
64.231000	151.420000	-5.514900	-11.365000	1
64.236000	151.520000	-3.797900	-11.365000	1
64.241000	151.620000	-3.457500	-11.365000	1
64.246000	151.720000	-4.819700	-11.365000	1
64.252000	151.820000	-5.176900	-11.365000	1
64.257000	151.920000	-3.792500	-11.365000	1
64.262000	152.020000	-4.818300	-11.365000	1
64.267000	152.120000	-6.205900	-11.365000	1
64.271000	152.220000	-7.236100	-11.365000	1
64.227000	150.500000	-4.883800	-10.604000	1
64.233000	150.600000	-8.324600	-10.604000	1
64.239000	150.700000	-8.671900	-10.604000	1
64.245000	150.800000	-3.151300	-10.604000	1
64.251000	150.900000	-2.475600	-10.604000	1
64.256000	151.000000	-3.146500	-10.604000	1
64.262000	151.100000	-2.806300	-10.604000	1
64.268000	151.200000	-3.142100	-10.604000	1
64.273000	151.300000	-4.537000	-10.604000	1
64.279000	151.400000	-3.842800	-10.604000	1
64.284000	151.500000	-4.525000	-10.604000	1
64.289000	151.610000	-4.524500	-10.604000	1
64.294000	151.710000	-5.200500	-10.604000	1
64.300000	151.810000	-4.535000	-10.604000	1
64.217000	149.590000	-4.175100	-9.847800	1
64.224000	149.690000	-4.182500	-9.847800	1
64.230000	149.790000	-4.522400	-9.847800	1
64.237000	149.890000	-4.182200	-9.847900	1
64.243000	149.990000	-3.148100	-9.847900	1
64.250000	150.090000	-2.110200	-9.847900	1
64.256000	150.190000	-2.450100	-9.847900	1
64.262000	150.290000	-1.752300	-9.847800	1
64.268000	150.390000	-3.479800	-9.847800	1
64.275000	150.490000	-3.816000	-9.847800	1
64.281000	150.590000	-9.701300	-9.847800	1
64.287000	150.690000	-5.897000	-9.847800	1
64.292000	150.790000	-0.732260	-9.847800	1
64.298000	150.890000	-2.100600	-9.847800	1
64.304000	150.990000	-3.814200	-9.847900	1
64.310000	151.090000	-3.474000	-9.847700	1
64.315000	151.190000	0.654330	-9.847700	1
64.321000	151.290000	2.371000	-9.847800	1
64.326000	151.390000	-4.860600	-9.847700	1
64.332000	151.490000	-4.513900	-9.847900	1
64.337000	151.590000	-3.804500	-9.847900	1
64.342000	151.690000	-3.460300	-9.847800	1
64.347000	151.790000	-5.191300	-9.848000	1
64.352000	151.890000	-4.493200	-9.847900	1
64.357000	152.000000	-4.496500	-9.847900	1
64.362000	152.100000	-4.163700	-9.847900	1
64.303000	150.180000	-4.187700	-9.093500	1
64.309000	150.280000	-2.813600	-9.093400	1
64.316000	150.380000	-3.499800	-9.093400	1
64.322000	150.480000	-5.223700	-9.093300	1
64.328000	150.580000	-5.234700	-9.093300	1
64.334000	150.680000	-3.842800	-9.093400	1
64.340000	150.780000	0.967910	-9.093300	1
64.345000	150.880000	-0.398010	-9.093400	1
64.351000	150.980000	-1.420100	-9.093400	1
64.357000	151.080000	-1.079900	-9.093200	1
64.362000	151.180000	-1.419500	-9.093300	1
64.368000	151.280000	0.641000	-9.093400	1
64.373000	151.380000	-0.746310	-9.093200	1
64.379000	151.480000	-2.104800	-9.093400	1
64.384000	151.580000	-3.832000	-9.093400	1
64.389000	151.680000	-3.484000	-9.093400	1
64.394000	151.780000	-5.551200	-9.093500	1
64.400000	151.880000	-3.498100	-9.093400	1
64.405000	151.980000	-3.833900	-9.093400	1
64.409000	152.090000	-4.520000	-9.093500	1
64.414000	152.190000	-3.837000	-9.093300	1
64.419000	152.290000	-2.802800	-9.093400	1
64.424000	152.390000	-2.462600	-9.093200	1
64.428000	152.490000	-3.828600	-9.093200	1
64.433000	152.590000	-2.469600	-9.093300	1
64.438000	152.690000	-3.832200	-9.093300	1
64.442000	152.790000	-4.865900	-9.093300	1
64.446000	152.890000	-6.582300	-9.093300	1
64.451000	152.990000	-5.884700	-9.093200	1
64.369000	150.460000	-3.953900	-8.336900	1
64.375000	150.560000	-4.297500	-8.336900	1
64.381000	150.660000	-3.599600	-8.337000	1
64.387000	150.760000	-0.165220	-8.336900	1
64.392000	150.860000	1.555200	-8.337000	1
64.398000	150.970000	1.905700	-8.337000	1
64.404000	151.070000	-0.164150	-8.336800	1
64.410000	151.170000	-1.190100	-8.336900	1
64.415000	151.270000	2.254200	-8.336900	1
64.421000	151.370000	-1.540700	-8.336800	1
64.426000	151.470000	-1.876500	-8.337000	1
64.431000	151.570000	-1.876100	-8.337000	1
64.436000	151.670000	-2.218200	-8.337000	1
64.442000	151.770000	-0.161330	-8.337100	1
64.447000	151.870000	-3.929900	-8.337000	1
64.452000	151.970000	-4.273300	-8.337000	1
61.759000	131.480000	-8.821700	-7.579900	1
61.778000	131.560000	-9.171700	-7.580000	1
61.797000	131.640000	-7.798600	-7.579500	1
61.817000	131.730000	-8.144700	-7.579700	1
61.836000	131.810000	-8.140900	-7.579500	1
61.855000	131.900000	-8.824700	-7.579400	1
61.874000	131.980000	-7.794100	-7.579400	1
61.893000	132.060000	-7.450100	-7.579400	1
61.912000	132.150000	-8.824000	-7.579300	1
61.930000	132.230000	-8.139900	-7.579300	1
61.949000	132.320000	-7.793200	-7.579600	1
61.968000	132.400000	-7.793100	-7.579500	1
61.987000	132.490000	-3.336000	-7.579400	1
62.005000	132.570000	-5.732300	-7.579700	1
62.024000	132.650000	-8.135400	-7.579300	1
62.042000	132.740000	-5.038200	-7.579400	1
62.061000	132.820000	-6.078100	-7.579400	1
62.079000	132.910000	-7.788300	-7.579300	1
62.098000	132.990000	-7.448100	-7.579400	1
62.116000	133.080000	-7.107800	-7.579200	1
62.134000	133.170000	-7.791600	-7.579300	1
62.152000	133.250000	-8.821700	-7.579400	1
64.422000	150.550000	-0.910750	-7.580100	1
64.428000	150.650000	1.839700	-7.580200	1
64.434000	150.750000	0.471180	-7.580100	1
64.439000	150.850000	-0.554700	-7.580200	1
64.445000	150.950000	-0.207970	-7.580300	1
64.451000	151.050000	-0.550270	-7.580100	1
64.457000	151.150000	-0.889930	-7.580100	1
64.462000	151.250000	1.860600	-7.580200	1
64.468000	151.360000	-1.583100	-7.580100	1
64.473000	151.460000	-0.900100	-7.580200	1
64.478000	151.560000	-3.302400	-7.580300	1
64.484000	151.660000	-1.585500	-7.580200	1
64.489000	151.760000	0.475110	-7.580300	1
64.494000	151.860000	0.829270	-7.580300	1
64.499000	151.960000	0.128530	-7.580300	1
64.504000	152.060000	-0.549910	-7.580300	1
61.801000	131.440000	-10.234000	-6.825500	1
61.821000	131.520000	-8.845800	-6.825600	1
61.840000	131.600000	-9.185900	-6.825200	1
61.859000	131.690000	-8.162800	-6.825400	1
61.878000	131.770000	-7.478900	-6.825100	1
61.898000	131.850000	-8.512700	-6.825100	1
61.917000	131.940000	-8.848900	-6.825000	1
61.936000	132.020000	-8.162100	-6.825000	1
61.954000	132.110000	-8.162000	-6.825000	1
61.973000	132.190000	-7.131600	-6.825000	1
61.992000	132.280000	-6.101100	-6.825200	1
62.011000	132.360000	-6.783700	-6.825200	1
62.030000	132.450000	-5.399600	-6.825100	1
62.048000	132.530000	-8.851200	-6.825300	1
62.067000	132.610000	-8.157300	-6.824900	1
62.085000	132.700000	-8.157000	-6.825100	1
62.104000	132.780000	-7.816800	-6.825000	1
62.122000	132.870000	-7.122800	-6.824900	1
62.141000	132.960000	-7.812600	-6.825000	1
62.159000	133.040000	-6.786100	-6.824800	1
62.177000	133.130000	-7.816000	-6.825000	1
62.195000	133.210000	-6.445500	-6.825000	1
62.214000	133.300000	-7.125600	-6.824900	1
62.232000	133.380000	-6.785400	-6.824900	1
62.250000	133.470000	-7.475200	-6.825100	1
62.268000	133.550000	-8.509200	-6.825000	1
64.456000	150.330000	-2.992300	-6.825800	1
64.462000	150.430000	-4.026000	-6.825700	1
64.468000	150.540000	3.888300	-6.825700	1
64.474000	150.640000	2.848700	-6.825800	1
64.480000	150.740000	1.142700	-6.825700	1
64.486000	150.840000	0.793110	-6.825800	1
64.492000	150.940000	-0.236490	-6.825800	1
64.498000	151.040000	-1.952600	-6.825600	1
64.503000	151.140000	-1.602200	-6.825700	1
64.509000	151.240000	0.794540	-6.825800	1
64.514000	151.340000	1.484800	-6.825600	1
64.520000	151.440000	2.511600	-6.825800	1
64.525000	151.550000	-2.634600	-6.825800	1
64.530000	151.650000	-1.260300	-6.825800	1
64.535000	151.750000	-2.626200	-6.825900	1
64.541000	151.850000	-2.296900	-6.825800	1
64.546000	151.950000	-1.262600	-6.825800	1
61.844000	131.400000	-7.937700	-6.070800	1
61.863000	131.480000	-8.277500	-6.070900	1
61.883000	131.560000	-8.617700	-6.070400	1
61.902000	131.650000	-8.621000	-6.070600	1
61.921000	131.730000	-7.940900	-6.070400	1
61.940000	131.810000	-8.970900	-6.070400	1
61.959000	131.900000	-7.940600	-6.070300	1
61.978000	131.980000	-7.590300	-6.070300	1
61.997000	132.070000	-8.620300	-6.070200	1
62.016000	132.150000	-7.940100	-6.070200	1
62.035000	132.240000	-7.936000	-6.070500	1
62.054000	132.320000	-7.935900	-6.070400	1
62.072000	132.400000	-7.589400	-6.070300	1
62.091000	132.490000	-7.939100	-6.070600	1
62.110000	132.570000	-8.279200	-6.070200	1
62.128000	132.660000	-6.555000	-6.070300	1
62.147000	132.740000	-6.904900	-6.070300	1
62.165000	132.830000	-6.908400	-6.070100	1
62.184000	132.920000	-6.214300	-6.070300	1
62.202000	133.000000	-7.934600	-6.070100	1
62.220000	133.090000	-6.904100	-6.070200	1
62.238000	133.170000	-6.553900	-6.070300	1
62.257000	133.260000	-6.210100	-6.070200	1
62.275000	133.340000	-7.240100	-6.070200	1
62.293000	133.430000	-5.863300	-6.070400	1
62.311000	133.520000	-6.209500	-6.070300	1
62.329000	133.600000	-7.247100	-6.070300	1
64.515000	150.520000	2.393400	-6.070900	1
64.521000	150.620000	1.023700	-6.071000	1
64.527000	150.720000	2.394100	-6.070900	1
64.533000	150.830000	0.688120	-6.071000	1
64.539000	150.930000	1.368600	-6.071000	1
64.544000	151.030000	5.148900	-6.070800	1
64.550000	151.130000	-0.000833	-6.070900	1
64.555000	151.230000	0.339540	-6.070900	1
64.561000	151.330000	4.806200	-6.070800	1
64.566000	151.430000	4.116600	-6.071000	1
64.572000	151.530000	0.000607	-6.071000	1
64.577000	151.640000	-1.025300	-6.071000	1
64.582000	151.740000	0.005233	-6.071100	1
64.587000	151.840000	-1.718100	-6.071000	1
64.592000	151.940000	-2.755100	-6.071000	1
64.555000	150.410000	2.216900	-5.315800	1
64.561000	150.510000	1.190700	-5.315700	1
64.567000	150.610000	1.871100	-5.315800	1
64.573000	150.710000	2.915000	-5.315700	1
64.579000	150.810000	2.915400	-5.315800	1
64.585000	150.910000	2.912200	-5.315800	1
64.591000	151.020000	4.286100	-5.315700	1
64.596000	151.120000	2.916500	-5.315700	1
64.602000	151.220000	2.230500	-5.315800	1
64.607000	151.320000	1.197100	-5.315700	1
64.613000	151.420000	-0.872500	-5.315800	1
64.618000	151.520000	0.507950	-5.315800	1
64.624000	151.620000	0.508370	-5.315800	1
64.629000	151.730000	0.505260	-5.315900	1
64.634000	151.830000	-1.908000	-5.315800	1
64.639000	151.930000	-2.584000	-5.315800	1
64.644000	152.030000	-1.224400	-5.315800	1
64.649000	152.130000	0.166750	-5.315800	1
64.654000	152.230000	0.507120	-5.315900	1
64.602000	150.390000	3.111100	-4.560700	1
64.608000	150.500000	2.771200	-4.560700	1
64.614000	150.600000	1.741600	-4.560800	1
64.620000	150.700000	1.391800	-4.560600	1
64.626000	150.800000	2.085800	-4.560700	1
64.631000	150.900000	4.146300	-4.560800	1
64.637000	151.000000	3.802900	-4.560700	1
64.643000	151.100000	1.396900	-4.560700	1
64.648000	151.210000	1.397300	-4.560700	1
64.654000	151.310000	1.057600	-4.560700	1
64.659000	151.410000	0.027956	-4.560800	1
64.665000	151.510000	1.748400	-4.560800	1
64.670000	151.610000	0.028804	-4.560800	1
64.675000	151.720000	2.439300	-4.560900	1
64.680000	151.820000	-0.660350	-4.560800	1
64.685000	151.920000	2.773100	-4.560800	1
64.690000	152.020000	2.083500	-4.560800	1
64.695000	152.120000	-0.666340	-4.560700	1
64.700000	152.220000	-5.136300	-4.560800	1
64.705000	152.330000	1.401300	-4.560600	1
64.710000	152.430000	-1.688500	-4.560700	1
64.714000	152.530000	-0.998270	-4.560600	1
64.719000	152.630000	-1.001700	-4.560600	1
61.971000	131.270000	-7.835600	-3.804900	1
61.991000	131.350000	-9.205500	-3.805000	1
62.010000	131.440000	-8.525500	-3.804600	1
62.029000	131.520000	-7.838900	-3.804700	1
62.049000	131.610000	-6.808700	-3.804600	1
62.068000	131.690000	-6.808500	-3.804500	1
62.087000	131.780000	-4.738200	-3.804400	1
62.106000	131.860000	-6.118100	-3.804400	1
62.125000	131.940000	-7.838200	-3.804400	1
62.144000	132.030000	-7.148000	-3.804300	1
62.163000	132.110000	-8.177800	-3.804600	1
62.182000	132.200000	-5.773900	-3.804500	1
62.201000	132.280000	-6.807400	-3.804400	1
62.219000	132.370000	-5.423400	-3.804700	1
62.238000	132.450000	-7.487100	-3.804400	1
62.257000	132.540000	-7.143400	-3.804400	1
62.275000	132.630000	-5.423100	-3.804400	1
62.294000	132.710000	-5.773000	-3.804200	1
62.312000	132.800000	-2.332500	-3.804400	1
62.331000	132.880000	-6.452700	-3.804200	1
62.349000	132.970000	-5.772400	-3.804300	1
62.367000	133.050000	-7.142200	-3.804400	1
62.386000	133.140000	-5.082000	-3.804300	1
62.404000	133.230000	-7.482100	-3.804300	1
62.422000	133.310000	-5.081500	-3.804500	1
62.440000	133.400000	-5.425300	-3.804400	1
64.636000	150.180000	-5.074300	-3.804900	1
64.642000	150.280000	4.549700	-3.805000	1
64.648000	150.380000	3.523300	-3.804800	1
64.654000	150.480000	1.463400	-3.804800	1
64.660000	150.580000	1.467200	-3.804900	1
64.666000	150.690000	2.497500	-3.804700	1
64.672000	150.790000	3.187900	-3.804800	1
64.678000	150.890000	3.528300	-3.804900	1
64.684000	150.990000	3.528500	-3.804800	1
64.689000	151.090000	1.468900	-3.804800	1
64.695000	151.190000	1.819300	-3.804800	1
64.700000	151.300000	0.096156	-3.804800	1
64.706000	151.400000	1.820100	-3.804800	1
64.711000	151.500000	0.100450	-3.804900	1
64.716000	151.600000	0.440910	-3.804900	1
64.722000	151.700000	-0.588630	-3.805000	1
64.727000	151.810000	1.471800	-3.804900	1
64.732000	151.910000	-0.587810	-3.804900	1
64.737000	152.010000	-0.247380	-3.804900	1
64.742000	152.110000	-5.747400	-3.804800	1
64.747000	152.210000	-0.590260	-3.804900	1
64.751000	152.320000	-2.996800	-3.804700	1
64.756000	152.420000	-2.306400	-3.804800	1
64.761000	152.520000	-1.616200	-3.804700	1
64.765000	152.620000	-1.616100	-3.804700	1
64.770000	152.730000	-2.306000	-3.804800	1
64.774000	152.830000	-0.585920	-3.804800	1
64.778000	152.930000	1.474200	-3.804700	1
64.783000	153.030000	-2.642400	-3.804800	1
62.014000	131.230000	-9.114600	-3.048700	1
62.033000	131.310000	-8.428000	-3.048900	1
62.052000	131.400000	-9.118300	-3.048500	1
62.072000	131.480000	-8.077800	-3.048600	1
62.091000	131.570000	-6.707500	-3.048400	1
62.110000	131.650000	-7.737400	-3.048400	1
62.129000	131.730000	-6.707200	-3.048300	1
62.149000	131.820000	-6.367000	-3.048300	1
62.168000	131.900000	-4.646700	-3.048200	1
62.187000	131.990000	-3.956600	-3.048100	1
62.206000	132.070000	-6.706300	-3.048500	1
62.224000	132.160000	-6.366200	-3.048400	1
62.243000	132.240000	-5.672800	-3.048200	1
62.262000	132.330000	-4.642200	-3.048600	1
62.281000	132.410000	-5.322400	-3.048200	1
62.299000	132.500000	-5.675600	-3.048200	1
62.318000	132.590000	-5.675300	-3.048300	1
62.337000	132.670000	-4.291900	-3.048000	1
62.355000	132.760000	-3.951500	-3.048300	1
62.374000	132.840000	-3.261500	-3.048000	1
62.392000	132.930000	-5.321300	-3.048100	1
62.410000	133.020000	-5.321000	-3.048300	1
62.428000	133.100000	-3.260900	-3.048100	1
62.447000	133.190000	-5.670900	-3.048200	1
62.465000	133.270000	-7.044500	-3.048400	1
64.682000	150.160000	2.589800	-3.048700	1
64.688000	150.270000	5.340100	-3.048700	1
64.694000	150.370000	1.223500	-3.048600	1
64.700000	150.470000	0.876930	-3.048500	1
64.706000	150.570000	2.257300	-3.048600	1
64.712000	150.670000	3.287500	-3.048500	1
64.718000	150.780000	3.967900	-3.048600	1
64.724000	150.880000	2.938300	-3.048700	1
64.730000	150.980000	1.228500	-3.048500	1
64.736000	151.080000	1.908900	-3.048600	1
64.741000	151.180000	1.569300	-3.048600	1
64.747000	151.280000	2.599700	-3.048500	1
64.752000	151.390000	0.540080	-3.048600	1
64.757000	151.490000	2.940600	-3.048700	1
64.763000	151.590000	0.880960	-3.048700	1
64.768000	151.690000	1.231400	-3.048700	1
64.773000	151.800000	0.541790	-3.048600	1
64.778000	151.900000	-3.927900	-3.048700	1
64.783000	152.000000	-4.274200	-3.048700	1
64.788000	152.100000	-0.150430	-3.048600	1
64.793000	152.200000	-1.176800	-3.048700	1
64.798000	152.310000	0.193340	-3.048500	1
64.802000	152.410000	-1.516400	-3.048600	1
64.807000	152.510000	0.547190	-3.048500	1
64.812000	152.610000	2.264000	-3.048500	1
64.816000	152.720000	4.327500	-3.048600	1
64.821000	152.820000	1.917500	-3.048600	1
64.825000	152.920000	-2.892600	-3.048500	1
64.829000	153.020000	-5.989300	-3.048600	1
62.056000	131.190000	-7.953700	-2.297100	1
62.075000	131.270000	-4.853000	-2.297300	1
62.094000	131.360000	-6.233200	-2.296900	1
62.114000	131.440000	-5.882900	-2.297000	1
62.133000	131.530000	-4.852700	-2.296900	1
62.152000	131.610000	-2.452400	-2.296800	1
62.172000	131.690000	-7.952700	-2.296700	1
62.191000	131.780000	0.647980	-2.296700	1
62.210000	131.860000	-2.792000	-2.296700	1
62.229000	131.950000	-2.788800	-2.296500	1
62.248000	132.030000	-4.171500	-2.296900	1
62.267000	132.120000	-2.788200	-2.296800	1
62.286000	132.200000	-4.511400	-2.296700	1
62.304000	132.290000	-2.447700	-2.297000	1
62.323000	132.370000	-4.507900	-2.296700	1
62.342000	132.460000	-4.167700	-2.296700	1
62.360000	132.550000	-0.387350	-2.296700	1
62.379000	132.630000	-2.097400	-2.296500	1
62.398000	132.720000	-1.417000	-2.296700	1
62.416000	132.800000	-1.417000	-2.296400	1
62.434000	132.890000	-4.506900	-2.296600	1
62.453000	132.980000	-7.260600	-2.296700	1
64.721000	150.050000	-4.837000	-2.297100	1
64.728000	150.150000	4.096500	-2.297000	1
64.734000	150.250000	5.816800	-2.297100	1
64.740000	150.360000	3.756900	-2.297000	1
64.746000	150.460000	1.007000	-2.296900	1
64.752000	150.560000	1.700400	-2.297000	1
64.758000	150.660000	3.410600	-2.296900	1
64.764000	150.760000	4.451000	-2.297000	1
64.770000	150.860000	3.411400	-2.297100	1
64.776000	150.970000	2.041600	-2.296900	1
64.782000	151.070000	3.075200	-2.297000	1
64.787000	151.170000	2.382400	-2.297000	1
64.793000	151.270000	3.072800	-2.296900	1
64.798000	151.380000	2.383200	-2.297000	1
64.804000	151.480000	1.353700	-2.297000	1
64.809000	151.580000	2.044100	-2.297000	1
64.814000	151.680000	2.387800	-2.297100	1
64.819000	151.780000	-3.798300	-2.297000	1
64.824000	151.890000	2.045400	-2.297000	1
64.829000	151.990000	3.415800	-2.297000	1
64.834000	152.090000	3.076100	-2.297000	1
64.839000	152.190000	1.709600	-2.297100	1
64.844000	152.300000	1.359600	-2.296900	1
64.849000	152.400000	2.050000	-2.296900	1
64.853000	152.500000	-0.009846	-2.296800	1
62.098000	131.150000	-0.360640	-1.542000	1
62.117000	131.230000	0.669750	-1.542200	1
62.137000	131.320000	0.672610	-1.541800	1
62.156000	131.400000	0.329960	-1.541900	1
62.175000	131.480000	5.480100	-1.541800	1
62.195000	131.570000	1.700300	-1.541700	1
62.214000	131.650000	-2.419700	-1.541600	1
62.233000	131.740000	-6.196700	-1.541600	1
62.252000	131.820000	-1.729300	-1.541600	1
62.271000	131.910000	-2.079200	-1.541400	1
62.290000	131.990000	1.361300	-1.541800	1
62.309000	132.080000	-3.795800	-1.541800	1
62.328000	132.160000	-4.825800	-1.541500	1
62.347000	132.250000	-2.075300	-1.541900	1
62.366000	132.330000	-0.355300	-1.541600	1
62.384000	132.420000	1.364900	-1.541600	1
62.403000	132.510000	-0.694910	-1.541700	1
62.422000	132.590000	-3.448800	-1.541400	1
62.440000	132.680000	-1.388400	-1.541600	1
62.459000	132.760000	-0.358370	-1.541400	1
62.477000	132.850000	-2.418200	-1.541500	1
62.496000	132.940000	-3.447900	-1.541700	1
64.761000	149.930000	-0.682850	-1.542000	1
64.768000	150.040000	1.377400	-1.542000	1
64.774000	150.140000	2.410500	-1.541900	1
64.780000	150.240000	3.440800	-1.542000	1
64.786000	150.340000	4.130900	-1.541900	1
64.793000	150.440000	2.751000	-1.541800	1
64.799000	150.550000	2.071400	-1.541900	1
64.805000	150.650000	2.751500	-1.541700	1
64.811000	150.750000	3.791900	-1.541800	1
64.816000	150.850000	2.752300	-1.541900	1
64.822000	150.950000	2.415400	-1.541800	1
64.828000	151.060000	3.442900	-1.541900	1
64.833000	151.160000	4.136200	-1.541800	1
64.839000	151.260000	4.136600	-1.541800	1
64.844000	151.360000	4.134100	-1.541800	1
64.850000	151.470000	5.857500	-1.541900	1
64.855000	151.570000	3.108000	-1.541900	1
64.860000	151.670000	1.048400	-1.542000	1
64.866000	151.770000	-1.364200	-1.541800	1
64.871000	151.880000	1.726300	-1.541900	1
64.876000	151.980000	5.509600	-1.541900	1
64.881000	152.080000	4.829900	-1.541800	1
64.885000	152.180000	3.450200	-1.541900	1
64.890000	152.290000	5.860400	-1.541700	1
64.895000	152.390000	5.860700	-1.541800	1
64.900000	152.490000	-5.479300	-1.541700	1
62.140000	131.110000	11.314000	-0.793220	1
62.159000	131.190000	9.254200	-0.793430	1
62.179000	131.270000	9.594200	-0.793050	1
62.198000	131.360000	4.441800	-0.793110	1
62.218000	131.440000	9.254700	-0.792990	1
62.237000	131.530000	9.594900	-0.792990	1
62.256000	131.610000	2.725000	-0.792840	1
62.275000	131.700000	5.815200	-0.792870	1
62.294000	131.780000	6.845400	-0.792870	1
62.314000	131.870000	6.165500	-0.792640	1
62.333000	131.950000	6.165900	-0.793060	1
62.352000	132.040000	6.846000	-0.793010	1
62.370000	132.120000	2.372200	-0.792780	1
62.389000	132.210000	3.412500	-0.793160	1
62.408000	132.300000	1.342600	-0.792870	1
62.427000	132.380000	1.342700	-0.792810	1
64.820000	150.120000	2.740700	-0.793060	1
64.826000	150.230000	7.211000	-0.793190	1
64.832000	150.330000	7.211100	-0.793080	1
64.839000	150.430000	8.581300	-0.792950	1
64.845000	150.530000	6.861600	-0.793100	1
64.851000	150.640000	6.864500	-0.792900	1
64.857000	150.740000	8.244800	-0.793010	1
64.862000	150.840000	8.925100	-0.793120	1
64.868000	150.940000	7.895300	-0.792960	1
64.874000	151.050000	8.245700	-0.793080	1
64.879000	151.150000	7.556200	-0.793040	1
64.885000	151.250000	8.586600	-0.792960	1
64.890000	151.350000	5.497000	-0.793010	1
64.896000	151.460000	13.058000	-0.793070	1
64.901000	151.560000	7.894200	-0.793080	1
64.906000	151.660000	7.894600	-0.793160	1
64.912000	151.760000	8.925000	-0.793010	1
64.917000	151.870000	10.305000	-0.793050	1
64.922000	151.970000	9.615800	-0.793050	1
64.927000	152.070000	7.896100	-0.793000	1
64.932000	152.170000	15.456000	-0.793130	1
64.936000	152.280000	11.337000	-0.792900	1
64.941000	152.380000	-4.133300	-0.792970	1
62.182000	131.070000	18.368000	0.117600	1
62.201000	131.150000	14.588000	0.117290	1
62.221000	131.230000	19.058000	0.117370	1
62.240000	131.320000	14.929000	0.117680	1
62.260000	131.400000	16.309000	0.117370	1
62.279000	131.490000	22.149000	0.117730	1
62.298000	131.570000	14.592000	0.117690	1
62.317000	131.660000	17.682000	0.117450	1
62.337000	131.740000	20.772000	0.117920	1
62.356000	131.830000	13.902000	0.117590	1
62.375000	131.910000	15.623000	0.117660	1
62.394000	132.000000	22.493000	0.117910	1
62.413000	132.080000	18.023000	0.117550	1
62.432000	132.170000	13.563000	0.118020	1
62.450000	132.260000	19.403000	0.118020	1
62.469000	132.340000	19.404000	0.117770	1
62.488000	132.430000	13.214000	0.118260	1
62.507000	132.510000	13.214000	0.118000	1
62.525000	132.600000	7.374000	0.118100	1
62.544000	132.690000	15.620000	0.118420	1
62.562000	132.770000	13.901000	0.118000	1
64.866000	150.110000	2.914400	0.118050	1
64.872000	150.210000	7.387200	0.118280	1
64.878000	150.320000	7.727400	0.118420	1
64.884000	150.420000	7.047600	0.118060	1
64.890000	150.520000	4.297800	0.118440	1
64.896000	150.620000	3.608000	0.118270	1
64.902000	150.730000	6.018300	0.118140	1
64.908000	150.830000	4.638600	0.118560	1
64.914000	150.930000	5.668800	0.118160	1
64.920000	151.030000	15.289000	0.118270	1
64.925000	151.140000	8.762300	0.118420	1
64.931000	151.240000	11.863000	0.117960	1
64.936000	151.340000	10.143000	0.118370	1
64.942000	151.440000	17.364000	0.118210	1
64.947000	151.550000	15.644000	0.118000	1
64.952000	151.650000	13.234000	0.118370	1
64.958000	151.750000	14.955000	0.117960	1
64.963000	151.860000	10.835000	0.118140	1
64.968000	151.960000	13.586000	0.118400	1
64.973000	152.060000	21.486000	0.118000	1
64.978000	152.170000	22.176000	0.118350	1
64.982000	152.270000	8.766500	0.118270	1
64.987000	152.370000	-1.193400	0.118010	1
62.224000	131.020000	10.239000	0.732150	1
62.244000	131.110000	10.579000	0.731790	1
62.263000	131.190000	11.269000	0.732200	1
62.283000	131.280000	10.577000	0.732280	1
62.302000	131.360000	8.859700	0.732270	1
62.321000	131.450000	12.990000	0.732390	1
62.341000	131.530000	11.270000	0.732560	1
62.360000	131.620000	11.610000	0.732440	1
62.379000	131.700000	8.860600	0.732560	1
62.398000	131.790000	11.271000	0.732760	1
62.417000	131.870000	10.241000	0.732330	1
62.436000	131.960000	10.241000	0.732430	1
62.455000	132.040000	5.081300	0.732600	1
62.474000	132.130000	4.737500	0.732340	1
62.493000	132.220000	6.117800	0.732620	1
62.893000	134.130000	12.996000	0.732640	1
62.911000	134.220000	12.652000	0.732460	1
62.928000	134.310000	8.182400	0.732640	1
62.945000	134.400000	8.182400	0.732360	1
62.963000	134.490000	7.832500	0.732500	1
62.980000	134.570000	13.683000	0.732720	1
62.997000	134.660000	6.802600	0.732490	1
63.014000	134.750000	5.772700	0.732630	1
63.032000	134.840000	4.402700	0.732690	1
63.049000	134.930000	-4.537400	0.732640	1
63.066000	135.020000	5.432800	0.732620	1
63.083000	135.110000	1.652900	0.732890	1
63.099000	135.200000	2.332800	0.732670	1
64.906000	150.000000	3.032800	0.732610	1
64.912000	150.100000	2.003000	0.732580	1
64.918000	150.200000	2.695800	0.732510	1
64.924000	150.300000	6.816100	0.732670	1
64.931000	150.410000	9.226300	0.732700	1
64.937000	150.510000	7.166500	0.732670	1
64.943000	150.610000	3.386800	0.732850	1
64.949000	150.710000	2.697000	0.732690	1
64.954000	150.820000	5.790000	0.732700	1
64.960000	150.920000	7.510200	0.732730	1
64.966000	151.020000	10.951000	0.732630	1
64.972000	151.120000	9.571000	0.732730	1
64.977000	151.230000	8.881500	0.732650	1
64.983000	151.330000	8.542000	0.732760	1
64.988000	151.430000	8.882400	0.732650	1
64.993000	151.540000	9.572800	0.732540	1
64.999000	151.640000	9.573200	0.732600	1
65.004000	151.740000	7.169900	0.732630	1
65.009000	151.850000	5.790200	0.732640	1
65.014000	151.950000	14.041000	0.732750	1
65.019000	152.050000	11.631000	0.732640	1
65.024000	152.160000	12.671000	0.732630	1
65.029000	152.260000	-4.186800	0.732850	1
62.266000	130.980000	6.502600	1.487300	1
62.286000	131.070000	5.462600	1.487000	1
62.306000	131.150000	3.063000	1.487400	1
62.325000	131.240000	4.093300	1.487400	1
62.344000	131.320000	4.093600	1.487400	1
62.364000	131.410000	2.716800	1.487500	1
62.383000	131.490000	1.347100	1.487700	1
62.402000	131.580000	1.687200	1.487600	1
62.422000	131.660000	1.344600	1.487700	1
62.441000	131.750000	1.344900	1.487900	1
62.460000	131.830000	-0.712340	1.487500	1
62.479000	131.920000	-2.772200	1.487600	1
64.939000	149.780000	2.387200	1.487800	1
64.945000	149.880000	0.327470	1.487700	1
64.952000	149.980000	2.390800	1.487800	1
64.958000	150.080000	2.731000	1.487800	1
64.965000	150.190000	1.364000	1.487700	1
64.971000	150.290000	1.704300	1.487800	1
64.977000	150.390000	1.364600	1.487900	1
64.983000	150.500000	1.704700	1.487800	1
64.989000	150.600000	4.455100	1.488000	1
64.995000	150.700000	1.705200	1.487900	1
65.001000	150.800000	0.675420	1.487900	1
65.007000	150.910000	2.735700	1.487900	1
65.012000	151.010000	4.115900	1.487800	1
65.018000	151.110000	6.869400	1.487900	1
65.024000	151.220000	7.896900	1.487800	1
65.029000	151.320000	6.870300	1.487900	1
65.035000	151.420000	6.530700	1.487800	1
65.040000	151.530000	4.811100	1.487700	1
65.045000	151.630000	7.211500	1.487800	1
65.050000	151.730000	5.152000	1.487800	1
65.055000	151.840000	4.122300	1.487800	1
65.061000	151.940000	5.152800	1.487900	1
65.065000	152.040000	-2.412900	1.487800	1
65.070000	152.150000	-5.855700	1.487800	1
62.308000	130.940000	-2.896800	2.236500	1
62.328000	131.030000	-3.590800	2.236200	1
62.347000	131.110000	-2.900200	2.236500	1
62.367000	131.200000	-0.839850	2.236600	1
62.386000	131.280000	-1.869700	2.236600	1
62.406000	131.360000	-1.179300	2.236700	1
62.425000	131.450000	-2.209000	2.236900	1
62.445000	131.540000	-5.309000	2.236800	1
62.464000	131.620000	-1.868600	2.236800	1
62.483000	131.710000	-0.498180	2.237100	1
64.978000	149.660000	0.204840	2.236900	1
64.985000	149.760000	-0.484720	2.237000	1
64.991000	149.870000	0.555550	2.236900	1
64.998000	149.970000	-1.160900	2.237000	1
65.004000	150.070000	-0.480680	2.237000	1
65.010000	150.170000	-2.540600	2.236900	1
65.017000	150.280000	-0.817190	2.237000	1
65.023000	150.380000	-2.187000	2.237100	1
65.029000	150.480000	-1.156800	2.237000	1
65.035000	150.590000	-0.126420	2.237200	1
65.041000	150.690000	0.903730	2.237100	1
65.047000	150.790000	0.213940	2.237100	1
65.053000	150.900000	1.934200	2.237100	1
65.058000	151.000000	1.244400	2.237000	1
65.064000	151.100000	3.305000	2.237100	1
65.070000	151.200000	2.275400	2.237100	1
65.075000	151.310000	2.965900	2.237200	1
65.080000	151.410000	4.346300	2.237100	1
65.086000	151.510000	4.686700	2.237000	1
65.091000	151.620000	4.000200	2.237000	1
65.096000	151.720000	4.347500	2.237100	1
65.101000	151.830000	2.971000	2.237100	1
65.106000	151.930000	2.278300	2.237200	1
65.111000	152.030000	-3.564800	2.237100	1
62.351000	130.900000	-6.731700	2.992800	1
62.370000	130.980000	-5.018300	2.992500	1
62.390000	131.070000	-6.397900	2.992800	1
65.037000	149.850000	0.155160	2.993300	1
65.044000	149.960000	-2.244500	2.993400	1
65.050000	150.060000	-3.271000	2.993400	1
65.057000	150.160000	-2.590900	2.993300	1
65.063000	150.260000	-1.900600	2.993400	1
65.069000	150.370000	-2.237000	2.993500	1
65.075000	150.470000	-1.206800	2.993400	1
65.081000	150.570000	-1.206400	2.993600	1
65.087000	150.680000	0.513750	2.993500	1
65.093000	150.780000	1.204000	2.993500	1
65.099000	150.880000	1.204300	2.993500	1
65.105000	150.990000	0.164390	2.993400	1
65.110000	151.090000	-0.175090	2.993500	1
65.116000	151.190000	1.545400	2.993400	1
65.121000	151.300000	-0.514140	2.993500	1
65.127000	151.400000	0.516260	2.993500	1
65.132000	151.500000	1.546600	2.993300	1
65.137000	151.610000	2.577000	2.993400	1
65.143000	151.710000	1.547400	2.993500	1
65.148000	151.820000	4.297800	2.993400	1
65.153000	151.920000	-2.921900	2.993600	1
62.393000	130.860000	-0.251440	3.747900	1
62.413000	130.940000	-7.458500	3.747500	1
65.090000	149.940000	-3.660400	3.748500	1
65.097000	150.050000	-2.980100	3.748500	1
65.103000	150.150000	-3.320100	3.748400	1
65.109000	150.250000	-4.346400	3.748500	1
65.115000	150.350000	-3.319500	3.748600	1
65.121000	150.460000	-2.285800	3.748500	1
65.128000	150.560000	-0.225350	3.748800	1
65.133000	150.660000	-0.905240	3.748600	1
65.139000	150.770000	-1.595000	3.748600	1
65.145000	150.870000	0.125290	3.748600	1
65.151000	150.980000	0.465460	3.748500	1
65.157000	151.080000	-0.564090	3.748600	1
65.162000	151.180000	-0.563680	3.748600	1
65.168000	151.290000	0.126880	3.748700	1
65.173000	151.390000	0.467290	3.748600	1
65.179000	151.490000	0.467610	3.748500	1
65.184000	151.600000	0.128000	3.748500	1
65.189000	151.700000	1.848400	3.748600	1
65.194000	151.800000	1.158800	3.748600	1
62.435000	130.820000	-6.599900	4.501600	1
65.136000	149.930000	-3.827800	4.502300	1
65.143000	150.030000	-4.167600	4.502300	1
65.149000	150.140000	-3.137400	4.502100	1
65.155000	150.240000	-4.167100	4.502300	1
65.162000	150.340000	-3.133200	4.502400	1
65.168000	150.450000	-2.793000	4.502300	1
65.174000	150.550000	-2.102600	4.502500	1
65.180000	150.650000	-1.425900	4.502400	1
65.186000	150.760000	0.294250	4.502400	1
65.191000	150.860000	-1.765500	4.502400	1
65.197000	150.960000	-1.765400	4.502300	1
65.203000	151.070000	-0.044865	4.502400	1
65.209000	151.170000	-1.074500	4.502300	1
65.214000	151.280000	-0.733960	4.502400	1
65.220000	151.380000	-0.043533	4.502400	1
65.225000	151.480000	-1.763300	4.502200	1
65.230000	151.590000	1.327200	4.502300	1
65.235000	151.690000	-2.106000	4.502400	1
65.241000	151.790000	1.674400	4.502300	1
65.246000	151.900000	-1.761800	4.502500	1
62.478000	130.770000	-8.498100	5.256500	1
62.497000	130.860000	-7.804300	5.256200	1
62.517000	130.940000	-8.147700	5.256500	1
62.537000	131.030000	-7.467100	5.256600	1
62.556000	131.110000	-7.120500	5.256600	1
62.576000	131.200000	-6.426500	5.256600	1
62.595000	131.290000	-6.086100	5.256800	1
62.615000	131.370000	-7.806300	5.256700	1
62.634000	131.460000	-4.362000	5.256700	1
62.653000	131.540000	-8.499400	5.257100	1
62.672000	131.630000	-9.180000	5.256700	1
62.692000	131.710000	-8.149700	5.256700	1
62.711000	131.800000	-8.499400	5.256900	1
62.730000	131.890000	-7.809200	5.256700	1
62.749000	131.970000	-7.115200	5.256800	1
62.768000	132.060000	-8.838900	5.257000	1
62.787000	132.150000	-8.835200	5.256800	1
62.805000	132.230000	-10.209000	5.257200	1
62.824000	132.320000	-10.205000	5.256900	1
62.843000	132.410000	-9.528400	5.257200	1
62.862000	132.490000	-10.208000	5.257200	1
62.880000	132.580000	-9.868200	5.256900	1
62.899000	132.670000	-9.868000	5.257100	1
62.917000	132.760000	-8.834000	5.256900	1
62.936000	132.840000	-10.554000	5.256800	1
62.954000	132.930000	-8.833600	5.256900	1
62.972000	133.020000	-8.493400	5.256900	1
62.991000	133.110000	-9.523600	5.257000	1
65.143000	149.300000	-3.664100	5.257300	1
65.149000	149.400000	-1.600100	5.257500	1
65.156000	149.500000	-2.290200	5.257300	1
65.163000	149.610000	-5.726600	5.257100	1
65.170000	149.710000	-5.036000	5.257300	1
65.176000	149.810000	-5.035800	5.257200	1
65.183000	149.920000	-6.409100	5.257300	1
65.189000	150.020000	-5.725200	5.257300	1
65.195000	150.120000	-4.341300	5.257100	1
65.202000	150.230000	-3.314500	5.257300	1
65.208000	150.330000	-3.310600	5.257400	1
65.214000	150.430000	-3.310400	5.257300	1
65.220000	150.540000	-0.909850	5.257500	1
65.226000	150.640000	-1.939700	5.257400	1
65.232000	150.740000	1.504300	5.257400	1
65.238000	150.850000	-0.562790	5.257400	1
65.244000	150.950000	-1.589000	5.257300	1
65.249000	151.060000	-1.592300	5.257400	1
65.255000	151.160000	-1.591900	5.257300	1
65.261000	151.260000	-1.251300	5.257400	1
65.266000	151.370000	-0.220900	5.257400	1
65.271000	151.470000	-1.250600	5.257200	1
65.277000	151.580000	-0.913810	5.257300	1
65.282000	151.680000	-1.253500	5.257400	1
65.287000	151.780000	-3.320500	5.257400	1
65.292000	151.890000	0.123670	5.257500	1
65.297000	151.990000	-2.622600	5.257400	1
65.302000	152.100000	-2.626100	5.257300	1
65.307000	152.200000	-2.622200	5.257600	1
62.520000	130.730000	-7.283400	6.010500	1
65.236000	150.010000	-4.510200	6.011400	1
65.242000	150.110000	-3.820100	6.011200	1
65.248000	150.210000	-2.449600	6.011400	1
65.254000	150.320000	-3.125700	6.011500	1
65.261000	150.420000	-2.789200	6.011400	1
65.267000	150.520000	-2.098700	6.011600	1
65.273000	150.630000	-1.064800	6.011500	1
65.279000	150.730000	-0.724470	6.011500	1
65.284000	150.840000	-1.754300	6.011500	1
65.290000	150.940000	-2.444100	6.011400	1
65.296000	151.040000	-2.447400	6.011500	1
65.302000	151.150000	-2.096900	6.011400	1
65.307000	151.250000	-0.386380	6.011500	1
65.313000	151.360000	-0.726000	6.011500	1
65.318000	151.460000	-1.415700	6.011300	1
65.323000	151.570000	-1.762700	6.011400	1
65.328000	151.670000	1.324100	6.011500	1
65.334000	151.770000	-3.135800	6.011500	1
65.339000	151.880000	-4.859200	6.011600	1
65.344000	151.980000	-3.474200	6.011500	1
65.349000	152.090000	-3.131400	6.011400	1
65.354000	152.190000	-4.507600	6.011700	1
65.358000	152.300000	-3.127500	6.011400	1
65.363000	152.400000	-1.420800	6.011700	1
65.368000	152.510000	-1.417000	6.011700	1
65.372000	152.610000	-3.813500	6.011500	1
62.563000	130.690000	-8.950500	6.762600	1
62.582000	130.780000	-8.614100	6.762300	1
62.602000	130.860000	-9.290300	6.762500	1
62.622000	130.950000	-8.953500	6.762700	1
62.641000	131.030000	-6.202700	6.762600	1
62.661000	131.120000	-1.052000	6.762700	1
62.680000	131.200000	-5.862100	6.762900	1
62.700000	131.290000	-8.262500	6.762800	1
62.719000	131.370000	-6.891900	6.762800	1
62.739000	131.460000	-5.857700	6.763200	1
62.758000	131.550000	-8.261900	6.762800	1
62.777000	131.630000	-10.336000	6.762800	1
62.796000	131.720000	-9.645800	6.763000	1
62.815000	131.810000	-10.680000	6.762800	1
62.834000	131.890000	-8.615200	6.762900	1
62.853000	131.980000	-9.291500	6.763100	1
62.872000	132.070000	-8.264800	6.762900	1
62.891000	132.150000	-9.641100	6.763300	1
62.910000	132.240000	-10.672000	6.763000	1
62.929000	132.330000	-9.644500	6.763300	1
62.948000	132.410000	-9.984400	6.763300	1
62.966000	132.500000	-9.294200	6.763000	1
62.985000	132.590000	-7.579700	6.763200	1
63.003000	132.680000	-9.984100	6.763000	1
63.022000	132.770000	-8.613600	6.762900	1
63.040000	132.850000	-8.609700	6.763000	1
65.282000	149.990000	-4.460600	6.763500	1
65.288000	150.100000	-3.086600	6.763400	1
65.295000	150.200000	-4.116400	6.763500	1
65.301000	150.300000	-3.085900	6.763600	1
65.307000	150.410000	-3.772100	6.763500	1
65.313000	150.510000	-3.425300	6.763800	1
65.319000	150.620000	-3.425100	6.763600	1
65.325000	150.720000	-3.084800	6.763700	1
65.331000	150.820000	-4.118400	6.763600	1
65.337000	150.930000	-2.734400	6.763500	1
65.342000	151.030000	-2.393900	6.763600	1
65.348000	151.140000	-2.053500	6.763500	1
65.354000	151.240000	-2.053000	6.763700	1
65.359000	151.350000	-2.736300	6.763600	1
65.364000	151.450000	-2.739700	6.763400	1
65.370000	151.560000	-4.459500	6.763500	1
65.375000	151.660000	-2.742700	6.763600	1
65.380000	151.760000	-1.372300	6.763600	1
65.385000	151.870000	1.721900	6.763700	1
65.390000	151.970000	-4.118300	6.763600	1
65.395000	152.080000	-4.129200	6.763600	1
65.400000	152.180000	-0.685050	6.763800	1
65.405000	152.290000	-2.737800	6.763600	1
65.410000	152.390000	-4.822600	6.763800	1
65.414000	152.500000	-2.744800	6.763800	1
62.606000	130.650000	-8.786900	7.522300	1
65.316000	149.770000	-3.277300	7.523100	1
65.323000	149.880000	-4.647000	7.523300	1
65.329000	149.980000	-3.276700	7.523200	1
65.335000	150.080000	-2.586400	7.523100	1
65.342000	150.190000	-4.982600	7.523200	1
65.348000	150.290000	-4.645900	7.523300	1
65.354000	150.400000	-3.951900	7.523200	1
65.360000	150.500000	-3.951500	7.523500	1
65.366000	150.600000	-4.645100	7.523400	1
65.372000	150.710000	-3.951000	7.523400	1
65.378000	150.810000	-4.300700	7.523400	1
65.384000	150.920000	-3.950500	7.523300	1
65.390000	151.020000	-3.263800	7.523300	1
65.395000	151.130000	-2.923400	7.523200	1
65.401000	151.230000	-2.909200	7.523400	1
65.406000	151.340000	-3.262500	7.523400	1
65.412000	151.440000	-2.912100	7.523200	1
65.417000	151.550000	-3.938100	7.523300	1
65.422000	151.650000	-2.571400	7.523300	1
65.427000	151.750000	-2.911100	7.523300	1
65.432000	151.860000	-1.884400	7.523500	1
65.438000	151.960000	-3.264300	7.523400	1
65.442000	152.070000	-0.854050	7.523300	1
65.447000	152.170000	0.862550	7.523600	1
65.452000	152.280000	-2.928900	7.523300	1
65.457000	152.380000	-5.664200	7.523600	1
65.461000	152.490000	-5.327700	7.523600	1
65.466000	152.590000	-3.267400	7.523400	1
62.648000	130.610000	-9.103200	8.275700	1
62.668000	130.690000	-8.766800	8.275400	1
62.688000	130.780000	-6.355800	8.275600	1
62.708000	130.860000	-9.109900	8.275800	1
62.727000	130.950000	-9.106000	8.275800	1
62.747000	131.030000	-9.105900	8.275800	1
62.767000	131.120000	-9.455500	8.276000	1
62.786000	131.200000	-8.761400	8.275900	1
62.805000	131.290000	-7.738400	8.275900	1
62.825000	131.380000	-9.458900	8.276300	1
62.844000	131.460000	-7.742000	8.275900	1
62.863000	131.550000	-9.112300	8.275900	1
62.883000	131.640000	-9.458600	8.276100	1
62.902000	131.720000	-8.764500	8.276000	1
62.921000	131.810000	-8.764200	8.276000	1
62.940000	131.900000	-9.461600	8.276200	1
62.959000	131.980000	-9.794300	8.276000	1
62.978000	132.070000	-9.107200	8.276500	1
62.997000	132.160000	-10.488000	8.276100	1
63.016000	132.250000	-10.134000	8.276400	1
63.034000	132.330000	-9.453300	8.276400	1
63.053000	132.420000	-8.763000	8.276100	1
63.072000	132.510000	-8.762700	8.276300	1
63.090000	132.600000	-8.412500	8.276100	1
63.109000	132.690000	-8.766500	8.276000	1
63.127000	132.770000	-8.412200	8.276100	1
65.369000	149.860000	-3.933100	8.276800	1
65.376000	149.970000	-3.579100	8.276800	1
65.382000	150.070000	-3.242600	8.276700	1
65.389000	150.170000	-3.242200	8.276800	1
65.395000	150.280000	-2.551800	8.276900	1
65.401000	150.380000	-2.207800	8.276700	1
65.407000	150.490000	-4.267600	8.277000	1
65.413000	150.590000	-2.547200	8.276900	1
65.419000	150.700000	-2.896900	8.277000	1
65.425000	150.800000	-3.580400	8.276900	1
65.431000	150.910000	-3.576500	8.276800	1
65.436000	151.010000	-2.209800	8.276900	1
65.442000	151.120000	-3.929600	8.276800	1
65.448000	151.220000	-3.929000	8.276900	1
65.453000	151.330000	-2.902200	8.276900	1
65.459000	151.430000	-2.898200	8.276700	1
65.464000	151.540000	-2.897800	8.276800	1
65.469000	151.640000	-3.585000	8.276900	1
65.474000	151.750000	-2.210900	8.276900	1
65.479000	151.850000	-7.028700	8.277100	1
62.692000	130.560000	-9.009900	9.034700	1
62.711000	130.650000	-9.353500	9.034400	1
62.731000	130.730000	-8.666600	9.034500	1
62.751000	130.820000	-9.012600	9.034800	1
62.771000	130.900000	-8.322300	9.034700	1
62.790000	130.990000	-9.696300	9.034700	1
62.810000	131.080000	-7.635300	9.035000	1
62.829000	131.160000	-9.015600	9.034900	1
62.849000	131.250000	-8.669000	9.034800	1
62.868000	131.340000	-9.359100	9.035200	1
62.888000	131.420000	-7.974700	9.034900	1
62.907000	131.510000	-9.355300	9.034800	1
62.926000	131.600000	-9.695000	9.035100	1
62.945000	131.680000	-8.664600	9.034900	1
62.965000	131.770000	-9.007000	9.035000	1
62.984000	131.860000	-9.346800	9.035200	1
63.003000	131.940000	-9.010400	9.035000	1
63.022000	132.030000	-9.346400	9.035400	1
63.041000	132.120000	-10.037000	9.035100	1
63.059000	132.210000	-10.044000	9.035300	1
63.078000	132.290000	-9.005800	9.035400	1
63.097000	132.380000	-8.659500	9.035100	1
63.116000	132.470000	-8.655300	9.035300	1
63.134000	132.560000	-8.319000	9.035100	1
63.153000	132.650000	-9.689400	9.035000	1
63.171000	132.730000	-8.318700	9.035100	1
65.442000	150.270000	-4.168100	9.035900	1
65.448000	150.370000	-4.171700	9.035800	1
65.454000	150.480000	-2.107300	9.036100	1
65.460000	150.580000	-2.797100	9.036000	1
65.466000	150.690000	-4.167000	9.036000	1
65.472000	150.790000	-3.830500	9.035900	1
65.478000	150.890000	-4.856600	9.035800	1
65.484000	151.000000	-4.170000	9.035900	1
65.489000	151.100000	-3.135700	9.035800	1
65.495000	151.210000	-2.795100	9.036000	1
65.501000	151.310000	-3.131000	9.036000	1
65.506000	151.420000	-2.794400	9.035700	1
65.511000	151.520000	-3.827900	9.035900	1
65.517000	151.630000	-4.857800	9.035900	1
65.522000	151.740000	-4.167400	9.035900	1
65.527000	151.840000	-3.830800	9.036100	1
65.532000	151.950000	-3.826900	9.036000	1
65.537000	152.050000	-4.516800	9.035900	1
65.542000	152.160000	-2.796500	9.036100	1
62.735000	130.520000	-9.354600	9.789100	1
62.755000	130.600000	-8.681700	9.788800	1
62.774000	130.690000	-8.681600	9.788900	1
62.794000	130.780000	-8.685000	9.789200	1
62.814000	130.860000	-8.684800	9.789100	1
62.834000	130.950000	-9.718900	9.789100	1
62.853000	131.030000	-10.055000	9.789400	1
62.873000	131.120000	-9.710600	9.789200	1
62.892000	131.210000	-9.364200	9.789200	1
62.912000	131.290000	-9.020100	9.789600	1
62.931000	131.380000	-8.679900	9.789300	1
62.951000	131.470000	-9.020000	9.789200	1
62.970000	131.550000	-9.019600	9.789500	1
62.989000	131.640000	-9.363400	9.789300	1
63.008000	131.730000	-9.709800	9.789400	1
63.027000	131.810000	-7.985000	9.789600	1
63.046000	131.900000	-10.394000	9.789300	1
63.065000	131.990000	-9.018700	9.789800	1
63.084000	132.080000	-9.355000	9.789500	1
63.103000	132.160000	-9.704900	9.789700	1
63.122000	132.250000	-9.014500	9.789800	1
63.141000	132.340000	-8.327900	9.789500	1
63.159000	132.430000	-9.018000	9.789700	1
63.178000	132.520000	-9.017900	9.789500	1
63.197000	132.600000	-8.327500	9.789400	1
63.215000	132.690000	-8.685200	9.789500	1
63.234000	132.780000	-8.334900	9.789400	1
65.483000	150.150000	-4.527100	9.790300	1
65.489000	150.250000	-3.156600	9.790400	1
65.495000	150.360000	-2.806300	9.790200	1
65.502000	150.460000	-4.879900	9.790500	1
65.508000	150.570000	-3.839500	9.790400	1
65.514000	150.670000	-3.151600	9.790500	1
65.520000	150.780000	-3.831400	9.790400	1
65.525000	150.880000	-4.875200	9.790300	1
65.531000	150.990000	-2.464500	9.790400	1
65.537000	151.090000	-4.180600	9.790200	1
65.542000	151.200000	-3.833900	9.790400	1
65.548000	151.300000	-3.493400	9.790400	1
65.553000	151.410000	-2.463100	9.790200	1
65.559000	151.510000	-4.182800	9.790300	1
65.564000	151.620000	-4.178700	9.790400	1
65.569000	151.730000	-3.492200	9.790400	1
65.574000	151.830000	-2.125500	9.790600	1
65.579000	151.940000	-2.801600	9.790400	1
65.584000	152.040000	-1.771400	9.790400	1
65.589000	152.150000	-0.408640	9.790600	1
65.594000	152.250000	-3.835300	9.790300	1
65.599000	152.360000	-3.498800	9.790600	1
65.603000	152.460000	-4.890300	9.790600	1
65.608000	152.570000	-6.585600	9.790500	1
62.778000	130.480000	-8.616200	10.547000	1
62.798000	130.560000	-9.990700	10.547000	1
62.818000	130.650000	-8.275800	10.547000	1
62.838000	130.730000	-8.959500	10.547000	1
62.858000	130.820000	-8.271400	10.547000	1
62.877000	130.910000	-9.305400	10.547000	1
62.897000	130.990000	-9.305400	10.547000	1
62.917000	131.080000	-9.305100	10.547000	1
62.936000	131.160000	-8.954800	10.547000	1
62.956000	131.250000	-8.954400	10.547000	1
62.975000	131.340000	-8.614200	10.547000	1
62.994000	131.420000	-9.984900	10.547000	1
63.014000	131.510000	-8.613900	10.547000	1
63.033000	131.600000	-8.277400	10.547000	1
63.052000	131.690000	-8.273400	10.547000	1
63.071000	131.770000	-8.953500	10.547000	1
63.090000	131.860000	-8.273200	10.547000	1
63.109000	131.950000	-8.953200	10.548000	1
63.128000	132.040000	-8.613000	10.547000	1
63.147000	132.120000	-9.639400	10.547000	1
63.166000	132.210000	-9.639400	10.548000	1
63.185000	132.300000	-9.643000	10.547000	1
63.204000	132.390000	-8.616100	10.548000	1
63.222000	132.480000	-9.306300	10.547000	1
63.241000	132.560000	-8.948500	10.547000	1
63.259000	132.650000	-8.271700	10.547000	1
63.278000	132.740000	-8.615600	10.547000	1
63.296000	132.830000	-8.275300	10.547000	1
65.543000	150.350000	-2.396700	10.548000	1
65.549000	150.450000	-4.466600	10.548000	1
65.555000	150.560000	-4.466300	10.548000	1
65.561000	150.660000	-4.813600	10.548000	1
65.567000	150.770000	-4.462000	10.548000	1
65.573000	150.870000	-3.775500	10.548000	1
65.579000	150.980000	-3.779000	10.548000	1
65.584000	151.080000	-4.118600	10.548000	1
65.590000	151.190000	-3.084300	10.548000	1
65.596000	151.290000	-3.777800	10.548000	1
65.601000	151.400000	-3.423800	10.548000	1
65.606000	151.500000	-3.423300	10.548000	1
65.612000	151.610000	-2.739200	10.548000	1
65.617000	151.720000	-4.806800	10.548000	1
65.622000	151.820000	-4.120100	10.548000	1
65.627000	151.930000	-3.104800	10.548000	1
65.632000	152.030000	-4.119800	10.548000	1
62.822000	130.430000	-9.044200	11.300000	1
62.842000	130.520000	-8.697800	11.299000	1
62.862000	130.600000	-9.047600	11.299000	1
62.881000	130.690000	-9.383900	11.300000	1
62.901000	130.780000	-9.391000	11.300000	1
62.921000	130.860000	-9.047000	11.300000	1
62.941000	130.950000	-8.352600	11.300000	1
62.960000	131.040000	-9.050200	11.300000	1
62.980000	131.120000	-8.692400	11.300000	1
62.999000	131.210000	-9.046000	11.300000	1
63.019000	131.300000	-9.730200	11.300000	1
63.038000	131.380000	-9.049700	11.300000	1
63.057000	131.470000	-9.053000	11.300000	1
63.077000	131.560000	-9.049400	11.300000	1
63.096000	131.640000	-9.381800	11.300000	1
63.115000	131.730000	-8.014600	11.300000	1
63.134000	131.820000	-8.358700	11.300000	1
63.153000	131.910000	-8.014200	11.300000	1
63.172000	131.990000	-10.079000	11.300000	1
63.191000	132.080000	-9.044400	11.300000	1
63.210000	132.170000	-9.724900	11.300000	1
63.229000	132.260000	-9.384700	11.300000	1
63.248000	132.350000	-9.040300	11.300000	1
63.266000	132.430000	-10.773000	11.300000	1
63.285000	132.520000	-9.384300	11.300000	1
63.303000	132.610000	-10.078000	11.300000	1
63.322000	132.700000	-8.341900	11.300000	1
65.584000	150.230000	-3.848700	11.301000	1
65.591000	150.330000	-4.878600	11.301000	1
65.597000	150.440000	-4.881800	11.301000	1
65.603000	150.540000	-5.231700	11.301000	1
65.609000	150.650000	-4.193700	11.301000	1
65.615000	150.750000	-4.881200	11.301000	1
65.621000	150.860000	-4.193300	11.301000	1
65.626000	150.970000	-4.192900	11.301000	1
65.632000	151.070000	-4.536500	11.301000	1
65.638000	151.180000	-3.849700	11.301000	1
65.643000	151.280000	-4.191900	11.301000	1
65.649000	151.390000	-4.883000	11.301000	1
65.654000	151.490000	-4.875100	11.301000	1
65.659000	151.600000	-4.878700	11.301000	1
65.664000	151.710000	-5.228400	11.301000	1
65.670000	151.810000	-4.534200	11.301000	1
65.675000	151.920000	-2.123700	11.301000	1
65.680000	152.020000	-5.560300	11.301000	1
65.685000	152.130000	-4.873800	11.301000	1
65.689000	152.230000	-5.911600	11.301000	1
65.694000	152.340000	-2.142200	11.301000	1
65.699000	152.450000	-0.764400	11.301000	1
65.703000	152.550000	-7.292000	11.301000	1
62.866000	130.390000	-8.417600	12.055000	1
62.885000	130.470000	-9.447900	12.054000	1
62.905000	130.560000	-9.797800	12.054000	1
62.925000	130.650000	-8.766900	12.055000	1
62.945000	130.730000	-10.149000	12.055000	1
62.965000	130.820000	-10.495000	12.055000	1
62.985000	130.910000	-9.454000	12.055000	1
63.004000	130.990000	-9.454200	12.055000	1
63.024000	131.080000	-9.446300	12.055000	1
63.043000	131.170000	-8.423100	12.055000	1
63.063000	131.250000	-8.769200	12.055000	1
63.082000	131.340000	-9.109500	12.055000	1
63.102000	131.430000	-10.148000	12.055000	1
63.121000	131.510000	-8.772700	12.055000	1
63.140000	131.600000	-8.418700	12.055000	1
63.159000	131.690000	-8.772400	12.055000	1
63.178000	131.780000	-7.741600	12.055000	1
63.197000	131.860000	-8.081700	12.055000	1
63.216000	131.950000	-9.448600	12.055000	1
65.620000	150.010000	-4.966800	12.056000	1
65.626000	150.110000	-5.299100	12.056000	1
65.632000	150.220000	-6.000100	12.056000	1
65.639000	150.320000	-4.615700	12.056000	1
65.645000	150.430000	-4.615400	12.056000	1
65.651000	150.530000	-4.965100	12.056000	1
65.657000	150.640000	-4.611000	12.056000	1
65.663000	150.740000	-4.614500	12.056000	1
65.669000	150.850000	-3.576600	12.056000	1
65.674000	150.950000	-4.964200	12.056000	1
65.680000	151.060000	-3.929900	12.056000	1
65.686000	151.170000	-4.605900	12.056000	1
65.691000	151.270000	-4.959300	12.056000	1
65.697000	151.380000	-4.272700	12.056000	1
65.702000	151.480000	-4.616200	12.056000	1
65.707000	151.590000	-3.931900	12.056000	1
65.713000	151.700000	-4.271700	12.056000	1
65.718000	151.800000	-4.615300	12.056000	1
65.723000	151.910000	-2.562300	12.056000	1
65.728000	152.010000	-3.592300	12.056000	1
65.733000	152.120000	-3.934700	12.056000	1
65.737000	152.230000	-3.938500	12.056000	1
65.742000	152.330000	-5.652500	12.056000	1
62.910000	130.340000	-10.109000	12.815000	1
62.930000	130.430000	-9.747100	12.815000	1
62.950000	130.520000	-9.060100	12.815000	1
62.970000	130.600000	-8.715500	12.815000	1
62.990000	130.690000	-9.757700	12.815000	1
63.009000	130.780000	-10.111000	12.815000	1
63.029000	130.860000	-9.417000	12.816000	1
63.049000	130.950000	-9.062600	12.815000	1
63.068000	131.040000	-9.420400	12.815000	1
63.088000	131.120000	-9.062500	12.816000	1
63.107000	131.210000	-9.058800	12.816000	1
63.127000	131.300000	-8.722100	12.815000	1
63.146000	131.380000	-8.389000	12.816000	1
63.166000	131.470000	-9.416000	12.816000	1
63.185000	131.560000	-8.035000	12.816000	1
63.204000	131.650000	-8.381100	12.816000	1
63.223000	131.730000	-8.377300	12.816000	1
63.242000	131.820000	-8.376900	12.816000	1
63.261000	131.910000	-9.060900	12.816000	1
63.280000	132.000000	-9.407300	12.816000	1
63.299000	132.090000	-8.380000	12.816000	1
63.318000	132.170000	-7.693600	12.816000	1
63.337000	132.260000	-8.379900	12.816000	1
65.681000	150.200000	-4.578500	12.817000	1
65.687000	150.310000	-4.228100	12.817000	1
65.693000	150.410000	-4.577700	12.817000	1
65.699000	150.520000	-3.887300	12.817000	1
65.705000	150.630000	-3.890800	12.817000	1
65.711000	150.730000	-4.913400	12.817000	1
65.717000	150.840000	-3.882900	12.817000	1
65.723000	150.940000	-4.920500	12.817000	1
65.729000	151.050000	-4.576300	12.817000	1
65.734000	151.160000	-5.595000	12.817000	1
65.740000	151.260000	-5.255800	12.817000	1
65.745000	151.370000	-4.221500	12.817000	1
65.751000	151.470000	-4.567400	12.817000	1
65.756000	151.580000	-3.194400	12.817000	1
65.761000	151.690000	-4.578300	12.817000	1
65.766000	151.790000	-3.887900	12.817000	1
65.771000	151.900000	-0.110930	12.817000	1
65.776000	152.000000	-2.514800	12.817000	1
65.781000	152.110000	-5.254000	12.817000	1
65.786000	152.220000	-7.691200	12.817000	1
65.791000	152.320000	-8.695200	12.817000	1
62.954000	130.300000	-9.474000	13.574000	1
62.974000	130.390000	-9.141400	13.574000	1
62.994000	130.470000	-9.481200	13.574000	1
63.014000	130.560000	-9.133300	13.574000	1
63.034000	130.640000	-10.171000	13.574000	1
63.054000	130.730000	-9.140200	13.574000	1
63.074000	130.820000	-9.136400	13.574000	1
63.093000	130.900000	-9.476300	13.574000	1
63.113000	130.990000	-9.479900	13.574000	1
63.133000	131.080000	-8.789100	13.575000	1
63.152000	131.170000	-10.163000	13.574000	1
63.172000	131.250000	-10.170000	13.574000	1
63.191000	131.340000	-9.483400	13.574000	1
63.210000	131.430000	-8.785000	13.574000	1
63.230000	131.520000	-7.754500	13.574000	1
63.249000	131.600000	-8.784500	13.575000	1
63.268000	131.690000	-9.821600	13.574000	1
63.287000	131.780000	-8.436500	13.575000	1
63.306000	131.870000	-8.103800	13.575000	1
63.325000	131.960000	-7.757100	13.575000	1
63.344000	132.040000	-8.440100	13.575000	1
65.736000	150.300000	-4.974100	13.576000	1
65.742000	150.400000	-5.323700	13.576000	1
65.748000	150.510000	-4.980900	13.576000	1
65.754000	150.610000	-4.984300	13.576000	1
65.760000	150.720000	-4.980400	13.576000	1
65.766000	150.830000	-4.640200	13.576000	1
65.772000	150.930000	-4.983700	13.576000	1
65.777000	151.040000	-4.295800	13.576000	1
65.783000	151.140000	-4.971900	13.576000	1
65.789000	151.250000	-5.329200	13.576000	1
65.794000	151.360000	-3.944800	13.576000	1
65.799000	151.460000	-4.630800	13.576000	1
65.805000	151.570000	-4.638200	13.576000	1
65.810000	151.680000	-3.936500	13.576000	1
65.815000	151.780000	-3.607400	13.576000	1
65.820000	151.890000	-4.319900	13.576000	1
65.825000	151.990000	-4.988700	13.576000	1
65.830000	152.100000	-4.315800	13.576000	1
62.999000	130.260000	-10.950000	14.326000	1
63.019000	130.340000	-9.918700	14.326000	1
63.039000	130.430000	-9.231700	14.326000	1
63.059000	130.510000	-9.235100	14.326000	1
63.079000	130.600000	-10.620000	14.326000	1
63.098000	130.690000	-9.921600	14.326000	1
63.118000	130.770000	-9.230800	14.327000	1
63.138000	130.860000	-9.230600	14.326000	1
63.158000	130.950000	-9.580500	14.326000	1
63.177000	131.040000	-9.580300	14.327000	1
63.197000	131.120000	-10.254000	14.327000	1
63.216000	131.210000	-9.928200	14.326000	1
63.236000	131.300000	-9.580000	14.327000	1
63.255000	131.380000	-8.203000	14.327000	1
63.274000	131.470000	-8.531800	14.327000	1
63.294000	131.560000	-8.538900	14.327000	1
63.313000	131.650000	-9.233300	14.327000	1
63.332000	131.740000	-8.888600	14.327000	1
65.791000	150.390000	-4.727900	14.328000	1
65.797000	150.500000	-5.421600	14.328000	1
65.803000	150.600000	-4.050900	14.328000	1
65.809000	150.710000	-4.730900	14.328000	1
65.814000	150.810000	-4.723200	14.328000	1
65.820000	150.920000	-4.730500	14.328000	1
65.826000	151.030000	-5.076700	14.328000	1
65.832000	151.130000	-4.726300	14.328000	1
65.837000	151.240000	-4.053300	14.328000	1
65.843000	151.350000	-4.733100	14.328000	1
65.848000	151.450000	-4.732800	14.328000	1
65.853000	151.560000	-4.052400	14.328000	1
65.859000	151.670000	-4.399700	14.328000	1
65.864000	151.770000	-2.339100	14.328000	1
65.869000	151.880000	-6.806500	14.328000	1
65.874000	151.990000	-7.482600	14.328000	1
65.879000	152.090000	-1.648500	14.328000	1
65.884000	152.200000	-5.421800	14.328000	1
63.044000	130.210000	-9.933900	15.088000	1
63.064000	130.300000	-8.219700	15.088000	1
63.084000	130.380000	-9.604500	15.088000	1
63.104000	130.470000	-9.263600	15.088000	1
63.124000	130.560000	-9.267100	15.088000	1
63.144000	130.640000	-9.263500	15.088000	1
63.164000	130.730000	-9.944000	15.088000	1
63.183000	130.820000	-9.595300	15.088000	1
63.203000	130.900000	-8.908800	15.088000	1
63.223000	130.990000	-9.935600	15.088000	1
63.242000	131.080000	-8.893400	15.088000	1
63.262000	131.170000	-9.599000	15.088000	1
63.281000	131.250000	-10.289000	15.088000	1
63.301000	131.340000	-8.908100	15.088000	1
63.320000	131.430000	-9.946300	15.088000	1
63.339000	131.520000	-10.289000	15.088000	1
63.359000	131.600000	-8.567400	15.088000	1
63.378000	131.690000	-8.216800	15.089000	1
65.846000	150.480000	-4.420800	15.090000	1
65.852000	150.590000	-5.789800	15.090000	1
65.858000	150.700000	-5.447000	15.090000	1
65.864000	150.800000	-5.446800	15.090000	1
65.870000	150.910000	-5.781700	15.090000	1
65.875000	151.020000	-5.435200	15.090000	1
65.881000	151.120000	-5.796300	15.090000	1
65.887000	151.230000	-4.761800	15.090000	1
65.892000	151.340000	-5.098100	15.090000	1
65.898000	151.440000	-6.120600	15.090000	1
65.903000	151.550000	-4.410900	15.090000	1
65.908000	151.660000	-4.407100	15.090000	1
65.913000	151.760000	-4.418000	15.090000	1
65.918000	151.870000	-6.123400	15.090000	1
65.923000	151.980000	-4.756400	15.090000	1
65.928000	152.080000	-5.096500	15.090000	1
65.933000	152.190000	-6.491900	15.090000	1
65.938000	152.300000	-7.160900	15.090000	1
65.943000	152.400000	-5.786600	15.090000	1
65.908000	150.680000	-4.133300	15.846000	1
65.913000	150.790000	-5.510000	15.846000	1
65.919000	150.900000	-5.502200	15.846000	1
65.925000	151.000000	-5.152100	15.846000	1
65.931000	151.110000	-5.147900	15.846000	1
65.936000	151.220000	-5.505300	15.847000	1
65.942000	151.320000	-5.501400	15.846000	1
65.947000	151.430000	-4.474400	15.846000	1
65.952000	151.540000	-4.818000	15.846000	1
65.958000	151.650000	-5.150500	15.846000	1
65.963000	151.750000	-3.779700	15.847000	1
65.968000	151.860000	-3.794400	15.847000	1
65.973000	151.970000	-2.771500	15.846000	1
65.978000	152.070000	-5.854700	15.847000	1
65.983000	152.180000	-2.070100	15.846000	1
65.988000	152.290000	-5.854700	15.847000	1
65.992000	152.400000	-5.862100	15.847000	1
65.997000	152.500000	-5.510800	15.847000	1
63.805000	133.220000	-7.744600	16.599000	1
63.824000	133.310000	-7.064200	16.600000	1
63.842000	133.400000	-7.404600	16.599000	1
63.860000	133.490000	-7.744900	16.599000	1
63.877000	133.580000	-6.389000	16.599000	1
63.895000	133.670000	-6.037800	16.599000	1
63.913000	133.760000	-6.718100	16.599000	1
63.931000	133.860000	-5.351200	16.599000	1
63.949000	133.950000	-6.366600	16.599000	1
63.966000	134.040000	-5.362400	16.599000	1
63.984000	134.130000	-7.767500	16.600000	1
64.001000	134.220000	-6.052800	16.600000	1
64.019000	134.310000	-8.472600	16.600000	1
65.933000	150.250000	-7.032500	16.601000	1
65.939000	150.350000	-4.609900	16.601000	1
65.945000	150.460000	-6.326300	16.601000	1
65.951000	150.570000	-3.919000	16.601000	1
65.957000	150.670000	-5.643100	16.601000	1
65.963000	150.780000	-4.605200	16.601000	1
65.969000	150.890000	-5.642800	16.601000	1
65.975000	150.990000	-4.945000	16.601000	1
65.980000	151.100000	-5.996400	16.601000	1
65.986000	151.210000	-5.631100	16.601000	1
65.991000	151.310000	-5.988400	16.601000	1
65.997000	151.420000	-4.607600	16.601000	1
66.002000	151.530000	-5.301400	16.601000	1
66.007000	151.640000	-5.301100	16.601000	1
66.013000	151.740000	-4.943300	16.601000	1
66.018000	151.850000	-3.924000	16.601000	1
66.023000	151.960000	-5.644300	16.601000	1
66.028000	152.060000	-2.549600	16.601000	1
66.033000	152.170000	-2.220700	16.601000	1
66.037000	152.280000	-6.334600	16.601000	1
66.042000	152.390000	-4.628700	16.601000	1
66.002000	150.550000	-5.333900	17.366000	1
66.008000	150.660000	-5.672900	17.366000	1
66.014000	150.770000	-6.367800	17.366000	1
66.020000	150.870000	-5.329800	17.366000	1
66.025000	150.980000	-5.329700	17.365000	1
66.031000	151.090000	-5.683300	17.366000	1
66.037000	151.200000	-5.682900	17.366000	1
66.042000	151.300000	-6.026900	17.365000	1
66.048000	151.410000	-6.022800	17.366000	1
66.053000	151.520000	-5.332300	17.366000	1
66.058000	151.630000	-4.649200	17.366000	1
66.063000	151.730000	-4.995200	17.366000	1
66.068000	151.840000	-4.316000	17.366000	1
66.074000	151.950000	-6.032900	17.366000	1
66.078000	152.060000	-4.300800	17.366000	1
66.083000	152.160000	-6.036500	17.366000	1
66.088000	152.270000	-6.025200	17.366000	1
66.093000	152.380000	-6.723000	17.366000	1
66.098000	152.490000	-6.373800	17.366000	1
63.227000	130.030000	-9.606100	18.124000	1
63.247000	130.110000	-8.571500	18.124000	1
63.267000	130.200000	-8.238100	18.124000	1
63.287000	130.290000	-8.226900	18.124000	1
63.307000	130.370000	-8.563300	18.124000	1
63.327000	130.460000	-8.574200	18.124000	1
63.347000	130.550000	-7.196500	18.124000	1
63.367000	130.630000	-9.268000	18.124000	1
63.387000	130.720000	-8.921400	18.124000	1
63.407000	130.810000	-8.921300	18.124000	1
63.427000	130.900000	-9.608000	18.124000	1
63.446000	130.990000	-9.263900	18.124000	1
63.466000	131.070000	-8.909500	18.124000	1
63.485000	131.160000	-8.917000	18.124000	1
63.505000	131.250000	-8.569000	18.124000	1
63.524000	131.340000	-8.232100	18.124000	1
63.544000	131.430000	-9.600200	18.124000	1
63.563000	131.520000	-9.270300	18.125000	1
63.582000	131.600000	-8.912500	18.124000	1
63.601000	131.690000	-9.273600	18.125000	1
63.620000	131.780000	-7.888800	18.125000	1
66.028000	150.110000	-7.846700	18.126000	1
66.034000	150.220000	-5.781700	18.126000	1
66.040000	150.330000	-5.448600	18.126000	1
66.047000	150.430000	-3.370100	18.126000	1
66.053000	150.540000	-5.444000	18.126000	1
66.059000	150.650000	-5.776900	18.126000	1
66.065000	150.760000	-5.787800	18.126000	1
66.070000	150.860000	-5.443700	18.126000	1
66.076000	150.970000	-5.783600	18.126000	1
66.082000	151.080000	-5.432400	18.126000	1
66.087000	151.180000	-6.130900	18.126000	1
66.093000	151.290000	-5.100300	18.126000	1
66.098000	151.400000	-6.115700	18.126000	1
66.104000	151.510000	-5.439000	18.126000	1
66.109000	151.620000	-4.058300	18.126000	1
66.114000	151.720000	-4.054300	18.126000	1
66.119000	151.830000	-3.375000	18.126000	1
66.124000	151.940000	-5.796900	18.126000	1
66.129000	152.050000	-5.781800	18.126000	1
66.134000	152.150000	-6.475900	18.126000	1
66.139000	152.260000	-5.792800	18.126000	1
66.144000	152.370000	-5.445300	18.126000	1