La	Lo	Sig	Theta	Ice
63.425000	131.710000	-8.276100	-12.877000	1
63.380000	131.670000	-7.250800	-12.117000	1
63.361000	131.760000	-6.921700	-12.117000	1
63.335000	131.630000	-4.781100	-11.363000	1
63.247000	131.550000	-8.595700	-9.846400	1
63.203000	131.510000	-9.632700	-9.092000	1
63.159000	131.470000	-10.083000	-8.335600	1
63.115000	131.430000	-8.756600	-7.578900	1
63.072000	131.390000	-8.781400	-6.824600	1
63.028000	131.350000	-8.563600	-6.069800	1
62.942000	131.270000	-8.535600	-4.559700	1
62.899000	131.230000	-7.423000	-3.803900	1
62.881000	131.320000	-5.712600	-3.804000	1
62.856000	131.190000	-4.589000	-3.047700	1
62.838000	131.280000	-4.592100	-3.047800	1
62.819000	131.370000	-5.272200	-3.047600	1
62.801000	131.460000	-5.272000	-3.047700	1
62.783000	131.540000	-8.022100	-3.047700	1
62.764000	131.630000	-9.062100	-3.047700	1
62.746000	131.720000	-9.061900	-3.047700	1
62.727000	131.800000	-6.651400	-3.047600	1
62.709000	131.890000	-6.651400	-3.047400	1
62.690000	131.980000	-6.311100	-3.047500	1
62.671000	132.060000	-6.991200	-3.047200	1
62.652000	132.150000	-8.024400	-3.047300	1
62.633000	132.240000	-8.374300	-3.047200	1
62.615000	132.320000	-8.024200	-3.047000	1
62.596000	132.410000	-8.023900	-3.047000	1
62.577000	132.500000	-7.343800	-3.046700	1
62.557000	132.580000	-8.373800	-3.046700	1
62.538000	132.670000	-8.023600	-3.046800	1
62.519000	132.750000	-6.993500	-3.046400	1
62.500000	132.840000	-5.963200	-3.046500	1
62.813000	131.160000	-3.088600	-2.296100	1
62.795000	131.240000	-0.338220	-2.296200	1
62.777000	131.330000	-2.738300	-2.296000	1
62.758000	131.420000	-0.678070	-2.296100	1
62.740000	131.500000	-0.677960	-2.296100	1
62.722000	131.590000	-0.337770	-2.296100	1
62.703000	131.680000	-5.137800	-2.296100	1
62.685000	131.760000	-4.457600	-2.296000	1
62.666000	131.850000	-5.477700	-2.295800	1
62.647000	131.940000	-5.817400	-2.295900	1
62.629000	132.020000	-5.137400	-2.295600	1
62.610000	132.110000	-8.227400	-2.295700	1
62.591000	132.200000	-8.227200	-2.295600	1
62.572000	132.280000	-8.227200	-2.295400	1
62.553000	132.370000	-8.917000	-2.295400	1
62.534000	132.450000	-8.230100	-2.295100	1
62.515000	132.540000	-5.819600	-2.295100	1
62.496000	132.630000	-5.139300	-2.295200	1
62.477000	132.710000	-2.739300	-2.294900	1
62.458000	132.800000	-3.089100	-2.294900	1
62.438000	132.880000	-4.118900	-2.294900	1
62.419000	132.970000	-2.398900	-2.294700	1
62.400000	133.050000	-1.368700	-2.294900	1
62.380000	133.140000	-2.048900	-2.294700	1
62.361000	133.220000	-0.335170	-2.294800	1
62.341000	133.310000	-4.455100	-2.295000	1
62.322000	133.390000	-1.365000	-2.295000	1
62.302000	133.480000	-1.014800	-2.295100	1
62.282000	133.560000	-1.364700	-2.295300	1
62.263000	133.650000	-8.225200	-2.295300	1
62.770000	131.120000	2.106200	-1.541000	1
62.752000	131.200000	0.383450	-1.541100	1
62.734000	131.290000	3.473500	-1.540900	1
62.715000	131.380000	5.883600	-1.541000	1
62.697000	131.470000	-0.996310	-1.541000	1
62.679000	131.550000	2.443900	-1.541000	1
62.660000	131.640000	-0.645980	-1.541000	1
62.642000	131.730000	1.754200	-1.540900	1
62.623000	131.810000	-0.645790	-1.540700	1
62.605000	131.900000	-3.055600	-1.540800	1
62.586000	131.980000	-3.745600	-1.540500	1
62.567000	132.070000	-1.335300	-1.540600	1
62.548000	132.160000	-3.055200	-1.540500	1
62.530000	132.240000	-4.425100	-1.540300	1
62.511000	132.330000	-9.928300	-1.540400	1
62.492000	132.410000	-4.087800	-1.540000	1
62.473000	132.500000	-5.117600	-1.540000	1
62.454000	132.590000	-4.087300	-1.540100	1
62.434000	132.670000	-3.747300	-1.539800	1
62.415000	132.760000	3.133000	-1.539800	1
62.396000	132.840000	0.043190	-1.539800	1
62.377000	132.930000	0.043206	-1.539600	1
62.357000	133.010000	-1.676600	-1.539800	1
62.338000	133.100000	0.043312	-1.539600	1
62.318000	133.180000	0.723370	-1.539700	1
62.299000	133.270000	0.723560	-1.539900	1
62.279000	133.350000	2.103600	-1.539900	1
62.260000	133.430000	3.133700	-1.540100	1
62.240000	133.520000	-0.302600	-1.540200	1
62.727000	131.080000	7.583500	-0.792230	1
62.709000	131.160000	9.993700	-0.792380	1
62.691000	131.250000	5.861000	-0.792170	1
62.673000	131.340000	10.671000	-0.792220	1
62.655000	131.430000	11.021000	-0.792250	1
62.636000	131.510000	7.241400	-0.792230	1
62.618000	131.600000	7.245100	-0.792220	1
62.599000	131.690000	3.805200	-0.792190	1
62.581000	131.770000	5.525300	-0.791970	1
62.562000	131.860000	4.145500	-0.792100	1
62.543000	131.940000	3.115600	-0.791810	1
62.525000	132.030000	1.745700	-0.791830	1
62.506000	132.120000	4.496000	-0.791810	1
62.487000	132.200000	4.146200	-0.791630	1
62.468000	132.290000	5.526400	-0.791660	1
62.449000	132.370000	-3.413600	-0.791330	1
62.430000	132.460000	4.836800	-0.791330	1
62.411000	132.550000	2.424300	-0.791380	1
62.392000	132.630000	6.554400	-0.791110	1
62.373000	132.720000	8.274600	-0.791080	1
62.354000	132.800000	6.894700	-0.791110	1
62.334000	132.890000	6.554800	-0.790920	1
62.315000	132.970000	6.895000	-0.791050	1
62.296000	133.060000	8.275000	-0.790880	1
62.276000	133.140000	5.865000	-0.790940	1
62.257000	133.220000	7.925200	-0.791200	1
62.237000	133.310000	9.997900	-0.791210	1
62.218000	133.390000	3.465200	-0.791310	1
62.198000	133.480000	7.585400	-0.791510	1
62.685000	131.040000	22.201000	0.117710	1
62.667000	131.130000	22.201000	0.117980	1
62.649000	131.210000	20.821000	0.117970	1
62.630000	131.300000	16.011000	0.117580	1
62.612000	131.390000	19.112000	0.118020	1
62.594000	131.470000	20.482000	0.117770	1
62.575000	131.560000	6.391800	0.117740	1
62.557000	131.650000	17.042000	0.118100	1
62.538000	131.730000	21.852000	0.117630	1
62.520000	131.820000	11.892000	0.117950	1
62.501000	131.910000	22.540000	0.118010	1
62.482000	131.990000	15.323000	0.117710	1
62.464000	132.080000	14.980000	0.118110	1
62.445000	132.160000	8.450600	0.118190	1
62.426000	132.250000	14.293000	0.118170	1
62.407000	132.330000	16.701000	0.118410	1
62.388000	132.420000	21.511000	0.118040	1
62.369000	132.510000	13.612000	0.118250	1
62.350000	132.590000	21.172000	0.118230	1
62.331000	132.680000	17.732000	0.117870	1
62.312000	132.760000	16.362000	0.117870	1
62.292000	132.850000	17.042000	0.117630	1
62.273000	132.930000	22.542000	0.117430	1
62.254000	133.010000	21.173000	0.117750	1
62.234000	133.100000	16.703000	0.117370	1
62.215000	133.180000	17.043000	0.117640	1
62.195000	133.270000	19.796000	0.117780	1
62.176000	133.350000	16.022000	0.117430	1
62.156000	133.440000	21.516000	0.117810	1
62.642000	131.000000	12.346000	0.733260	1
62.624000	131.090000	15.436000	0.733220	1
62.606000	131.170000	10.976000	0.733440	1
62.587000	131.260000	12.696000	0.733260	1
62.569000	131.350000	7.540100	0.733390	1
62.551000	131.430000	11.660000	0.733300	1
62.532000	131.520000	6.510300	0.733310	1
62.514000	131.610000	5.130600	0.733480	1
62.496000	131.690000	7.880800	0.733520	1
62.477000	131.780000	7.541000	0.733520	1
62.458000	131.870000	9.951300	0.733820	1
62.440000	131.950000	2.381400	0.733730	1
62.421000	132.040000	4.101700	0.733870	1
62.402000	132.120000	5.132000	0.734100	1
62.383000	132.210000	3.762200	0.734020	1
62.365000	132.290000	4.099900	0.734490	1
62.346000	132.380000	10.980000	0.734360	1
62.327000	132.460000	8.570400	0.734400	1
62.308000	132.550000	9.260700	0.734660	1
62.288000	132.630000	7.880800	0.734580	1
62.269000	132.720000	8.911000	0.734560	1
62.250000	132.800000	6.851200	0.734660	1
62.231000	132.890000	8.231300	0.734460	1
62.211000	132.970000	7.201600	0.734730	1
62.192000	133.060000	9.601600	0.734540	1
62.173000	133.140000	7.881500	0.734360	1
62.153000	133.230000	14.072000	0.734400	1
62.134000	133.310000	8.231500	0.734170	1
62.114000	133.390000	14.081000	0.734090	1
62.094000	133.480000	6.520300	0.734050	1
62.075000	133.560000	-7.239000	0.733560	1
62.055000	133.650000	-5.178900	0.733760	1
62.599000	130.960000	-0.322860	1.488400	1
62.581000	131.050000	1.737200	1.488400	1
62.563000	131.140000	5.517500	1.488600	1
62.544000	131.220000	0.707480	1.488400	1
62.526000	131.310000	1.737700	1.488500	1
62.508000	131.390000	4.487700	1.488500	1
62.490000	131.480000	2.767800	1.488500	1
62.471000	131.570000	1.058100	1.488600	1
62.453000	131.650000	3.115400	1.488700	1
62.434000	131.740000	0.025587	1.488700	1
62.416000	131.830000	1.056000	1.488900	1
62.397000	131.910000	2.426100	1.488900	1
62.378000	132.000000	3.456400	1.489000	1
62.360000	132.080000	-3.073400	1.489200	1
62.341000	132.170000	-4.793300	1.489100	1
62.322000	132.250000	0.027450	1.489600	1
62.303000	132.340000	0.707610	1.489500	1
62.284000	132.420000	3.117900	1.489500	1
62.265000	132.510000	0.368240	1.489800	1
62.246000	132.590000	-0.661640	1.489700	1
62.227000	132.680000	-2.381500	1.489700	1
62.207000	132.760000	2.088800	1.489800	1
62.188000	132.850000	2.428800	1.489600	1
62.169000	132.930000	4.489200	1.489900	1
62.150000	133.020000	3.459200	1.489700	1
62.130000	133.100000	4.149100	1.489500	1
62.111000	133.190000	-1.347300	1.489500	1
62.091000	133.270000	-0.317380	1.489300	1
62.072000	133.350000	-0.649890	1.489200	1
62.556000	130.920000	3.004900	2.237600	1
62.538000	131.010000	-2.145200	2.237500	1
62.520000	131.100000	-0.777990	2.237800	1
62.502000	131.180000	-0.774870	2.237600	1
62.484000	131.270000	-1.114700	2.237700	1
62.465000	131.360000	-0.774630	2.237600	1
62.447000	131.440000	-2.144500	2.237700	1
62.429000	131.530000	-5.927600	2.237800	1
62.410000	131.610000	-0.777140	2.237800	1
62.392000	131.700000	0.603080	2.237900	1
62.373000	131.790000	-0.436560	2.238100	1
62.355000	131.870000	-3.866500	2.238100	1
62.336000	131.960000	-5.246400	2.238200	1
62.317000	132.040000	-4.215900	2.238400	1
62.298000	132.130000	-4.215800	2.238300	1
62.280000	132.210000	-2.835100	2.238800	1
62.261000	132.300000	-2.144900	2.238600	1
62.242000	132.380000	-2.144700	2.238700	1
62.223000	132.470000	-3.184300	2.238900	1
62.204000	132.550000	-3.864200	2.238900	1
62.185000	132.640000	-0.773940	2.238900	1
62.165000	132.720000	-0.430090	2.239000	1
62.146000	132.810000	0.609940	2.238800	1
62.127000	132.890000	-1.109700	2.239000	1
62.108000	132.980000	2.320400	2.238900	1
62.088000	133.060000	-1.799800	2.238700	1
62.069000	133.140000	-6.269900	2.238700	1
62.049000	133.230000	-4.550000	2.238500	1
62.513000	130.880000	-2.205900	2.993900	1
62.495000	130.970000	-4.616000	2.993900	1
62.477000	131.060000	-7.709300	2.994100	1
62.459000	131.140000	-4.619000	2.994000	1
62.441000	131.230000	-6.675600	2.994100	1
62.423000	131.320000	-7.709100	2.994000	1
62.404000	131.400000	-8.049000	2.994000	1
62.386000	131.490000	-4.615100	2.994100	1
62.368000	131.570000	-5.298300	2.994200	1
62.349000	131.660000	-5.648100	2.994200	1
62.331000	131.750000	-3.587600	2.994400	1
62.312000	131.830000	-6.677700	2.994400	1
62.293000	131.920000	-7.017500	2.994500	1
62.275000	132.000000	-6.680400	2.994700	1
62.256000	132.090000	-5.646900	2.994600	1
62.237000	132.170000	-6.336300	2.995100	1
62.218000	132.260000	-5.299400	2.995000	1
62.199000	132.340000	-3.235500	2.995000	1
62.180000	132.430000	-4.611800	2.995200	1
62.161000	132.510000	-3.921600	2.995200	1
62.142000	132.600000	-0.831310	2.995200	1
62.123000	132.680000	-2.204400	2.995300	1
62.104000	132.770000	-4.261200	2.995100	1
62.085000	132.850000	-2.550800	2.995300	1
62.065000	132.930000	-2.204000	2.995200	1
62.046000	133.020000	-6.674300	2.995000	1
62.026000	133.100000	-7.364300	2.995000	1
62.470000	130.850000	-6.365700	3.749000	1
62.452000	130.930000	-2.585400	3.749000	1
62.434000	131.020000	-6.028900	3.749200	1
62.416000	131.110000	-6.028800	3.749000	1
62.398000	131.190000	-1.908400	3.749200	1
62.380000	131.280000	-6.718700	3.749100	1
62.361000	131.360000	-7.058600	3.749100	1
62.343000	131.450000	-7.058400	3.749200	1
62.325000	131.540000	-5.338000	3.749200	1
62.306000	131.620000	-7.748200	3.749300	1
62.288000	131.710000	-7.057700	3.749500	1
62.269000	131.790000	-7.747700	3.749500	1
62.251000	131.880000	-7.060800	3.749600	1
62.232000	131.960000	-8.087000	3.749800	1
62.213000	132.050000	-7.396800	3.749700	1
62.194000	132.130000	-6.022600	3.750200	1
62.176000	132.220000	-7.056000	3.750000	1
62.157000	132.300000	-5.332100	3.750100	1
62.138000	132.390000	-5.681800	3.750300	1
62.119000	132.470000	-6.025100	3.750300	1
62.100000	132.560000	-7.051600	3.750300	1
62.081000	132.640000	-5.684600	3.750400	1
62.061000	132.730000	-1.900900	3.750200	1
62.042000	132.810000	-1.214000	3.750400	1
62.023000	132.890000	-7.054300	3.750300	1
62.004000	132.980000	-8.434500	3.750100	1
61.984000	133.060000	-7.394300	3.750100	1
61.965000	133.150000	-7.394400	3.749900	1
61.945000	133.230000	-8.774600	3.749800	1
61.926000	133.310000	-7.744400	3.749800	1
61.906000	133.400000	-8.084800	3.749300	1
61.886000	133.480000	-8.434700	3.749400	1
61.867000	133.560000	-5.331000	3.749300	1
61.847000	133.650000	0.165530	3.748900	1
61.827000	133.730000	0.508940	3.748900	1
61.807000	133.810000	-8.085500	3.748600	1
61.787000	133.890000	-8.779000	3.748600	1
61.767000	133.980000	-6.365100	3.748600	1
61.747000	134.060000	-8.089000	3.748300	1
61.727000	134.140000	-5.688500	3.748400	1
61.707000	134.220000	-5.331300	3.748400	1
61.687000	134.310000	-6.715000	3.748200	1
61.667000	134.390000	-7.394900	3.748300	1
61.646000	134.470000	-6.364900	3.748000	1
61.626000	134.550000	-7.055000	3.747900	1
61.606000	134.630000	-7.054800	3.748000	1
61.585000	134.720000	-6.715000	3.747700	1
61.565000	134.800000	-7.054900	3.747800	1
61.544000	134.880000	-7.744900	3.747800	1
61.523000	134.960000	-7.055000	3.747600	1
61.503000	135.040000	-7.054900	3.747800	1
62.384000	130.770000	-7.408500	5.257600	1
62.254000	130.650000	-4.613900	7.523400	1
62.211000	130.610000	-6.986800	8.276900	1
62.079000	130.490000	-8.212800	10.548000	1
62.061000	130.580000	-8.552900	10.548000	1
62.044000	130.670000	-8.208900	10.548000	1
62.026000	130.750000	-9.243200	10.548000	1
62.008000	130.840000	-8.208800	10.548000	1
61.990000	130.920000	-8.212600	10.548000	1
61.972000	131.010000	-7.866200	10.548000	1
61.954000	131.090000	-8.900200	10.549000	1
61.935000	131.180000	-8.212400	10.548000	1
61.917000	131.260000	-8.900400	10.549000	1
61.899000	131.350000	-8.556100	10.549000	1
61.881000	131.430000	-8.219600	10.549000	1
61.862000	131.520000	-9.594000	10.549000	1
61.844000	131.600000	-8.899700	10.549000	1
61.825000	131.680000	-8.895800	10.549000	1
61.807000	131.770000	-8.215200	10.549000	1
61.788000	131.850000	-8.559000	10.549000	1
61.769000	131.940000	-8.218600	10.549000	1
61.751000	132.020000	-7.528100	10.550000	1
61.732000	132.100000	-6.834100	10.549000	1
61.713000	132.190000	-8.217900	10.550000	1
61.694000	132.270000	-7.867700	10.550000	1
61.675000	132.350000	-7.527500	10.549000	1
61.656000	132.440000	-7.523600	10.550000	1
61.637000	132.520000	-7.177100	10.549000	1
61.618000	132.600000	-7.859700	10.549000	1
61.599000	132.690000	-8.893800	10.549000	1
61.580000	132.770000	-7.859600	10.549000	1
61.561000	132.850000	-8.549700	10.549000	1
61.541000	132.940000	-7.519100	10.549000	1
61.522000	133.020000	-7.523100	10.548000	1
61.503000	133.100000	-7.855300	10.548000	1
61.483000	133.180000	-7.176600	10.548000	1
61.464000	133.270000	-6.836400	10.548000	1
61.444000	133.350000	-7.176700	10.548000	1
61.424000	133.430000	-7.863300	10.548000	1
61.405000	133.510000	-8.549700	10.548000	1
61.385000	133.590000	-9.247500	10.548000	1
61.365000	133.680000	-8.217300	10.547000	1
61.345000	133.760000	-7.527000	10.547000	1
61.325000	133.840000	-7.863300	10.547000	1
61.305000	133.920000	-6.836600	10.547000	1
61.285000	134.000000	-8.553700	10.547000	1
61.265000	134.080000	-6.836600	10.547000	1
61.245000	134.160000	-6.496500	10.547000	1
61.225000	134.240000	-7.866900	10.547000	1
61.205000	134.330000	-7.867000	10.547000	1
61.185000	134.410000	-7.866700	10.547000	1
61.164000	134.490000	-8.216900	10.547000	1
61.144000	134.570000	-7.522800	10.547000	1
61.124000	134.650000	-7.169100	10.547000	1
61.103000	134.730000	-7.519200	10.547000	1
61.083000	134.810000	-6.492700	10.547000	1
61.062000	134.890000	-6.492600	10.547000	1
61.041000	134.970000	-6.832700	10.547000	1