La	Lo	Sig	Theta	Ice
48.791000	132.950000	-3.609600	-10.597000	1
48.755000	132.990000	-6.349100	-10.598000	1
48.720000	133.030000	-5.669100	-10.598000	1
48.684000	133.070000	-4.639100	-10.597000	1
48.649000	133.110000	-4.979400	-10.598000	1
48.614000	133.150000	-1.206800	-10.597000	1
48.578000	133.190000	-1.210800	-10.597000	1
48.543000	133.230000	-4.651600	-10.597000	1
48.507000	133.270000	-3.604000	-10.597000	1
48.472000	133.310000	-2.234700	-10.597000	1
48.436000	133.350000	-4.299000	-10.597000	1
48.401000	133.390000	-4.985400	-10.597000	1
48.365000	133.430000	-3.269200	-10.597000	1
48.330000	133.470000	-2.575400	-10.597000	1
48.294000	133.500000	-3.598300	-10.597000	1
48.259000	133.540000	-3.266100	-10.597000	1
48.223000	133.580000	-5.326500	-10.597000	1
48.188000	133.620000	3.267600	-10.597000	1
48.152000	133.660000	0.517420	-10.597000	1
48.116000	133.700000	-8.424700	-10.597000	1
48.081000	133.740000	-7.052000	-10.597000	1
47.930000	133.470000	-6.540000	-6.821300	1
47.894000	133.510000	-7.224300	-6.821100	1
47.859000	133.550000	-5.500400	-6.821300	1
47.823000	133.590000	-5.160700	-6.821100	1
47.788000	133.620000	-2.078000	-6.821200	1
47.752000	133.660000	-3.108300	-6.821300	1
47.716000	133.700000	-1.037600	-6.821200	1
47.681000	133.740000	-5.502000	-6.821200	1
47.645000	133.780000	-5.162400	-6.820800	1
47.609000	133.820000	-5.502400	-6.821300	1
47.574000	133.850000	-5.856700	-6.820900	1
47.538000	133.890000	-5.503000	-6.820900	1
47.502000	133.930000	-6.543200	-6.821400	1
47.467000	133.970000	-4.823500	-6.820700	1
47.431000	134.010000	-4.133400	-6.821200	1
47.395000	134.050000	-5.167700	-6.820800	1
47.359000	134.080000	-5.858100	-6.820900	1
47.324000	134.120000	0.332300	-6.821100	1
47.288000	134.160000	5.145500	-6.820900	1
47.252000	134.200000	-2.426200	-6.820900	1
47.216000	134.240000	-0.702550	-6.821000	1
47.180000	134.270000	-3.795500	-6.821100	1
47.144000	134.310000	2.054600	-6.821000	1
47.108000	134.350000	-2.415800	-6.821100	1
47.073000	134.390000	-4.139900	-6.821000	1
47.037000	134.420000	-7.230500	-6.821200	1
47.865000	133.450000	-5.961000	-6.066800	1
47.829000	133.490000	-5.621100	-6.067000	1
47.794000	133.530000	-4.591400	-6.066700	1
47.758000	133.570000	-3.901400	-6.066900	1
47.722000	133.610000	-3.898300	-6.066900	1
47.687000	133.650000	-4.248600	-6.066900	1
47.651000	133.690000	-5.622700	-6.066900	1
47.615000	133.720000	-5.619400	-6.066500	1
47.580000	133.760000	-6.999500	-6.067000	1
47.544000	133.800000	-7.000100	-6.066500	1
47.508000	133.840000	-5.283700	-6.066600	1
47.473000	133.880000	-6.313800	-6.067000	1
47.437000	133.920000	-8.038500	-6.066300	1
47.401000	133.950000	-5.964400	-6.066900	1
48.371000	132.720000	-3.520300	-4.557900	1
48.336000	132.760000	-2.840600	-4.557800	1
48.301000	132.800000	-3.520900	-4.557700	1
48.266000	132.840000	-1.801000	-4.557800	1
48.230000	132.880000	-0.424980	-4.557400	1
48.195000	132.920000	-4.205100	-4.557800	1
48.160000	132.960000	-4.895500	-4.557500	1
48.124000	133.000000	-2.835500	-4.557600	1
48.089000	133.040000	6.778200	-4.557800	1
48.053000	133.070000	4.717500	-4.557400	1
48.018000	133.110000	-10.401000	-4.557700	1
47.983000	133.150000	-2.836900	-4.557300	1
47.947000	133.190000	-3.863400	-4.557600	1
47.912000	133.230000	-5.583800	-4.557700	1
47.876000	133.270000	-5.244200	-4.557300	1
47.841000	133.310000	-6.277900	-4.557800	1
47.805000	133.350000	-4.898200	-4.557500	1
47.770000	133.390000	-1.808000	-4.557800	1
47.734000	133.430000	-2.838600	-4.557400	1
47.699000	133.460000	-4.558700	-4.557700	1
47.663000	133.500000	-3.865600	-4.557600	1
47.628000	133.540000	-3.175700	-4.557700	1
47.592000	133.580000	-4.556000	-4.557600	1
47.556000	133.620000	-4.896600	-4.557200	1
47.521000	133.660000	-6.616600	-4.557800	1
47.485000	133.700000	-6.620800	-4.557200	1
47.449000	133.730000	-5.587300	-4.557400	1
47.414000	133.770000	-6.280900	-4.557800	1
47.378000	133.810000	-6.961700	-4.557100	1
47.342000	133.850000	-0.777500	-4.557700	1
47.307000	133.890000	-4.558300	-4.557200	1
47.271000	133.930000	1.968300	-4.557400	1
47.235000	133.960000	-4.205200	-4.557500	1
47.200000	134.000000	-3.869000	-4.557400	1
47.164000	134.040000	-2.499200	-4.557400	1
47.128000	134.080000	-3.179400	-4.557500	1
47.092000	134.110000	0.940570	-4.557600	1
47.056000	134.150000	1.626800	-4.557500	1
47.021000	134.190000	-4.563700	-4.557500	1
46.985000	134.230000	-4.904100	-4.557500	1
46.949000	134.270000	-3.874000	-4.557700	1
48.833000	132.100000	-7.914400	-3.802300	1
48.798000	132.140000	-3.784300	-3.802300	1
48.763000	132.180000	-4.818100	-3.802400	1
48.728000	132.220000	-3.788400	-3.802300	1
48.693000	132.260000	-1.035100	-3.802200	1
48.658000	132.310000	-1.725300	-3.802400	1
48.623000	132.350000	-2.075700	-3.802300	1
48.588000	132.390000	-6.536300	-3.802300	1
48.553000	132.430000	-5.859800	-3.802400	1
48.517000	132.470000	-3.446600	-3.802200	1
48.482000	132.510000	-5.510400	-3.802200	1
48.447000	132.550000	-5.503800	-3.802500	1
48.412000	132.590000	-3.784200	-3.802100	1
48.377000	132.630000	-5.164400	-3.802300	1
48.341000	132.670000	-2.074400	-3.802400	1
48.306000	132.710000	-9.979200	-3.802300	1
48.271000	132.750000	-3.445100	-3.802300	1
48.236000	132.790000	-1.035200	-3.802300	1
48.200000	132.820000	-4.139300	-3.801900	1
48.165000	132.860000	-2.419000	-3.802400	1
48.130000	132.900000	-4.139600	-3.802000	1
48.094000	132.940000	-2.419600	-3.802100	1
48.059000	132.980000	4.110500	-3.802300	1
48.024000	133.020000	8.240100	-3.802000	1
47.988000	133.060000	-7.227200	-3.802300	1
47.953000	133.100000	-5.857700	-3.801900	1
47.917000	133.140000	-5.167600	-3.802200	1
47.882000	133.180000	-4.477700	-3.802300	1
47.847000	133.220000	-3.111700	-3.801900	1
47.811000	133.260000	-4.821800	-3.802300	1
47.776000	133.300000	-3.452100	-3.802100	1
47.740000	133.330000	-3.792200	-3.802300	1
47.705000	133.370000	-3.112600	-3.801900	1
47.669000	133.410000	-3.792600	-3.802300	1
47.634000	133.450000	-3.452900	-3.802100	1
47.598000	133.490000	-2.419600	-3.802300	1
47.563000	133.530000	-2.419900	-3.802200	1
47.527000	133.570000	-4.480500	-3.801800	1
47.491000	133.600000	-5.170400	-3.802400	1
47.456000	133.640000	-5.171100	-3.801800	1
47.420000	133.680000	-3.791100	-3.802000	1
47.384000	133.720000	-4.484600	-3.802300	1
47.349000	133.760000	-0.705120	-3.801800	1
47.313000	133.800000	-0.365010	-3.802200	1
47.277000	133.830000	0.324440	-3.801800	1
47.242000	133.870000	2.047800	-3.802000	1
47.206000	133.910000	-3.116000	-3.802000	1
47.170000	133.950000	-3.112900	-3.802100	1
47.135000	133.990000	-3.793200	-3.801900	1
47.099000	134.020000	-5.516900	-3.802100	1
47.063000	134.060000	-1.393400	-3.802100	1
47.027000	134.100000	7.546500	-3.802100	1
46.991000	134.140000	-2.767400	-3.802100	1
46.956000	134.180000	-5.867900	-3.802000	1
46.920000	134.210000	-4.147900	-3.802300	1
46.884000	134.250000	-1.738000	-3.802300	1
46.848000	134.290000	-4.492000	-3.802000	1
46.812000	134.330000	-4.832200	-3.802200	1
46.776000	134.360000	-3.462500	-3.801900	1
46.740000	134.400000	-4.825700	-3.802200	1
46.704000	134.440000	-7.579900	-3.801900	1
46.669000	134.470000	-4.149700	-3.802000	1
46.633000	134.510000	-1.049700	-3.802100	1
46.597000	134.550000	1.699900	-3.801900	1
46.561000	134.590000	-0.016770	-3.802000	1
46.525000	134.620000	-4.487200	-3.802000	1
46.489000	134.660000	-6.901300	-3.801800	1
46.453000	134.700000	-5.521200	-3.802100	1
46.417000	134.730000	-4.835000	-3.802000	1
46.381000	134.770000	-6.215400	-3.801900	1
46.344000	134.810000	-6.555600	-3.802100	1
46.308000	134.840000	-6.212200	-3.802100	1
46.272000	134.880000	-6.212600	-3.801900	1
46.236000	134.920000	-7.939900	-3.802000	1
46.200000	134.950000	-7.930300	-3.801800	1
46.164000	134.990000	-6.556700	-3.802000	1
46.128000	135.030000	-5.876900	-3.802000	1
46.092000	135.060000	-5.527200	-3.801800	1
46.055000	135.100000	-7.927800	-3.801800	1
46.019000	135.140000	-6.901400	-3.801800	1
45.983000	135.170000	1.692200	-3.801600	1
45.947000	135.210000	-7.932100	-3.801700	1
45.911000	135.240000	-2.098400	-3.801700	1
45.874000	135.280000	-2.098600	-3.801700	1
45.838000	135.320000	-6.212600	-3.801800	1
45.802000	135.350000	-8.626900	-3.801600	1
45.766000	135.390000	2.030600	-3.801800	1
45.729000	135.420000	-9.661100	-3.801800	1
45.693000	135.460000	-7.577100	-3.801700	1
45.657000	135.500000	-0.720310	-3.801800	1
45.620000	135.530000	-9.308600	-3.801600	1
48.663000	132.210000	-1.290000	-3.046500	1
48.628000	132.250000	-3.010200	-3.046600	1
48.593000	132.290000	-3.700600	-3.046500	1
48.558000	132.330000	-4.380900	-3.046500	1
48.522000	132.370000	-3.701000	-3.046600	1
48.487000	132.410000	0.078689	-3.046500	1
48.452000	132.450000	-5.411800	-3.046500	1
48.417000	132.490000	-3.705100	-3.046700	1
48.382000	132.530000	-2.669100	-3.046300	1
48.347000	132.570000	-4.382600	-3.046500	1
48.312000	132.610000	-3.012700	-3.046600	1
48.276000	132.650000	-9.877200	-3.046500	1
48.241000	132.690000	-1.983200	-3.046500	1
48.206000	132.730000	-1.293400	-3.046500	1
48.171000	132.770000	-3.694000	-3.046200	1
48.135000	132.810000	-3.343900	-3.046600	1
48.100000	132.850000	-3.344300	-3.046300	1
48.065000	132.890000	-4.031100	-3.046400	1
48.029000	132.930000	12.796000	-3.046500	1
47.994000	132.970000	6.268600	-3.046200	1
47.959000	133.010000	-7.475200	-3.046500	1
47.923000	133.050000	-0.595470	-3.046100	1
47.888000	133.090000	-3.692200	-3.046400	1
47.852000	133.130000	-4.372500	-3.046500	1
47.817000	133.160000	-4.376400	-3.046200	1
47.782000	133.200000	-0.942900	-3.046500	1
47.746000	133.240000	-1.976600	-3.046300	1
47.711000	133.280000	-1.626700	-3.046600	1
47.675000	133.320000	-1.627200	-3.046200	1
47.640000	133.360000	-2.667200	-3.046600	1
47.604000	133.400000	-2.667500	-3.046300	1
47.569000	133.440000	-2.667600	-3.046600	1
47.533000	133.480000	-2.314500	-3.046400	1
47.497000	133.510000	-1.285000	-3.046100	1
47.462000	133.550000	-3.004900	-3.046600	1
47.426000	133.590000	-4.725700	-3.046000	1
47.391000	133.630000	-4.035700	-3.046300	1
47.355000	133.670000	-3.009000	-3.046500	1
47.319000	133.710000	-3.346300	-3.046100	1
47.284000	133.740000	-0.949520	-3.046500	1
47.248000	133.780000	5.240000	-3.046100	1
47.212000	133.820000	-3.010300	-3.046200	1
47.177000	133.860000	-2.320400	-3.046300	1
47.141000	133.900000	-1.980600	-3.046300	1
47.105000	133.930000	-0.950950	-3.046200	1
47.070000	133.970000	-3.007700	-3.046400	1
47.034000	134.010000	-0.947920	-3.046400	1
46.998000	134.050000	5.932000	-3.046400	1
46.962000	134.090000	4.898300	-3.046400	1
46.926000	134.120000	-3.352100	-3.046300	1
46.891000	134.160000	-4.042200	-3.046500	1
46.855000	134.200000	-1.982300	-3.046600	1
46.819000	134.240000	1.457300	-3.046300	1
46.783000	134.270000	2.147200	-3.046400	1
46.747000	134.310000	0.076733	-3.046200	1
46.711000	134.350000	-1.633300	-3.046500	1
46.675000	134.390000	-1.630300	-3.046200	1
46.640000	134.420000	4.896300	-3.046300	1
46.604000	134.460000	6.956200	-3.046400	1
46.568000	134.500000	4.205800	-3.046200	1
46.532000	134.530000	1.115600	-3.046300	1
46.496000	134.570000	0.075298	-3.046300	1
46.460000	134.610000	-5.415300	-3.046100	1
48.738000	132.040000	1.260900	-2.295300	1
48.703000	132.080000	0.580660	-2.295400	1
48.668000	132.120000	-3.549900	-2.295300	1
48.633000	132.160000	-1.830100	-2.295300	1
48.598000	132.200000	0.919780	-2.295400	1
48.563000	132.240000	0.229410	-2.295300	1
48.528000	132.280000	-2.170900	-2.295300	1
48.493000	132.320000	-5.271200	-2.295500	1
48.458000	132.360000	-3.211500	-2.295300	1
48.422000	132.400000	-2.521800	-2.295300	1
48.387000	132.440000	4.358300	-2.295500	1
48.352000	132.480000	2.287700	-2.295100	1
48.317000	132.520000	-1.832500	-2.295300	1
48.282000	132.560000	-3.892700	-2.295500	1
48.247000	132.600000	-6.643200	-2.295300	1
48.211000	132.640000	-11.120000	-2.295400	1
48.176000	132.680000	-0.803360	-2.295400	1
48.141000	132.720000	0.919370	-2.295000	1
48.106000	132.760000	2.286400	-2.295400	1
48.070000	132.800000	-0.461000	-2.295100	1
48.035000	132.840000	-0.114200	-2.295200	1
48.000000	132.880000	12.946000	-2.295300	1
47.964000	132.920000	-4.584900	-2.295100	1
47.929000	132.960000	-10.086000	-2.295400	1
47.894000	133.000000	-2.865400	-2.294900	1
47.858000	133.030000	-1.832100	-2.295300	1
47.823000	133.070000	-1.492300	-2.295300	1
47.788000	133.110000	-1.492800	-2.295100	1
47.752000	133.150000	-1.142900	-2.295300	1
47.717000	133.190000	0.226850	-2.295200	1
47.681000	133.230000	0.916790	-2.295400	1
47.646000	133.270000	-2.523800	-2.295000	1
47.610000	133.310000	-1.496900	-2.295400	1
47.575000	133.350000	-2.867300	-2.295100	1
47.539000	133.380000	-2.527300	-2.295400	1
47.504000	133.420000	-1.837600	-2.295200	1
47.468000	133.460000	-1.148000	-2.294900	1
47.433000	133.500000	-2.524600	-2.295500	1
47.397000	133.540000	-2.525300	-2.294800	1
47.361000	133.580000	-2.525300	-2.295100	1
47.326000	133.620000	-2.175400	-2.295300	1
47.290000	133.650000	-2.866000	-2.295000	1
47.255000	133.690000	3.664200	-2.295300	1
47.219000	133.730000	2.973700	-2.295000	1
47.183000	133.770000	-2.529800	-2.295100	1
47.148000	133.810000	-3.220000	-2.295100	1
47.112000	133.840000	-3.560200	-2.295200	1
47.076000	133.880000	-4.930700	-2.295000	1
47.041000	133.920000	-2.870600	-2.295300	1
47.005000	133.960000	-1.147500	-2.295200	1
46.969000	134.000000	-0.117650	-2.295300	1
46.933000	134.030000	4.002100	-2.295200	1
46.897000	134.070000	-0.471420	-2.295200	1
46.862000	134.110000	-4.588400	-2.295400	1
46.826000	134.150000	3.311500	-2.295400	1
46.790000	134.180000	1.598000	-2.295200	1
46.754000	134.220000	-2.182300	-2.295300	1
46.718000	134.260000	-5.282800	-2.295000	1
46.682000	134.300000	-5.966000	-2.295300	1
46.647000	134.330000	0.566930	-2.295100	1
46.611000	134.370000	9.156800	-2.295200	1
46.575000	134.410000	8.810100	-2.295300	1
46.539000	134.440000	6.749700	-2.295100	1
46.503000	134.480000	1.599600	-2.295200	1
46.467000	134.520000	-3.220800	-2.295200	1
46.431000	134.560000	-3.904400	-2.295000	1
46.395000	134.590000	-3.904400	-2.295300	1
48.743000	131.940000	-4.900100	-1.540600	1
48.708000	131.980000	-2.153300	-1.540600	1
48.673000	132.030000	0.259480	-1.540700	1
48.638000	132.070000	3.012400	-1.540600	1
48.603000	132.110000	5.069200	-1.540600	1
48.568000	132.150000	5.409000	-1.540700	1
48.533000	132.190000	6.448600	-1.540600	1
48.498000	132.230000	1.628300	-1.540600	1
48.463000	132.270000	-2.491900	-1.540800	1
48.428000	132.310000	-2.492300	-1.540500	1
48.393000	132.350000	1.287500	-1.540600	1
48.357000	132.390000	5.067400	-1.540800	1
47.970000	132.820000	12.628000	-1.540600	1
47.935000	132.860000	6.444700	-1.540400	1
47.899000	132.900000	-6.265700	-1.540700	1
47.864000	132.940000	5.404100	-1.540200	1
47.829000	132.980000	2.314100	-1.540600	1
47.793000	133.020000	1.627100	-1.540600	1
47.758000	133.060000	-0.083326	-1.540400	1
47.723000	133.100000	0.946520	-1.540500	1
47.687000	133.140000	1.286300	-1.540500	1
47.652000	133.180000	1.976200	-1.540700	1
47.616000	133.220000	-0.087307	-1.540300	1
47.581000	133.250000	1.622800	-1.540700	1
47.545000	133.290000	-1.117700	-1.540400	1
47.510000	133.330000	-1.117600	-1.540800	1
47.474000	133.370000	-0.767980	-1.540500	1
47.439000	133.410000	0.601650	-1.540300	1
47.403000	133.450000	-0.078245	-1.540800	1
47.368000	133.490000	-0.078889	-1.540100	1
47.332000	133.520000	-0.425590	-1.540500	1
47.297000	133.560000	-0.425760	-1.540600	1
47.261000	133.600000	2.320900	-1.540300	1
47.225000	133.640000	8.153800	-1.540500	1
47.190000	133.680000	-1.456700	-1.540300	1
47.154000	133.720000	-0.769820	-1.540400	1
47.118000	133.750000	-3.870100	-1.540400	1
47.083000	133.790000	-6.270400	-1.540600	1
47.047000	133.830000	-4.900800	-1.540300	1
47.011000	133.870000	-2.830700	-1.540600	1
46.976000	133.910000	-4.211100	-1.540500	1
46.940000	133.940000	-0.431160	-1.540700	1
46.904000	133.980000	0.601870	-1.540500	1
46.868000	134.020000	5.761600	-1.540500	1
46.833000	134.060000	6.791600	-1.540700	1
46.797000	134.090000	5.761300	-1.540700	1
46.761000	134.130000	2.318000	-1.540600	1
46.725000	134.170000	-3.872300	-1.540600	1
46.689000	134.210000	-7.653000	-1.540400	1
46.654000	134.240000	-7.655900	-1.540700	1
46.618000	134.280000	-1.803100	-1.540400	1
46.582000	134.320000	5.066900	-1.540500	1
46.546000	134.360000	6.096700	-1.540600	1
46.510000	134.390000	4.379800	-1.540400	1
46.474000	134.430000	4.039600	-1.540500	1
46.438000	134.470000	-0.430670	-1.540500	1
46.402000	134.500000	-0.771060	-1.540400	1
46.366000	134.540000	-2.154100	-1.540600	1
46.330000	134.580000	-2.154400	-1.540500	1
48.678000	131.930000	3.697600	-0.792230	1
48.643000	131.970000	-0.082704	-0.792330	1
48.608000	132.010000	4.037000	-0.792240	1
48.573000	132.050000	6.786700	-0.792190	1
48.538000	132.090000	8.506500	-0.792330	1
48.503000	132.130000	6.789400	-0.792260	1
48.468000	132.170000	-0.080930	-0.792260	1
48.433000	132.210000	-0.423870	-0.792430	1
48.398000	132.250000	2.315800	-0.792180	1
48.363000	132.300000	4.385500	-0.792200	1
48.328000	132.340000	10.915000	-0.792480	1
48.293000	132.380000	5.414900	-0.792090	1
48.257000	132.420000	3.694700	-0.792190	1
48.222000	132.460000	-1.468300	-0.792400	1
48.187000	132.490000	-2.838700	-0.792220	1
48.152000	132.530000	-0.428790	-0.792320	1
48.117000	132.570000	5.061000	-0.792280	1
48.082000	132.610000	1.286700	-0.791950	1
48.046000	132.650000	3.356600	-0.792340	1
48.011000	132.690000	5.756300	-0.791970	1
47.976000	132.730000	11.596000	-0.792200	1
47.941000	132.770000	10.916000	-0.792170	1
47.905000	132.810000	10.226000	-0.792040	1
47.870000	132.850000	10.913000	-0.792270	1
47.835000	132.890000	5.752400	-0.791880	1
47.799000	132.930000	6.442300	-0.792250	1
47.764000	132.970000	5.062000	-0.792200	1
47.729000	133.010000	5.751700	-0.792090	1
47.693000	133.050000	6.101500	-0.792140	1
47.658000	133.090000	5.754500	-0.792180	1
47.622000	133.120000	6.104400	-0.792350	1
47.587000	133.160000	7.134000	-0.791930	1
47.552000	133.200000	5.064000	-0.792380	1
47.516000	133.240000	3.693600	-0.792020	1
47.481000	133.280000	3.003600	-0.792440	1
47.445000	133.320000	5.060500	-0.792170	1
47.410000	133.360000	5.060200	-0.791920	1
47.374000	133.400000	6.440200	-0.792400	1
47.339000	133.430000	7.809700	-0.791790	1
47.303000	133.470000	4.379600	-0.792120	1
47.267000	133.510000	8.499400	-0.792190	1
47.232000	133.550000	14.339000	-0.792020	1
47.196000	133.590000	8.842200	-0.792150	1
47.161000	133.630000	-0.428140	-0.792010	1
47.125000	133.660000	-2.841100	-0.792080	1
47.089000	133.700000	1.278700	-0.792100	1
47.054000	133.740000	-4.221600	-0.792280	1
47.018000	133.780000	-5.254700	-0.791960	1
46.982000	133.820000	-0.431980	-0.792290	1
46.947000	133.850000	-6.965300	-0.792200	1
46.911000	133.890000	-3.185300	-0.792340	1
46.875000	133.930000	1.627200	-0.792230	1
46.840000	133.970000	10.907000	-0.792160	1
46.804000	134.000000	15.027000	-0.792420	1
46.768000	134.040000	14.340000	-0.792410	1
46.732000	134.080000	2.659600	-0.792310	1
46.696000	134.120000	-6.283600	-0.792290	1
46.661000	134.150000	-10.760000	-0.792100	1
46.625000	134.190000	-2.843800	-0.792350	1
46.589000	134.230000	2.655900	-0.792120	1
46.553000	134.270000	5.055700	-0.792170	1
46.517000	134.300000	1.625500	-0.792280	1
46.481000	134.340000	11.585000	-0.792130	1
46.445000	134.380000	3.685000	-0.792180	1
46.409000	134.410000	6.774800	-0.792250	1
46.374000	134.450000	1.277900	-0.792050	1
46.338000	134.490000	1.627800	-0.792310	1
46.302000	134.530000	-0.095262	-0.792220	1
46.266000	134.560000	-1.475600	-0.792140	1
46.230000	134.600000	-2.158500	-0.792270	1
46.194000	134.640000	-1.476000	-0.792290	1
46.158000	134.670000	1.963800	-0.792130	1
46.122000	134.710000	2.303600	-0.792210	1
46.086000	134.750000	3.683300	-0.792030	1
46.050000	134.780000	-0.099654	-0.792200	1
46.013000	134.820000	0.930150	-0.792240	1
45.977000	134.860000	5.739900	-0.792090	1
45.941000	134.890000	7.463200	-0.792010	1
45.905000	134.930000	12.273000	-0.792060	1
45.869000	134.960000	10.903000	-0.791860	1
45.833000	135.000000	0.929610	-0.791940	1
45.797000	135.040000	-3.883500	-0.791910	1
45.761000	135.070000	-1.131000	-0.791970	1
45.724000	135.110000	-0.793980	-0.792010	1
48.473000	132.080000	3.196800	0.118000	1
48.438000	132.120000	13.147000	0.118150	1
48.403000	132.160000	4.906200	0.117850	1
48.368000	132.200000	9.726000	0.118080	1
48.333000	132.240000	19.676000	0.117950	1
48.298000	132.280000	21.735000	0.117930	1
48.263000	132.320000	18.645000	0.118110	1
48.228000	132.360000	16.585000	0.117690	1
48.193000	132.400000	6.621900	0.117930	1
48.158000	132.440000	10.068000	0.117970	1
48.122000	132.480000	10.407000	0.117620	1
48.087000	132.520000	16.587000	0.117950	1
48.052000	132.560000	12.477000	0.117640	1
48.017000	132.600000	21.737000	0.117580	1
47.982000	132.640000	22.424000	0.117830	1
47.946000	132.680000	17.614000	0.117540	1
47.911000	132.720000	16.923000	0.117670	1
47.876000	132.760000	16.933000	0.117740	1
47.841000	132.800000	18.313000	0.117450	1
47.805000	132.840000	17.283000	0.117650	1
47.770000	132.880000	15.902000	0.117740	1
47.735000	132.920000	14.535000	0.117560	1
47.699000	132.960000	18.315000	0.117870	1
47.664000	132.990000	17.285000	0.117520	1
47.629000	133.030000	17.965000	0.117690	1
47.593000	133.070000	15.215000	0.117930	1
47.558000	133.110000	18.652000	0.117450	1
47.522000	133.150000	17.961000	0.117890	1
47.487000	133.190000	13.151000	0.117690	1
47.451000	133.230000	14.181000	0.117600	1
47.416000	133.270000	22.431000	0.117840	1
47.380000	133.300000	20.031000	0.117530	1
47.345000	133.340000	15.900000	0.117690	1
47.309000	133.380000	14.534000	0.117690	1
47.274000	133.420000	15.903000	0.117460	1
47.238000	133.460000	21.743000	0.117860	1
47.203000	133.500000	19.343000	0.117790	1
46.703000	134.030000	18.997000	0.117830	1
46.668000	134.070000	2.149700	0.118080	1
46.632000	134.100000	-0.255830	0.118010	1
46.596000	134.140000	4.896600	0.117810	1
46.560000	134.180000	17.616000	0.118140	1
46.524000	134.210000	21.736000	0.117850	1
46.488000	134.250000	20.706000	0.117840	1
46.453000	134.290000	16.589000	0.118000	1
46.417000	134.330000	6.966200	0.117690	1
46.381000	134.360000	21.396000	0.117970	1
46.345000	134.400000	7.995700	0.118000	1
46.309000	134.440000	10.745000	0.117800	1
46.273000	134.470000	10.395000	0.118140	1
46.237000	134.510000	2.492400	0.117890	1
46.201000	134.550000	4.212100	0.117940	1
46.165000	134.580000	7.641900	0.118230	1
46.129000	134.620000	17.274000	0.117810	1
46.093000	134.660000	11.084000	0.118010	1
46.057000	134.690000	7.303800	0.118080	1
46.021000	134.730000	20.024000	0.117720	1
45.985000	134.770000	9.024300	0.118100	1
45.949000	134.800000	12.114000	0.117820	1
45.913000	134.840000	18.994000	0.117660	1
45.877000	134.880000	9.363600	0.118020	1
45.841000	134.910000	9.363300	0.117600	1
45.805000	134.950000	4.550400	0.117810	1
45.768000	134.990000	12.110000	0.117940	1
45.732000	135.020000	5.237200	0.117570	1
48.478000	131.990000	9.832100	0.732380	1
48.443000	132.030000	3.995100	0.732530	1
48.408000	132.070000	3.992200	0.732600	1
48.373000	132.110000	1.591700	0.732260	1
48.338000	132.150000	4.341600	0.732650	1
48.303000	132.190000	10.871000	0.732580	1
48.268000	132.230000	11.551000	0.732230	1
48.233000	132.270000	12.231000	0.732750	1
48.198000	132.310000	6.400500	0.732520	1
48.163000	132.350000	2.960100	0.732330	1
48.128000	132.390000	5.370000	0.732600	1
48.093000	132.430000	3.989600	0.732280	1
48.058000	132.470000	6.399500	0.732500	1
48.022000	132.510000	6.742600	0.732720	1
47.987000	132.550000	7.092200	0.732280	1
47.952000	132.590000	8.462200	0.732790	1
47.917000	132.630000	12.932000	0.732390	1
47.881000	132.670000	14.302000	0.732540	1
47.846000	132.710000	10.182000	0.732630	1
47.811000	132.750000	9.488500	0.732300	1
47.776000	132.790000	9.148400	0.732800	1
47.740000	132.820000	3.307900	0.732390	1
47.705000	132.860000	2.617700	0.732450	1
47.670000	132.900000	9.487500	0.732560	1
47.634000	132.940000	8.797300	0.732530	1
47.599000	132.980000	8.120300	0.732430	1
47.564000	133.020000	7.770000	0.732380	1
47.528000	133.060000	8.119900	0.732670	1
47.493000	133.100000	8.459600	0.732290	1
47.457000	133.140000	6.059500	0.732720	1
47.422000	133.180000	6.736400	0.732070	1
47.387000	133.210000	8.796400	0.732560	1
47.351000	133.250000	7.086200	0.732650	1
47.316000	133.290000	8.455800	0.732220	1
47.280000	133.330000	5.705800	0.732910	1
47.245000	133.370000	14.985000	0.732400	1
47.209000	133.410000	14.645000	0.732600	1
47.174000	133.440000	8.798300	0.732560	1
46.674000	133.980000	11.205000	0.732240	1
46.639000	134.010000	6.735100	0.732450	1
46.603000	134.050000	-3.228000	0.732580	1
46.567000	134.090000	2.261800	0.732270	1
46.531000	134.130000	3.981700	0.732630	1
46.495000	134.160000	8.451400	0.732480	1
46.460000	134.200000	12.581000	0.732360	1
46.424000	134.240000	10.861000	0.732560	1
46.388000	134.270000	10.861000	0.732390	1
46.352000	134.310000	9.140400	0.732390	1
46.316000	134.350000	3.303700	0.732630	1
46.280000	134.390000	0.890580	0.732270	1
46.244000	134.420000	2.950500	0.732500	1
46.208000	134.460000	0.200190	0.732500	1
46.172000	134.500000	-0.140100	0.732360	1
46.136000	134.530000	3.979700	0.732450	1
46.100000	134.570000	7.419500	0.732440	1
46.065000	134.610000	7.079300	0.732460	1
46.029000	134.640000	0.889090	0.732670	1
45.992000	134.680000	2.606000	0.732380	1
45.956000	134.720000	2.255800	0.732450	1
45.920000	134.750000	9.139100	0.732470	1
45.884000	134.790000	12.579000	0.732550	1
45.848000	134.830000	1.578700	0.732590	1
45.812000	134.860000	-0.834290	0.732650	1
45.776000	134.900000	2.255500	0.732680	1
45.740000	134.930000	4.665300	0.732760	1
48.518000	131.850000	4.714100	1.487200	1
48.483000	131.900000	2.643800	1.487400	1
48.448000	131.940000	3.333400	1.487200	1
48.413000	131.980000	5.743200	1.487300	1
48.378000	132.020000	3.682900	1.487300	1
48.343000	132.060000	-1.137700	1.487000	1
48.308000	132.100000	2.642400	1.487400	1
48.273000	132.140000	6.432100	1.487300	1
48.238000	132.180000	7.801600	1.487000	1
48.203000	132.220000	5.391600	1.487500	1
48.168000	132.260000	3.331200	1.487300	1
48.133000	132.300000	0.244020	1.487100	1
48.098000	132.340000	2.644000	1.487300	1
48.063000	132.380000	5.053500	1.487000	1
48.028000	132.420000	3.683400	1.487200	1
47.993000	132.460000	2.993300	1.487500	1
47.957000	132.500000	4.362900	1.487100	1
47.922000	132.540000	1.270000	1.487500	1
47.887000	132.570000	6.769600	1.487200	1
47.852000	132.610000	11.580000	1.487300	1
47.816000	132.650000	9.519300	1.487400	1
47.781000	132.690000	1.958900	1.487100	1
47.746000	132.730000	2.298900	1.487500	1
47.711000	132.770000	-0.098347	1.487200	1
47.675000	132.810000	-4.918700	1.487200	1
47.640000	132.850000	-0.448770	1.487300	1
47.605000	132.890000	3.331000	1.487300	1
47.569000	132.930000	1.270700	1.487200	1
47.534000	132.970000	0.577500	1.487100	1
47.499000	133.010000	-0.452580	1.487400	1
47.463000	133.040000	-0.452990	1.487000	1
47.428000	133.080000	0.927120	1.487500	1
47.393000	133.120000	4.356500	1.486800	1
47.357000	133.160000	0.926630	1.487300	1
47.322000	133.200000	1.266500	1.487400	1
47.286000	133.240000	0.926000	1.487000	1
47.251000	133.280000	4.709500	1.487600	1
47.215000	133.320000	10.549000	1.487200	1
47.180000	133.350000	-0.784090	1.487300	1
47.144000	133.390000	-1.474400	1.487300	1
46.610000	133.960000	2.992100	1.487100	1
46.574000	134.000000	-6.631300	1.487300	1
46.538000	134.040000	-5.261600	1.487000	1
46.502000	134.070000	0.931450	1.487300	1
46.466000	134.110000	0.578210	1.487200	1
46.431000	134.150000	0.934220	1.487100	1
46.395000	134.180000	1.964100	1.487200	1
46.359000	134.220000	6.080900	1.487100	1
46.323000	134.260000	2.300600	1.487100	1
46.287000	134.300000	0.240480	1.487300	1
46.251000	134.330000	-2.170000	1.487000	1
46.215000	134.370000	-3.540200	1.487200	1
46.180000	134.410000	-1.480300	1.487200	1
46.144000	134.440000	-1.820700	1.487000	1
46.108000	134.480000	1.609200	1.487100	1
46.072000	134.520000	4.019000	1.487100	1
46.036000	134.550000	-1.484300	1.487100	1
46.000000	134.590000	0.929180	1.487300	1
45.964000	134.630000	-1.821300	1.487100	1
45.928000	134.660000	1.268600	1.487100	1
45.892000	134.700000	7.798400	1.487100	1
45.856000	134.740000	6.768200	1.487200	1
45.820000	134.770000	1.268000	1.487200	1
45.783000	134.810000	0.927770	1.487300	1
45.747000	134.850000	-1.145400	1.487400	1
45.711000	134.880000	-2.855700	1.487400	1
45.675000	134.920000	-2.179000	1.487200	1
48.523000	131.760000	-1.935200	2.236000	1
48.488000	131.800000	-2.275600	2.236000	1
48.453000	131.840000	-0.565730	2.236200	1
48.418000	131.880000	-0.906240	2.235900	1
48.383000	131.920000	0.473560	2.236100	1
48.349000	131.960000	4.933300	2.236100	1
48.314000	132.000000	-2.277300	2.235800	1
48.279000	132.040000	-2.280400	2.236200	1
48.244000	132.080000	3.902500	2.236100	1
48.209000	132.120000	5.281900	2.235800	1
48.174000	132.160000	4.255300	2.236200	1
48.138000	132.200000	0.121680	2.236100	1
48.103000	132.240000	1.841300	2.235900	1
48.068000	132.280000	1.501200	2.236100	1
48.033000	132.320000	2.530700	2.235800	1
47.998000	132.360000	5.960700	2.236000	1
47.963000	132.400000	2.180600	2.236200	1
47.928000	132.440000	3.560100	2.235900	1
47.893000	132.480000	0.470210	2.236300	1
47.858000	132.520000	2.529800	2.236000	1
47.822000	132.560000	5.959700	2.236100	1
47.787000	132.600000	11.120000	2.236100	1
47.752000	132.640000	5.282300	2.235900	1
47.717000	132.680000	-0.217690	2.236300	1
47.681000	132.720000	-2.968300	2.236000	1
47.646000	132.760000	-4.691700	2.236000	1
47.611000	132.800000	-2.631800	2.236000	1
47.576000	132.840000	-4.002100	2.236100	1
47.540000	132.880000	-0.222350	2.235900	1
47.505000	132.920000	-1.942600	2.235900	1
47.470000	132.950000	-2.282700	2.236100	1
47.434000	132.990000	-1.943100	2.235800	1
47.399000	133.030000	-0.912910	2.236200	1
47.363000	133.070000	2.176400	2.235600	1
47.328000	133.110000	-1.600100	2.236100	1
47.293000	133.150000	-0.910300	2.236100	1
47.257000	133.190000	-0.570750	2.235800	1
47.222000	133.220000	3.899500	2.236300	1
47.186000	133.260000	4.585800	2.235900	1
47.151000	133.300000	-5.034500	2.236100	1
47.115000	133.340000	-3.324800	2.236000	1
46.545000	133.950000	-5.728900	2.236000	1
46.509000	133.980000	-6.765800	2.235700	1
46.474000	134.020000	-4.699100	2.236000	1
46.438000	134.060000	-2.979300	2.235900	1
46.402000	134.100000	-1.609600	2.235800	1
46.366000	134.130000	-0.579680	2.236000	1
46.330000	134.170000	0.459980	2.235800	1
46.295000	134.210000	-3.330400	2.235800	1
46.259000	134.240000	-2.290400	2.236000	1
46.223000	134.280000	-5.034200	2.235700	1
46.187000	134.320000	-4.004200	2.235900	1
46.151000	134.360000	-3.324400	2.235900	1
46.115000	134.390000	3.548600	2.235800	1
46.079000	134.430000	1.828300	2.235800	1
46.043000	134.470000	1.488400	2.235800	1
46.007000	134.500000	1.138200	2.235900	1
45.971000	134.540000	-4.692100	2.236000	1
45.935000	134.580000	-3.662400	2.235800	1
45.899000	134.610000	1.487500	2.235800	1
45.863000	134.650000	3.197300	2.235800	1
45.827000	134.690000	4.577200	2.236000	1
45.791000	134.720000	0.113710	2.236000	1
45.755000	134.760000	-4.696600	2.236000	1
45.719000	134.790000	-4.696900	2.236100	1
48.423000	131.790000	-4.752600	2.992100	1
48.388000	131.830000	-1.653000	2.991900	1
48.353000	131.870000	-2.003200	2.992000	1
48.319000	131.910000	0.406550	2.992100	1
48.284000	131.950000	0.746000	2.991700	1
48.249000	131.990000	-2.694100	2.992100	1
48.214000	132.030000	0.745570	2.992000	1
48.179000	132.070000	1.095000	2.991700	1
48.144000	132.110000	3.155100	2.992200	1
48.109000	132.150000	-3.375400	2.992000	1
48.074000	132.190000	-6.819400	2.991800	1
48.039000	132.230000	-4.065900	2.992100	1
48.003000	132.270000	0.053694	2.991700	1
47.968000	132.310000	2.463700	2.992000	1
47.933000	132.350000	1.773600	2.992100	1
47.898000	132.390000	5.553200	2.991800	1
47.863000	132.430000	3.153300	2.992200	1
47.828000	132.470000	4.872800	2.991900	1
47.793000	132.510000	6.582700	2.992000	1
47.757000	132.550000	8.305800	2.992000	1
47.722000	132.590000	7.625400	2.991800	1
47.687000	132.630000	1.095300	2.992100	1
47.652000	132.670000	-3.725300	2.991900	1
47.617000	132.710000	-6.479100	2.991900	1
47.581000	132.750000	-6.129200	2.991900	1
47.546000	132.780000	-4.759300	2.992100	1
47.511000	132.820000	-2.699600	2.991800	1
47.475000	132.860000	-2.009700	2.991900	1
47.440000	132.900000	-3.039900	2.992000	1
47.405000	132.940000	-2.700200	2.991800	1
47.369000	132.980000	-3.376900	2.992100	1
47.334000	133.020000	-2.697500	2.991500	1
47.299000	133.060000	-2.697300	2.992000	1
47.263000	133.100000	-3.037600	2.992000	1
47.228000	133.130000	-3.731300	2.991700	1
47.192000	133.170000	-1.661100	2.992200	1
47.157000	133.210000	2.118400	2.991800	1
47.121000	133.250000	-0.291660	2.992100	1
47.086000	133.290000	-3.732200	2.991900	1
47.050000	133.330000	-3.372300	2.992000	1
47.015000	133.360000	-6.476100	2.991900	1
46.979000	133.400000	-7.156400	2.992000	1
46.944000	133.440000	-8.873600	2.991900	1
46.908000	133.480000	-8.187300	2.991800	1
46.873000	133.520000	-9.567600	2.992000	1
46.837000	133.550000	-7.504400	2.991700	1
46.801000	133.590000	-7.507900	2.991900	1
46.766000	133.630000	-6.128300	2.991500	1
46.730000	133.670000	-9.235400	2.991900	1
46.695000	133.710000	-6.818700	2.991800	1
46.659000	133.740000	-6.479100	2.991600	1
46.623000	133.780000	-9.233000	2.991700	1
46.588000	133.820000	-9.230000	2.991500	1
46.552000	133.860000	-0.286110	2.991800	1
46.516000	133.890000	1.097100	2.991900	1
46.480000	133.930000	-9.230800	2.991600	1
46.445000	133.970000	-7.157100	2.991900	1
46.409000	134.010000	-4.757300	2.991800	1
46.373000	134.040000	-3.727500	2.991700	1
46.337000	134.080000	-4.407700	2.991900	1
46.301000	134.120000	-2.007900	2.991700	1
46.266000	134.160000	-5.098400	2.991600	1
46.230000	134.190000	-4.411700	2.991900	1
46.194000	134.230000	-4.412200	2.991600	1
46.158000	134.270000	-4.412300	2.991800	1
46.122000	134.300000	-2.349100	2.991700	1
46.086000	134.340000	1.434100	2.991700	1
46.050000	134.380000	2.120600	2.991700	1
46.015000	134.410000	3.490400	2.991700	1
45.979000	134.450000	4.520200	2.991700	1
45.943000	134.490000	-2.010000	2.991900	1
45.907000	134.520000	-2.350400	2.991700	1
45.871000	134.560000	2.796100	2.991700	1
45.835000	134.600000	2.459200	2.991700	1
45.799000	134.630000	0.045712	2.991800	1
45.763000	134.670000	-2.354600	2.991800	1
45.727000	134.710000	-4.074900	2.991900	1
48.323000	131.820000	-3.760800	3.746700	1
48.289000	131.860000	-5.141200	3.746700	1
48.254000	131.900000	-1.011500	3.746400	1
48.219000	131.940000	-1.358300	3.746800	1
48.184000	131.980000	-1.355200	3.746700	1
48.149000	132.020000	0.360820	3.746400	1
48.114000	132.060000	1.390900	3.746800	1
48.079000	132.100000	-4.786200	3.746700	1
48.044000	132.140000	-12.012000	3.746500	1
47.516000	132.730000	-5.833800	3.746800	1
47.481000	132.770000	-3.764000	3.746400	1
47.446000	132.810000	-1.014000	3.746600	1
47.411000	132.850000	-3.764300	3.746600	1
47.375000	132.890000	-3.761300	3.746500	1
47.340000	132.930000	-3.761200	3.746800	1
47.305000	132.970000	-4.455400	3.746200	1
47.269000	133.000000	-3.425200	3.746700	1
47.234000	133.040000	-4.112000	3.746600	1
47.198000	133.080000	-4.115800	3.746400	1
47.163000	133.120000	-2.055600	3.746800	1
47.128000	133.160000	-3.086200	3.746500	1
47.092000	133.200000	1.043900	3.746700	1
47.057000	133.240000	0.353470	3.746500	1
47.021000	133.270000	-1.706700	3.746700	1
46.986000	133.310000	-6.177300	3.746600	1
46.487000	133.840000	-2.057700	3.746500	1
46.451000	133.880000	-2.058100	3.746300	1
46.416000	133.920000	3.792000	3.746500	1
46.380000	133.950000	-1.018400	3.746500	1
46.344000	133.990000	-3.432300	3.746300	1
46.308000	134.030000	-2.058900	3.746500	1
46.273000	134.070000	-1.712700	3.746400	1
46.237000	134.100000	-2.063100	3.746300	1
46.201000	134.140000	-4.126700	3.746500	1
46.165000	134.180000	-5.837400	3.746200	1
46.129000	134.210000	-6.864100	3.746400	1
46.093000	134.250000	-2.390500	3.746400	1
46.058000	134.290000	1.375800	3.746300	1
46.022000	134.330000	2.405600	3.746300	1
45.986000	134.360000	1.375400	3.746300	1
45.950000	134.400000	2.405200	3.746300	1
45.914000	134.440000	1.725100	3.746500	1
45.878000	134.470000	1.374700	3.746300	1
45.842000	134.510000	0.010963	3.746400	1
45.806000	134.550000	-0.339320	3.746300	1
45.770000	134.580000	-3.429600	3.746500	1
45.734000	134.620000	-3.769800	3.746400	1
45.698000	134.650000	-4.116500	3.746500	1
48.328000	131.720000	-3.245100	4.499900	1
48.294000	131.770000	-4.275500	4.500000	1
48.259000	131.810000	-3.592400	4.500100	1
48.224000	131.850000	-3.933000	4.499700	1
48.189000	131.890000	-2.903000	4.500100	1
48.154000	131.930000	-1.873300	4.500000	1
48.119000	131.970000	-0.843770	4.499700	1
48.084000	132.010000	-0.150140	4.500100	1
48.049000	132.050000	-3.937800	4.500000	1
48.014000	132.090000	-6.341300	4.499800	1
47.979000	132.130000	-0.154540	4.500100	1
47.944000	132.170000	-3.248800	4.499700	1
47.909000	132.210000	-4.625300	4.500000	1
47.874000	132.250000	-7.025700	4.500100	1
47.839000	132.290000	-4.272500	4.499900	1
47.804000	132.330000	-2.562400	4.500200	1
47.768000	132.360000	8.787400	4.499900	1
47.733000	132.400000	8.437300	4.500100	1
47.698000	132.440000	6.033400	4.500000	1
47.663000	132.480000	4.993100	4.499800	1
47.628000	132.520000	-0.847150	4.500100	1
47.593000	132.560000	-3.247600	4.499900	1
47.557000	132.600000	-4.968100	4.499800	1
47.522000	132.640000	-5.998400	4.499900	1
47.487000	132.680000	-6.688500	4.500100	1
47.452000	132.720000	-5.998900	4.499700	1
47.416000	132.760000	-2.905400	4.499900	1
47.381000	132.800000	-4.965800	4.499900	1
47.346000	132.840000	-4.276000	4.499800	1
47.311000	132.870000	-2.909400	4.500100	1
47.275000	132.910000	-3.600100	4.499400	1
47.240000	132.950000	-3.936400	4.500000	1
47.204000	132.990000	-3.940300	4.499800	1
47.169000	133.030000	-3.600500	4.499800	1
47.134000	133.070000	-4.967000	4.500100	1
47.098000	133.110000	-4.281000	4.499800	1
47.063000	133.140000	-3.251000	4.500100	1
47.027000	133.180000	-0.504920	4.499800	1
46.992000	133.220000	-2.218100	4.500000	1
46.956000	133.260000	-4.972300	4.499800	1
46.458000	133.790000	-6.010000	4.499800	1
46.423000	133.830000	0.523490	4.499500	1
46.387000	133.870000	3.613500	4.499800	1
46.351000	133.900000	-1.196900	4.499700	1
46.315000	133.940000	-0.507250	4.499600	1
46.280000	133.980000	-0.507420	4.499800	1
46.244000	134.010000	-3.948000	4.499600	1
46.208000	134.050000	-4.631900	4.499500	1
46.172000	134.090000	-5.322000	4.499800	1
46.136000	134.130000	-6.345600	4.499400	1
46.101000	134.160000	-1.195300	4.499700	1
46.065000	134.200000	-2.905600	4.499600	1
46.029000	134.240000	0.170620	4.499500	1
45.993000	134.270000	0.860430	4.499600	1
45.957000	134.310000	-0.169840	4.499500	1
45.921000	134.350000	-1.890100	4.499600	1
45.885000	134.380000	-3.943900	4.499800	1
45.849000	134.420000	-6.354500	4.499600	1
45.813000	134.460000	-1.884400	4.499600	1
45.778000	134.490000	-3.941200	4.499500	1
45.742000	134.530000	-6.005200	4.499700	1
45.706000	134.570000	-6.351900	4.499700	1
48.298000	131.670000	-2.735200	5.254500	1
48.263000	131.710000	-1.702100	5.254600	1
48.229000	131.750000	-4.112600	5.254600	1
48.194000	131.790000	-2.049300	5.254300	1
48.159000	131.830000	-3.083100	5.254700	1
48.124000	131.870000	-2.053400	5.254600	1
48.089000	131.910000	-2.057500	5.254200	1
48.054000	131.950000	-3.427600	5.254700	1
48.019000	131.990000	-4.454400	5.254600	1
47.984000	132.030000	-4.804900	5.254400	1
47.949000	132.070000	-6.515000	5.254600	1
47.914000	132.110000	-7.209300	5.254300	1
47.879000	132.150000	-6.515600	5.254600	1
47.422000	132.670000	-3.085500	5.254200	1
47.387000	132.710000	-5.485800	5.254500	1
47.352000	132.740000	-4.455900	5.254400	1
47.316000	132.780000	-4.119700	5.254300	1
47.281000	132.820000	-3.769700	5.254600	1
47.246000	132.860000	-5.840500	5.254000	1
47.210000	132.900000	-4.120200	5.254600	1
47.175000	132.940000	-4.460600	5.254300	1
47.140000	132.980000	-5.490800	5.254300	1
47.104000	133.020000	-4.810900	5.254600	1
47.069000	133.050000	-4.461200	5.254300	1
47.033000	133.090000	-3.431200	5.254600	1
46.998000	133.130000	-4.122100	5.254200	1
46.963000	133.170000	-1.712000	5.254600	1
46.927000	133.210000	-4.118900	5.254300	1
46.892000	133.250000	-7.216700	5.254500	1
46.856000	133.280000	-6.183300	5.254300	1
46.821000	133.320000	-4.813500	5.254200	1
46.785000	133.360000	-6.873900	5.254400	1
46.750000	133.400000	-6.180600	5.254200	1
46.714000	133.440000	-6.524400	5.254400	1
46.679000	133.470000	-6.882400	5.253900	1
46.643000	133.510000	-7.576200	5.254300	1
46.607000	133.550000	-8.249400	5.254200	1
46.572000	133.590000	-6.186100	5.254100	1
46.536000	133.630000	-4.466100	5.254200	1
46.501000	133.660000	-7.220600	5.253900	1
46.465000	133.700000	-6.530500	5.254200	1
46.429000	133.740000	-4.816800	5.254300	1
46.394000	133.780000	-2.747000	5.254000	1
46.358000	133.810000	-4.127200	5.254300	1
46.322000	133.850000	0.002703	5.254200	1
46.286000	133.890000	-2.747700	5.254100	1
46.251000	133.920000	-3.097900	5.254300	1
46.215000	133.960000	-2.752000	5.254100	1
46.179000	134.000000	-4.472500	5.254000	1
46.143000	134.040000	-4.129100	5.254300	1
46.108000	134.070000	-4.819600	5.253900	1
46.072000	134.110000	-2.069500	5.254200	1
46.036000	134.150000	0.000357	5.254100	1
46.000000	134.180000	-1.720000	5.254000	1
45.964000	134.220000	-0.350110	5.254100	1
45.928000	134.260000	-1.040400	5.254000	1
45.893000	134.290000	-6.194600	5.254100	1
45.857000	134.330000	-6.878500	5.254300	1
45.821000	134.370000	-7.565300	5.254100	1
45.785000	134.400000	-7.909200	5.254100	1
45.749000	134.440000	-5.165400	5.254000	1
48.199000	131.700000	-4.289700	6.008300	1
48.164000	131.740000	-5.660400	6.008000	1
48.129000	131.780000	-5.320400	6.008300	1
48.094000	131.820000	-4.957000	6.008200	1
48.059000	131.860000	-2.567300	6.007900	1
48.024000	131.900000	-0.160910	6.008300	1
47.989000	131.940000	-2.911400	6.008200	1
47.954000	131.980000	-1.541600	6.008000	1
47.919000	132.020000	-2.571800	6.008300	1
47.884000	132.060000	-3.928700	6.007900	1
47.849000	132.100000	-6.338900	6.008200	1
47.814000	132.140000	-3.589300	6.008200	1
47.779000	132.180000	-0.163080	6.008100	1
47.744000	132.220000	0.180560	6.008300	1
47.709000	132.260000	7.736600	6.008100	1
47.674000	132.300000	-3.593800	6.008300	1
47.639000	132.340000	-3.937800	6.008200	1
47.604000	132.380000	-3.938200	6.008100	1
47.568000	132.420000	9.115700	6.008200	1
47.533000	132.460000	-2.901200	6.008100	1
47.498000	132.500000	-5.651800	6.008000	1
47.463000	132.540000	-5.315600	6.008000	1
47.428000	132.570000	-4.965600	6.008300	1
47.393000	132.610000	-3.932700	6.007800	1
47.357000	132.650000	-3.596400	6.008200	1
47.322000	132.690000	-3.596700	6.007900	1
47.287000	132.730000	-4.626900	6.008000	1
47.251000	132.770000	-4.286900	6.008300	1
47.216000	132.810000	-4.963800	6.007600	1
47.181000	132.850000	-5.997600	6.008200	1
47.146000	132.890000	-5.997900	6.007900	1
47.110000	132.920000	-4.627900	6.008000	1
47.075000	132.960000	-4.288100	6.008200	1
47.039000	133.000000	-3.938400	6.008000	1
47.004000	133.040000	-3.598400	6.008300	1
46.969000	133.080000	-4.285700	6.007800	1
46.933000	133.120000	-3.939400	6.008200	1
46.898000	133.150000	0.537840	6.007900	1
46.862000	133.190000	-3.936200	6.008100	1
46.827000	133.230000	-4.626700	6.007900	1
46.791000	133.270000	-3.940600	6.007900	1
46.756000	133.310000	-4.290800	6.008000	1
46.720000	133.350000	-4.631300	6.007800	1
46.685000	133.380000	-7.389300	6.008000	1
46.649000	133.420000	-7.046100	6.007500	1
46.614000	133.460000	-7.733800	6.008000	1
46.578000	133.500000	-6.703900	6.007800	1
46.543000	133.540000	-6.697200	6.007700	1
46.507000	133.570000	-5.323600	6.007800	1
46.471000	133.610000	-6.354100	6.007500	1
46.436000	133.650000	-8.074500	6.007800	1
46.400000	133.690000	-8.758600	6.007900	1
46.364000	133.720000	-5.324600	6.007600	1
46.329000	133.760000	-3.940900	6.007900	1
46.293000	133.800000	-1.194700	6.007800	1
46.257000	133.840000	-0.164950	6.007700	1
46.222000	133.870000	2.234900	6.007900	1
46.186000	133.910000	-2.915600	6.007700	1
46.150000	133.950000	-3.609800	6.007600	1
46.114000	133.980000	-3.606500	6.007900	1
46.079000	134.020000	-3.950700	6.007500	1
46.043000	134.060000	-3.947100	6.007800	1
46.007000	134.100000	-2.577200	6.007700	1
45.971000	134.130000	-4.641300	6.007600	1
45.935000	134.170000	-0.517510	6.007700	1
45.900000	134.210000	-2.231500	6.007600	1
45.864000	134.240000	-5.668300	6.007700	1
45.828000	134.280000	-5.668400	6.007800	1
45.792000	134.320000	-4.642400	6.007700	1
45.756000	134.350000	-6.702800	6.007700	1
45.720000	134.390000	-7.393600	6.007600	1
45.684000	134.430000	-2.919400	6.007800	1
48.238000	131.570000	-2.514500	6.759800	1
48.203000	131.610000	-4.567500	6.759900	1
48.168000	131.650000	-4.231400	6.760000	1
48.134000	131.690000	-2.171800	6.759600	1
48.099000	131.730000	-4.922100	6.760000	1
48.064000	131.770000	-3.202300	6.759900	1
48.029000	131.810000	-2.512700	6.759600	1
47.994000	131.850000	-2.516500	6.760000	1
47.959000	131.890000	-4.577000	6.759900	1
47.924000	131.930000	-4.573500	6.759700	1
47.889000	131.970000	-3.203500	6.760000	1
47.854000	132.010000	-2.173900	6.759600	1
47.819000	132.050000	-2.510700	6.759900	1
47.784000	132.090000	-3.544700	6.759900	1
47.749000	132.130000	-2.514900	6.759800	1
47.714000	132.170000	4.019000	6.760000	1
47.679000	132.210000	2.294900	6.759800	1
47.644000	132.250000	-3.541800	6.760000	1
47.609000	132.290000	-5.262200	6.759800	1
47.574000	132.330000	-5.262600	6.759700	1
47.539000	132.360000	4.010200	6.759800	1
47.504000	132.400000	-0.456420	6.759800	1
47.468000	132.440000	-4.930800	6.759600	1
47.433000	132.480000	-4.241000	6.759700	1
47.398000	132.520000	-5.958000	6.760000	1
47.363000	132.560000	-5.264600	6.759500	1
47.328000	132.600000	-4.574500	6.759800	1
47.292000	132.640000	-5.608700	6.759600	1
47.257000	132.680000	-4.928700	6.759700	1
47.222000	132.720000	-5.265100	6.759900	1
47.187000	132.760000	-6.299500	6.759300	1
47.151000	132.790000	-6.989500	6.759900	1
47.116000	132.830000	-6.646000	6.759500	1
47.081000	132.870000	-5.959800	6.759700	1
47.045000	132.910000	-5.269900	6.759800	1
47.010000	132.950000	-4.240200	6.759600	1
46.975000	132.990000	-5.270400	6.759900	1
46.939000	133.030000	-4.237500	6.759500	1
46.904000	133.060000	-1.147200	6.759900	1
46.869000	133.100000	1.254900	6.759500	1
46.833000	133.140000	-4.931900	6.759800	1
46.798000	133.180000	-6.996300	6.759600	1
46.762000	133.220000	-7.686700	6.759500	1
46.727000	133.260000	-7.333200	6.759700	1
46.691000	133.290000	-6.307100	6.759500	1
46.656000	133.330000	-8.711500	6.759700	1
46.620000	133.370000	-5.621500	6.759100	1
46.585000	133.410000	-6.661700	6.759600	1
46.549000	133.450000	-7.682700	6.759400	1
46.514000	133.480000	-8.019500	6.759400	1
46.478000	133.520000	-8.359900	6.759400	1
46.442000	133.560000	-7.326200	6.759100	1
46.407000	133.600000	-5.959800	6.759400	1
46.371000	133.630000	-5.262400	6.759500	1
48.173000	131.550000	-2.698300	7.519200	1
48.138000	131.590000	-2.698600	7.519300	1
48.103000	131.630000	-5.449400	7.519000	1
48.068000	131.670000	-4.419400	7.519300	1
48.034000	131.710000	-3.385800	7.519200	1
47.999000	131.750000	-3.040000	7.518800	1
47.964000	131.790000	-1.669900	7.519300	1
47.929000	131.830000	-4.070400	7.519200	1
47.894000	131.870000	-6.140900	7.519000	1
47.859000	131.910000	-5.100900	7.519300	1
47.824000	131.950000	-6.817900	7.518900	1
47.789000	131.990000	-5.795400	7.519200	1
47.754000	132.030000	0.052000	7.519200	1
47.719000	132.070000	2.461800	7.519100	1
47.684000	132.110000	3.138000	7.519200	1
47.649000	132.150000	-4.759100	7.519100	1
47.614000	132.190000	-4.076600	7.519200	1
47.579000	132.230000	-5.453300	7.519100	1
47.544000	132.270000	-4.763500	7.519000	1
47.509000	132.310000	-0.293420	7.519100	1
47.474000	132.350000	0.050188	7.519100	1
47.438000	132.390000	-6.820900	7.518900	1
47.403000	132.430000	-4.764500	7.519000	1
47.368000	132.470000	-5.454700	7.519200	1
47.333000	132.510000	-0.641450	7.518800	1
47.298000	132.550000	-4.425500	7.519100	1
47.263000	132.590000	-4.429600	7.518800	1
47.227000	132.620000	-2.019500	7.519000	1
47.192000	132.660000	-6.482500	7.519100	1
47.157000	132.700000	-6.486900	7.518600	1
47.122000	132.740000	-6.813100	7.519100	1
47.086000	132.780000	-7.847500	7.518800	1
47.051000	132.820000	-6.477300	7.519000	1
47.016000	132.860000	-4.427100	7.519000	1
46.980000	132.900000	-4.427400	7.518900	1
46.945000	132.930000	-4.767600	7.519200	1
46.910000	132.970000	-5.448700	7.518800	1
46.874000	133.010000	-2.358300	7.519100	1
46.839000	133.050000	-1.324900	7.518800	1
46.803000	133.090000	-4.415400	7.519000	1
46.768000	133.130000	-5.782200	7.518800	1
46.733000	133.160000	-6.140000	7.518800	1
46.697000	133.200000	-5.450100	7.518900	1
46.662000	133.240000	-6.480700	7.518700	1
46.626000	133.280000	-6.824700	7.518900	1
46.591000	133.320000	-8.557200	7.518400	1
46.555000	133.350000	-8.900900	7.518900	1
46.520000	133.390000	-8.549900	7.518700	1
46.484000	133.430000	-6.490300	7.518600	1
46.448000	133.470000	-8.551100	7.518700	1
46.413000	133.510000	-8.211400	7.518400	1
46.377000	133.540000	-7.177400	7.518600	1
46.342000	133.580000	-6.487500	7.518700	1
46.306000	133.620000	-4.763900	7.518500	1
48.108000	131.540000	-4.725900	8.272300	1
48.073000	131.580000	-5.416400	8.272000	1
48.038000	131.620000	-3.352400	8.272300	1
48.003000	131.660000	-4.046600	8.272300	1
47.968000	131.700000	-2.666900	8.271900	1
47.934000	131.740000	-1.976800	8.272300	1
47.899000	131.780000	-4.043400	8.272200	1
47.864000	131.820000	-4.387500	8.272100	1
47.829000	131.860000	-5.414000	8.272300	1
47.794000	131.900000	-2.664100	8.272000	1
47.759000	131.940000	-4.048100	8.272200	1
47.724000	131.980000	-0.264890	8.272200	1
47.689000	132.020000	-0.952740	8.272200	1
47.654000	132.060000	-6.799800	8.272300	1
47.619000	132.100000	-5.766100	8.272200	1
47.584000	132.140000	-5.420000	8.272300	1
47.549000	132.180000	-5.080200	8.272200	1
47.514000	132.220000	-5.080500	8.272100	1
47.479000	132.260000	-3.704400	8.272100	1
47.444000	132.300000	3.513500	8.272200	1
47.409000	132.340000	-6.801500	8.271900	1
47.373000	132.380000	-6.451600	8.272100	1
47.338000	132.420000	-6.111700	8.272200	1
47.303000	132.450000	-4.743300	8.271800	1
47.268000	132.490000	-5.768900	8.272200	1
47.233000	132.530000	-4.732900	8.271800	1
47.198000	132.570000	-7.139600	8.272100	1
47.162000	132.610000	-7.139800	8.272200	1
47.127000	132.650000	-5.773700	8.271700	1
47.092000	132.690000	-6.113700	8.272200	1
47.057000	132.730000	-5.774000	8.271800	1
47.021000	132.770000	-6.804300	8.272100	1
46.986000	132.800000	-4.394100	8.272000	1
46.951000	132.840000	-5.778400	8.272000	1
46.915000	132.880000	-4.734500	8.272200	1
46.880000	132.920000	-5.425100	8.271800	1
46.845000	132.960000	-1.977700	8.272200	1
46.809000	133.000000	0.418190	8.271900	1
46.774000	133.030000	-3.706000	8.272100	1
46.739000	133.070000	-4.056400	8.271800	1
46.703000	133.110000	-4.736800	8.271800	1
46.668000	133.150000	-6.807500	8.271900	1
46.632000	133.190000	-8.525900	8.271800	1
46.597000	133.230000	-7.491900	8.272000	1
46.561000	133.260000	-8.522700	8.271400	1
46.526000	133.300000	-8.865300	8.271900	1
46.490000	133.340000	-7.156600	8.271700	1
46.455000	133.380000	-8.877400	8.271700	1
46.419000	133.420000	-8.180600	8.271700	1
46.384000	133.450000	-7.490800	8.271400	1
46.348000	133.490000	-6.460700	8.271600	1
46.312000	133.530000	-6.124600	8.271800	1
46.277000	133.570000	-7.159000	8.271500	1
47.916000	131.410000	-6.392200	11.295000	1
47.881000	131.450000	-5.698200	11.295000	1
47.846000	131.490000	-6.392700	11.294000	1
47.811000	131.530000	-4.668500	11.295000	1
47.777000	131.570000	-5.699700	11.294000	1
47.742000	131.610000	-7.760400	11.294000	1
47.707000	131.650000	-2.949500	11.295000	1
47.672000	131.690000	-1.912100	11.294000	1
47.637000	131.730000	-7.747200	11.294000	1
47.602000	131.770000	-7.057400	11.294000	1
47.568000	131.810000	-7.057600	11.295000	1
47.533000	131.850000	-5.351200	11.294000	1
47.498000	131.890000	-5.695300	11.295000	1
47.463000	131.930000	-5.691800	11.295000	1
47.428000	131.960000	-6.035800	11.295000	1
47.393000	132.000000	-6.382500	11.294000	1
47.358000	132.040000	-0.202390	11.294000	1
47.323000	132.080000	-3.271300	11.295000	1
47.288000	132.120000	-5.349800	11.294000	1
47.253000	132.160000	-7.060200	11.294000	1
47.218000	132.200000	-7.414500	11.294000	1
47.183000	132.240000	-6.720700	11.294000	1
47.147000	132.280000	-7.414800	11.294000	1
47.112000	132.320000	-7.061300	11.294000	1
47.077000	132.360000	-7.061300	11.294000	1
47.042000	132.400000	-6.725400	11.294000	1
47.007000	132.440000	-7.069600	11.294000	1
46.972000	132.470000	-7.069700	11.294000	1
46.937000	132.510000	-7.760300	11.294000	1
46.901000	132.550000	-7.070800	11.294000	1
46.866000	132.590000	-6.029200	11.294000	1
46.831000	132.630000	-5.693200	11.294000	1
46.796000	132.670000	-1.226500	11.294000	1
46.760000	132.710000	-4.319500	11.294000	1
46.725000	132.740000	-5.697600	11.294000	1
46.690000	132.780000	-5.004000	11.294000	1
46.654000	132.820000	-5.008000	11.294000	1
46.619000	132.860000	-4.328300	11.294000	1
46.584000	132.900000	-3.978500	11.294000	1
46.548000	132.940000	-6.393200	11.294000	1
46.513000	132.970000	-4.673000	11.294000	1
46.478000	133.010000	-7.428500	11.294000	1
46.442000	133.050000	-8.795700	11.294000	1
46.407000	133.090000	-7.765400	11.294000	1
46.371000	133.130000	-7.075700	11.294000	1
46.336000	133.160000	-7.072100	11.294000	1
46.301000	133.200000	-7.426300	11.294000	1
46.265000	133.240000	-7.770500	11.294000	1
46.230000	133.280000	-6.042700	11.294000	1
46.194000	133.320000	-5.362800	11.294000	1
46.159000	133.350000	-5.359400	11.294000	1
46.123000	133.390000	-4.673300	11.294000	1
46.087000	133.430000	-5.010500	11.294000	1
46.052000	133.470000	-5.361000	11.294000	1
46.016000	133.500000	-4.334900	11.294000	1
45.981000	133.540000	-4.675200	11.294000	1
45.945000	133.580000	-4.335400	11.294000	1
45.909000	133.610000	-3.981600	11.294000	1
45.874000	133.650000	-7.076500	11.293000	1
45.838000	133.690000	-7.072700	11.294000	1
45.802000	133.730000	-6.404200	11.294000	1
45.767000	133.760000	-7.076800	11.294000	1
48.930000	129.420000	-8.883500	17.356000	1
48.896000	129.470000	-9.586200	17.356000	1
48.862000	129.510000	-8.891400	17.356000	1
48.828000	129.550000	-9.228300	17.356000	1
48.794000	129.590000	-8.892400	17.356000	1
48.760000	129.640000	-9.229200	17.356000	1
48.726000	129.680000	-8.888900	17.356000	1
48.692000	129.720000	-9.588400	17.356000	1
48.658000	129.760000	-8.549900	17.356000	1
48.624000	129.810000	-8.203900	17.356000	1
48.590000	129.850000	-8.890700	17.356000	1
48.556000	129.890000	-9.239300	17.356000	1
48.521000	129.930000	-9.922800	17.356000	1
48.487000	129.970000	-8.892500	17.356000	1
48.453000	130.020000	-8.884900	17.356000	1
48.419000	130.060000	-9.237300	17.356000	1
48.385000	130.100000	-9.229900	17.356000	1
48.351000	130.140000	-9.581000	17.356000	1
48.316000	130.180000	-9.577300	17.356000	1
48.282000	130.220000	-8.891400	17.356000	1
48.248000	130.270000	-7.868700	17.355000	1
48.214000	130.310000	-10.271000	17.356000	1
48.179000	130.350000	-9.240300	17.356000	1
48.145000	130.390000	-9.237100	17.356000	1
48.111000	130.430000	-9.936100	17.356000	1
48.076000	130.470000	-8.206600	17.355000	1
48.042000	130.510000	-9.576900	17.356000	1
48.008000	130.550000	-10.277000	17.356000	1
47.973000	130.600000	-10.628000	17.355000	1
47.939000	130.640000	-8.554800	17.356000	1
47.904000	130.680000	-8.906600	17.356000	1
47.870000	130.720000	-9.248400	17.356000	1
47.835000	130.760000	-8.548800	17.356000	1
47.801000	130.800000	-8.553100	17.355000	1
47.766000	130.840000	-8.897700	17.355000	1
47.732000	130.880000	-7.168700	17.356000	1
47.697000	130.920000	-7.512900	17.355000	1
47.663000	130.960000	-7.863700	17.355000	1
47.628000	131.000000	-7.860100	17.356000	1
47.594000	131.040000	-8.902500	17.355000	1
47.559000	131.080000	-7.514000	17.355000	1
47.524000	131.120000	-8.208800	17.355000	1
47.490000	131.160000	-8.213500	17.355000	1
47.455000	131.200000	-6.827900	17.355000	1
47.420000	131.240000	-6.835500	17.355000	1
47.386000	131.280000	-7.172100	17.355000	1
47.351000	131.320000	-6.482100	17.355000	1
47.316000	131.360000	-7.180100	17.355000	1
47.282000	131.400000	-7.176800	17.355000	1
47.247000	131.440000	-6.836600	17.355000	1
47.212000	131.480000	-7.521200	17.355000	1
47.177000	131.520000	-7.177100	17.355000	1
47.142000	131.560000	-7.518000	17.355000	1
47.107000	131.600000	-7.875800	17.355000	1
47.073000	131.640000	-6.834500	17.355000	1
47.038000	131.680000	-9.609200	17.355000	1
47.003000	131.720000	-7.873000	17.355000	1
46.968000	131.760000	-7.524000	17.355000	1
46.933000	131.800000	-6.489800	17.355000	1
46.898000	131.840000	-7.853400	17.355000	1
46.863000	131.880000	-8.205300	17.355000	1
46.828000	131.920000	-7.171200	17.355000	1
46.793000	131.950000	-6.823400	17.355000	1
46.758000	131.990000	-7.171600	17.355000	1
46.723000	132.030000	-7.167900	17.355000	1
46.688000	132.070000	-6.141500	17.355000	1
46.653000	132.110000	-6.141500	17.355000	1
46.618000	132.150000	-5.455500	17.355000	1
46.583000	132.190000	-6.138200	17.355000	1
46.548000	132.230000	-5.795400	17.355000	1
46.513000	132.270000	-6.837300	17.355000	1
46.478000	132.300000	-6.136300	17.355000	1
46.443000	132.340000	-6.147700	17.355000	1
46.408000	132.380000	-6.148200	17.355000	1
46.373000	132.420000	-6.838700	17.355000	1
46.337000	132.460000	-7.519500	17.355000	1
46.302000	132.500000	-7.176100	17.354000	1
46.267000	132.530000	-7.176000	17.355000	1
46.232000	132.570000	-7.176500	17.354000	1
46.196000	132.610000	-6.844200	17.354000	1
46.161000	132.650000	-7.177900	17.354000	1
46.126000	132.690000	-6.838100	17.354000	1
46.091000	132.720000	-7.507700	17.354000	1
46.055000	132.760000	-6.838700	17.354000	1
46.020000	132.800000	-7.190500	17.354000	1
45.985000	132.840000	-5.115000	17.354000	1
45.949000	132.880000	-6.482000	17.354000	1
45.914000	132.910000	-6.150000	17.354000	1
45.879000	132.950000	-7.180800	17.354000	1
45.843000	132.990000	-6.494500	17.354000	1
45.808000	133.030000	-5.810500	17.354000	1
45.772000	133.060000	-5.810800	17.354000	1
45.737000	133.100000	-5.458100	17.354000	1
45.702000	133.140000	-5.454400	17.354000	1
45.666000	133.180000	-6.144800	17.354000	1
45.631000	133.210000	-5.812500	17.354000	1
45.595000	133.250000	-5.809000	17.354000	1
45.560000	133.290000	-6.160700	17.354000	1
45.524000	133.330000	-6.145900	17.354000	1
45.488000	133.360000	-7.874700	17.354000	1
45.453000	133.400000	-5.471200	17.354000	1
45.417000	133.440000	-7.528700	17.354000	1
45.382000	133.470000	-7.521400	17.354000	1
47.630000	130.900000	-8.671300	18.115000	1
47.596000	130.940000	-6.936100	18.116000	1
47.561000	130.980000	-6.599700	18.115000	1
47.526000	131.030000	-6.246100	18.115000	1
47.492000	131.070000	-6.944200	18.115000	1
47.457000	131.110000	-7.634900	18.115000	1
47.423000	131.150000	-6.254400	18.115000	1
47.388000	131.190000	-6.948800	18.115000	1
47.353000	131.230000	-6.595500	18.115000	1
47.319000	131.270000	-6.234100	18.115000	1
47.284000	131.310000	-7.276200	18.115000	1
47.249000	131.350000	-6.928700	18.115000	1
47.214000	131.390000	-7.970500	18.115000	1
47.180000	131.430000	-6.589700	18.115000	1
47.145000	131.460000	-6.589700	18.115000	1
47.110000	131.500000	-7.620700	18.115000	1
47.075000	131.540000	-7.628500	18.115000	1
47.040000	131.580000	-7.965900	18.115000	1
47.006000	131.620000	-7.622300	18.115000	1
46.971000	131.660000	-7.625800	18.115000	1
46.936000	131.700000	-6.939500	18.115000	1
46.901000	131.740000	-6.245600	18.115000	1
46.866000	131.780000	-7.970800	18.115000	1
46.831000	131.820000	-7.276900	18.115000	1
46.796000	131.860000	-6.940400	18.115000	1
46.761000	131.900000	-7.627500	18.115000	1
46.726000	131.940000	-6.250500	18.115000	1
46.691000	131.980000	-7.278000	18.115000	1
46.656000	132.010000	-6.938500	18.115000	1
46.621000	132.050000	-6.252100	18.115000	1
46.586000	132.090000	-6.252500	18.115000	1
46.551000	132.130000	-5.908800	18.115000	1
46.516000	132.170000	-6.591900	18.115000	1
46.481000	132.210000	-5.569100	18.115000	1
46.446000	132.250000	-6.245900	18.115000	1
46.411000	132.290000	-6.600300	18.115000	1
46.376000	132.320000	-6.948400	18.114000	1
46.341000	132.360000	-7.281200	18.115000	1
46.306000	132.400000	-6.952500	18.115000	1
46.270000	132.440000	-5.904500	18.114000	1
46.235000	132.480000	-7.286800	18.115000	1
46.200000	132.520000	-7.275600	18.114000	1
46.165000	132.550000	-7.637500	18.114000	1
46.130000	132.590000	-6.940000	18.114000	1
46.094000	132.630000	-7.982400	18.114000	1
46.059000	132.670000	-6.948000	18.114000	1
46.024000	132.710000	-8.325900	18.114000	1
45.988000	132.740000	-7.983300	18.114000	1
45.953000	132.780000	-7.983600	18.114000	1
45.918000	132.820000	-6.255500	18.114000	1
45.882000	132.860000	-7.286500	18.114000	1
45.847000	132.890000	-7.287500	18.114000	1
45.812000	132.930000	-7.653200	18.114000	1
45.776000	132.970000	-4.525700	18.114000	1
45.741000	133.010000	-5.921400	18.114000	1
45.706000	133.040000	-5.917900	18.114000	1
45.670000	133.080000	-5.925600	18.114000	1
45.635000	133.120000	-4.888000	18.114000	1
45.599000	133.160000	-5.922600	18.114000	1
45.564000	133.190000	-5.922400	18.114000	1
45.528000	133.230000	-6.616900	18.114000	1
45.493000	133.270000	-6.957000	18.114000	1
45.457000	133.310000	-7.298700	18.114000	1