La	Lo	Sig	Theta	Ice
66.042000	148.600000	-6.812600	-18.183000	1
66.048000	148.700000	-6.110800	-18.183000	1
66.054000	148.810000	-8.193100	-18.183000	1
66.060000	148.920000	-7.842800	-18.183000	1
66.066000	149.020000	-7.842400	-18.183000	1
66.072000	149.130000	-8.185100	-18.183000	1
66.078000	149.240000	-7.834500	-18.184000	1
66.084000	149.350000	-8.188100	-18.183000	1
66.089000	149.450000	-8.187700	-18.183000	1
66.095000	149.560000	-7.496800	-18.183000	1
66.100000	149.670000	-7.496700	-18.183000	1
66.105000	149.780000	-7.836700	-18.183000	1
66.111000	149.880000	-8.186900	-18.183000	1
66.116000	149.990000	-6.798200	-18.183000	1
66.121000	150.100000	-5.778800	-18.183000	1
66.126000	150.210000	-5.771100	-18.183000	1
66.131000	150.320000	-5.423300	-18.183000	1
66.136000	150.420000	-6.465100	-18.183000	1
66.141000	150.530000	-5.423200	-18.183000	1
66.146000	150.640000	-5.069300	-18.183000	1
66.150000	150.750000	-5.087800	-18.183000	1
66.155000	150.860000	-5.434100	-18.183000	1
66.159000	150.960000	-5.763300	-18.183000	1
66.164000	151.070000	-5.080300	-18.183000	1
66.168000	151.180000	-5.770500	-18.183000	1
66.172000	151.290000	-5.072800	-18.183000	1
66.176000	151.400000	-5.767000	-18.183000	1
66.181000	151.500000	-5.766900	-18.183000	1
66.185000	151.610000	-4.386300	-18.183000	1
66.189000	151.720000	-5.415600	-18.183000	1
66.192000	151.830000	-5.770700	-18.183000	1
66.196000	151.940000	-7.828200	-18.183000	1
66.200000	152.050000	-7.835300	-18.183000	1
66.204000	152.160000	-5.419200	-18.183000	1
66.207000	152.260000	-4.046100	-18.183000	1
66.211000	152.370000	-3.008400	-18.183000	1
66.214000	152.480000	-4.038900	-18.183000	1
66.217000	152.590000	-4.386400	-18.183000	1
66.220000	152.700000	-4.397600	-18.183000	1
66.224000	152.810000	-4.050100	-18.183000	1
66.227000	152.920000	-6.801400	-18.183000	1
66.076000	150.230000	-6.746300	-17.425000	1
66.081000	150.330000	-3.991500	-17.425000	1
66.086000	150.440000	-5.350700	-17.425000	1
66.090000	150.550000	-6.396100	-17.425000	1
66.095000	150.660000	-5.021600	-17.425000	1
66.100000	150.760000	-5.696900	-17.425000	1
66.104000	150.870000	-4.316400	-17.425000	1
66.109000	150.980000	-5.357800	-17.425000	1
66.113000	151.090000	-5.706400	-17.425000	1
66.118000	151.200000	-5.706300	-17.425000	1
66.122000	151.300000	-6.035200	-17.425000	1
66.126000	151.410000	-6.736600	-17.425000	1
66.130000	151.520000	-5.011800	-17.425000	1
66.134000	151.630000	-4.325100	-17.425000	1
66.138000	151.740000	-5.030200	-17.425000	1
66.142000	151.840000	-5.370100	-17.425000	1
66.146000	151.950000	-7.079800	-17.425000	1
66.149000	152.060000	-6.381900	-17.426000	1
66.031000	150.350000	-6.022800	-16.663000	1
66.035000	150.460000	-4.638200	-16.663000	1
66.040000	150.570000	-6.026000	-16.663000	1
66.045000	150.670000	-5.664400	-16.663000	1
66.050000	150.780000	-4.637500	-16.663000	1
66.054000	150.890000	-5.675300	-16.663000	1
66.059000	151.000000	-5.667700	-16.663000	1
66.063000	151.100000	-6.358200	-16.662000	1
66.067000	151.210000	-5.323900	-16.663000	1
66.071000	151.320000	-6.351800	-16.662000	1
66.076000	151.430000	-5.661600	-16.662000	1
66.080000	151.540000	-5.657900	-16.662000	1
66.084000	151.640000	-3.948400	-16.663000	1
66.088000	151.750000	-4.291000	-16.663000	1
66.092000	151.860000	-4.634900	-16.663000	1
66.095000	151.970000	-6.007900	-16.663000	1
66.099000	152.080000	-6.007700	-16.663000	1
66.103000	152.180000	-6.688200	-16.662000	1
66.106000	152.290000	-6.351900	-16.663000	1
65.981000	150.370000	-5.185100	-15.904000	1
65.986000	150.480000	-5.192600	-15.904000	1
65.991000	150.580000	-5.546300	-15.904000	1
65.995000	150.690000	-5.192400	-15.905000	1
66.000000	150.800000	-3.810700	-15.904000	1
66.004000	150.910000	-5.878800	-15.905000	1
66.009000	151.010000	-5.196000	-15.905000	1
66.013000	151.120000	-5.188500	-15.904000	1
66.018000	151.230000	-5.546100	-15.904000	1
66.022000	151.340000	-6.221400	-15.904000	1
66.026000	151.440000	-4.848500	-15.904000	1
66.030000	151.550000	-4.848400	-15.904000	1
66.034000	151.660000	-4.852100	-15.904000	1
66.038000	151.770000	-5.546200	-15.904000	1
66.042000	151.870000	-5.184800	-15.905000	1
66.045000	151.980000	-5.192300	-15.905000	1
66.049000	152.090000	-4.874500	-15.905000	1
66.053000	152.200000	-6.572900	-15.904000	1
65.856000	148.890000	-6.525900	-15.148000	1
65.862000	149.000000	-6.168100	-15.149000	1
65.868000	149.110000	-7.202300	-15.149000	1
65.873000	149.210000	-6.510800	-15.148000	1
65.879000	149.320000	-5.133300	-15.149000	1
65.885000	149.420000	-7.182800	-15.148000	1
65.890000	149.530000	-7.547700	-15.149000	1
65.896000	149.640000	-6.162700	-15.149000	1
65.901000	149.740000	-7.193100	-15.148000	1
65.906000	149.850000	-6.508400	-15.148000	1
65.912000	149.960000	-6.515600	-15.148000	1
65.917000	150.070000	-7.534400	-15.148000	1
65.922000	150.170000	-7.176600	-15.148000	1
65.927000	150.280000	-5.809200	-15.149000	1
65.932000	150.390000	-5.459000	-15.148000	1
65.937000	150.490000	-6.145300	-15.148000	1
65.941000	150.600000	-5.812300	-15.148000	1
65.946000	150.710000	-5.118100	-15.149000	1
65.951000	150.810000	-4.091500	-15.148000	1
65.955000	150.920000	-4.785200	-15.148000	1
65.960000	151.030000	-5.121400	-15.148000	1
65.964000	151.140000	-5.465200	-15.148000	1
65.968000	151.240000	-5.811600	-15.148000	1
65.973000	151.350000	-5.457800	-15.148000	1
65.977000	151.460000	-5.811700	-15.148000	1
65.981000	151.570000	-4.773800	-15.148000	1
65.985000	151.670000	-5.804200	-15.148000	1
65.989000	151.780000	-4.094800	-15.148000	1
65.992000	151.890000	-4.431200	-15.149000	1
65.996000	152.000000	-6.838300	-15.148000	1
66.000000	152.100000	-4.083500	-15.149000	1
66.003000	152.210000	-5.128900	-15.148000	1
66.007000	152.320000	-5.819100	-15.148000	1
63.378000	130.210000	-4.085000	-14.393000	1
63.334000	130.260000	-5.076500	-13.636000	1
63.290000	130.310000	-8.011600	-12.877000	1
63.309000	130.400000	-3.546700	-12.876000	1
65.644000	148.650000	-7.338900	-12.117000	1
65.650000	148.760000	-6.979400	-12.117000	1
65.656000	148.860000	-6.636600	-12.117000	1
65.662000	148.970000	-4.579700	-12.117000	1
65.668000	149.080000	-5.269500	-12.117000	1
65.674000	149.180000	-4.929200	-12.117000	1
65.680000	149.290000	-6.303100	-12.117000	1
65.685000	149.390000	-7.321600	-12.118000	1
65.691000	149.500000	-7.664400	-12.117000	1
65.696000	149.600000	-6.627500	-12.117000	1
65.702000	149.710000	-5.597000	-12.117000	1
65.707000	149.820000	-5.939500	-12.117000	1
65.712000	149.920000	-4.562700	-12.117000	1
65.718000	150.030000	-4.558700	-12.117000	1
65.723000	150.130000	-3.874800	-12.117000	1
65.728000	150.240000	-4.558500	-12.117000	1
65.733000	150.350000	-5.244800	-12.117000	1
65.738000	150.450000	-5.252200	-12.117000	1
65.742000	150.560000	-4.915800	-12.117000	1
65.747000	150.670000	-4.908200	-12.117000	1
65.752000	150.770000	-4.908100	-12.117000	1
65.756000	150.880000	-3.881700	-12.117000	1
65.761000	150.980000	-4.904300	-12.117000	1
65.765000	151.090000	-5.595900	-12.117000	1
65.770000	151.200000	-2.837800	-12.117000	1
65.774000	151.300000	-5.595900	-12.117000	1
65.778000	151.410000	-5.248300	-12.117000	1
65.782000	151.520000	-5.256000	-12.116000	1
65.786000	151.620000	-4.565800	-12.117000	1
65.790000	151.730000	-3.191800	-12.117000	1
65.794000	151.840000	-4.225700	-12.117000	1
65.798000	151.940000	-1.138900	-12.117000	1
65.801000	152.050000	-2.509200	-12.117000	1
65.805000	152.160000	-5.607100	-12.117000	1
65.809000	152.260000	-8.708500	-12.117000	1
65.812000	152.370000	-6.289800	-12.117000	1
65.670000	150.040000	-5.207400	-11.364000	1
65.675000	150.150000	-4.845800	-11.364000	1
65.680000	150.260000	-2.785100	-11.363000	1
65.685000	150.360000	-4.165100	-11.364000	1
65.690000	150.470000	-4.164700	-11.364000	1
65.695000	150.570000	-3.814700	-11.363000	1
65.699000	150.680000	-3.124600	-11.363000	1
65.704000	150.790000	-4.841000	-11.364000	1
65.709000	150.890000	-4.508500	-11.363000	1
65.713000	151.000000	-2.780600	-11.364000	1
65.718000	151.110000	-5.191100	-11.364000	1
65.722000	151.210000	-5.538800	-11.363000	1
65.726000	151.320000	-4.844900	-11.364000	1
65.730000	151.420000	-4.504800	-11.363000	1
65.734000	151.530000	-4.505100	-11.363000	1
65.738000	151.640000	-3.811100	-11.363000	1
65.742000	151.740000	-5.198800	-11.363000	1
65.746000	151.850000	-2.102100	-11.363000	1
65.750000	151.960000	-0.049376	-11.364000	1
65.754000	152.060000	-4.179900	-11.363000	1
65.757000	152.170000	-2.799400	-11.364000	1
65.761000	152.280000	-2.455700	-11.364000	1
65.764000	152.380000	-7.957200	-11.363000	1
65.768000	152.490000	-5.546100	-11.364000	1
65.771000	152.600000	-5.879000	-11.363000	1
65.612000	149.850000	-6.265800	-10.603000	1
65.617000	149.960000	-4.201400	-10.603000	1
65.622000	150.060000	-4.551400	-10.603000	1
65.627000	150.170000	-3.171100	-10.603000	1
65.632000	150.270000	-4.199800	-10.603000	1
65.637000	150.380000	-4.889700	-10.603000	1
65.642000	150.480000	-5.915800	-10.603000	1
65.647000	150.590000	-5.229400	-10.603000	1
65.652000	150.700000	-4.885500	-10.603000	1
65.656000	150.800000	-4.191200	-10.603000	1
65.661000	150.910000	-3.501100	-10.603000	1
65.665000	151.010000	-3.858500	-10.603000	1
65.670000	151.120000	-3.508300	-10.603000	1
65.674000	151.230000	-4.888500	-10.603000	1
65.678000	151.330000	-5.224600	-10.603000	1
65.682000	151.440000	-5.922300	-10.603000	1
65.686000	151.540000	-4.194500	-10.602000	1
65.690000	151.650000	-2.831600	-10.603000	1
65.694000	151.760000	-4.198000	-10.603000	1
65.698000	151.860000	-1.451200	-10.603000	1
65.702000	151.970000	-2.484900	-10.603000	1
65.706000	152.080000	-2.485000	-10.603000	1
65.709000	152.180000	-3.864800	-10.603000	1
65.713000	152.290000	-4.898700	-10.603000	1
65.716000	152.400000	-3.529900	-10.603000	1
65.720000	152.500000	-4.569800	-10.603000	1
65.520000	149.030000	-7.999700	-9.846400	1
65.526000	149.130000	-4.893400	-9.846800	1
65.532000	149.240000	-2.150700	-9.846700	1
65.537000	149.340000	-3.173300	-9.846400	1
65.543000	149.450000	-6.599900	-9.847000	1
65.548000	149.550000	-4.531900	-9.846600	1
65.554000	149.660000	-5.561900	-9.846700	1
65.559000	149.760000	-6.584500	-9.846700	1
65.565000	149.870000	-5.214000	-9.846600	1
65.570000	149.970000	-3.153500	-9.846600	1
65.575000	150.080000	-4.523600	-9.846600	1
65.580000	150.180000	-3.837100	-9.846500	1
65.585000	150.290000	-4.183300	-9.846500	1
65.590000	150.390000	-4.183200	-9.846500	1
65.595000	150.500000	-4.873100	-9.846700	1
65.600000	150.610000	-3.832900	-9.846500	1
65.604000	150.710000	-3.833000	-9.846400	1
65.609000	150.820000	-4.179100	-9.846800	1
65.613000	150.920000	-4.182900	-9.846400	1
65.618000	151.030000	-4.876800	-9.846600	1
65.622000	151.130000	-2.799000	-9.846700	1
65.626000	151.240000	-3.489200	-9.846400	1
65.631000	151.350000	-4.183000	-9.846600	1
65.635000	151.450000	-4.876900	-9.846500	1
65.639000	151.560000	-4.183400	-9.846000	1
65.643000	151.660000	-5.561000	-9.846300	1
63.075000	130.550000	-8.357100	-9.092000	1
63.094000	130.640000	-9.044000	-9.091200	1
63.113000	130.720000	-7.323800	-9.090300	1
63.131000	130.810000	-8.006900	-9.092000	1
63.150000	130.900000	-8.006800	-9.091900	1
63.169000	130.990000	-8.693600	-9.091400	1
63.187000	131.080000	-9.046600	-9.093200	1
63.205000	131.160000	-8.356800	-9.092200	1
63.224000	131.250000	-9.043900	-9.091200	1
63.242000	131.340000	-7.666300	-9.092600	1
63.260000	131.430000	-7.663300	-9.091000	1
63.278000	131.520000	-8.697400	-9.090700	1
63.297000	131.610000	-8.002300	-9.093100	1
63.315000	131.700000	-5.602500	-9.091400	1
63.333000	131.790000	-3.538300	-9.091700	1
65.533000	150.200000	-4.192200	-9.092100	1
65.538000	150.300000	-4.195900	-9.092100	1
65.543000	150.410000	-2.821800	-9.092000	1
65.548000	150.520000	-4.545500	-9.092300	1
65.552000	150.620000	-4.195600	-9.092100	1
65.557000	150.730000	-3.508000	-9.092000	1
65.562000	150.830000	-3.851600	-9.092300	1
65.566000	150.940000	-3.851800	-9.092000	1
65.571000	151.040000	-3.851700	-9.092200	1
65.575000	151.150000	-2.817800	-9.092300	1
65.579000	151.250000	-2.821800	-9.092000	1
65.584000	151.360000	-3.511800	-9.092200	1
65.588000	151.470000	-4.542000	-9.092100	1
65.592000	151.570000	-2.825800	-9.091600	1
65.596000	151.680000	-1.449300	-9.091800	1
65.600000	151.780000	-5.236100	-9.091800	1
65.603000	151.890000	-1.449300	-9.091900	1
65.607000	152.000000	-1.806700	-9.092200	1
65.611000	152.100000	-3.867000	-9.091900	1
65.614000	152.210000	-1.802700	-9.092500	1
65.618000	152.310000	-3.863000	-9.092300	1
65.621000	152.420000	-7.972700	-9.091900	1
65.625000	152.530000	-1.445000	-9.092700	1
65.628000	152.630000	-5.239600	-9.091800	1
65.631000	152.740000	-5.575800	-9.091900	1
63.033000	130.590000	-8.807500	-8.335800	1
63.052000	130.680000	-8.121300	-8.335000	1
63.070000	130.770000	-7.777900	-8.334000	1
63.089000	130.860000	-8.807400	-8.335600	1
63.107000	130.950000	-7.777000	-8.335700	1
63.126000	131.030000	-8.117300	-8.335000	1
63.144000	131.120000	-9.497000	-8.336900	1
63.163000	131.210000	-9.497300	-8.336000	1
63.181000	131.300000	-9.501800	-8.335000	1
63.199000	131.390000	-7.086400	-8.336300	1
63.217000	131.480000	-7.773500	-8.334800	1
63.236000	131.560000	-7.427500	-8.334300	1
63.254000	131.650000	-8.806700	-8.336700	1
63.272000	131.740000	-8.457300	-8.335200	1
63.290000	131.830000	-7.083000	-8.335400	1
65.432000	149.170000	-6.398300	-8.336000	1
65.438000	149.270000	-3.628800	-8.335900	1
65.444000	149.380000	-5.695300	-8.335600	1
65.449000	149.480000	-7.061300	-8.336200	1
65.455000	149.590000	-6.717200	-8.335800	1
65.460000	149.690000	-5.690200	-8.336000	1
65.465000	149.790000	-4.646200	-8.335900	1
65.471000	149.900000	-5.336100	-8.335900	1
65.476000	150.010000	-6.369900	-8.335900	1
65.481000	150.110000	-5.685900	-8.335800	1
65.486000	150.220000	-3.271700	-8.335700	1
65.491000	150.320000	-2.245100	-8.335700	1
65.496000	150.430000	-4.641600	-8.335600	1
65.501000	150.530000	-3.611200	-8.335900	1
65.505000	150.640000	-3.961300	-8.335700	1
65.510000	150.740000	-3.271300	-8.335600	1
65.515000	150.850000	-5.331400	-8.336000	1
65.519000	150.950000	-3.961400	-8.335600	1
65.524000	151.060000	-4.305100	-8.335800	1
65.528000	151.160000	-3.965100	-8.335900	1
65.532000	151.270000	-2.237500	-8.335600	1
65.537000	151.370000	-2.927600	-8.335800	1
65.541000	151.480000	-4.641600	-8.335800	1
65.545000	151.590000	-4.641900	-8.335200	1
65.549000	151.690000	-4.995600	-8.335500	1
65.553000	151.800000	-5.339400	-8.335400	1
65.556000	151.900000	-5.339300	-8.335600	1
65.560000	152.010000	-2.935100	-8.335800	1
65.564000	152.110000	-4.641700	-8.335500	1
65.567000	152.220000	-4.645100	-8.336100	1
65.571000	152.330000	-3.968700	-8.335900	1
65.574000	152.430000	-0.868590	-8.335500	1
65.578000	152.540000	-6.372600	-8.336300	1
65.581000	152.640000	-5.331600	-8.335400	1
65.584000	152.750000	-5.689100	-8.335500	1
65.587000	152.850000	-6.719200	-8.335900	1
65.590000	152.960000	-4.312900	-8.335200	1
65.593000	153.070000	-4.995500	-8.335200	1
65.596000	153.170000	-6.373100	-8.335500	1
65.424000	149.920000	-5.389200	-7.579200	1
65.429000	150.020000	-5.038900	-7.579200	1
65.434000	150.130000	-3.668400	-7.579100	1
65.439000	150.230000	-3.328200	-7.579100	1
65.444000	150.340000	-3.668100	-7.579100	1
65.449000	150.440000	-1.947900	-7.578900	1
65.454000	150.550000	-1.603900	-7.579300	1
65.459000	150.650000	-4.011700	-7.579000	1
65.463000	150.760000	-4.698100	-7.578900	1
65.468000	150.860000	-3.664000	-7.579300	1
65.472000	150.970000	-5.038100	-7.578900	1
65.477000	151.070000	-1.597700	-7.579100	1
65.481000	151.180000	-4.007900	-7.579200	1
65.485000	151.280000	-2.974200	-7.578900	1
65.490000	151.390000	-3.660600	-7.579200	1
65.494000	151.490000	-3.994400	-7.579100	1
65.498000	151.600000	-5.378600	-7.578600	1
65.502000	151.700000	-2.968200	-7.578800	1
65.506000	151.810000	-3.322000	-7.578700	1
65.509000	151.910000	-5.028400	-7.578900	1
65.513000	152.020000	-3.658100	-7.579100	1
65.517000	152.130000	-4.684600	-7.578800	1
65.520000	152.230000	-4.344100	-7.579400	1
65.524000	152.340000	-3.997800	-7.579200	1
65.527000	152.440000	-5.031900	-7.578800	1
62.948000	130.680000	-6.125000	-6.824900	1
62.967000	130.770000	-6.815700	-6.824300	1
62.985000	130.860000	-6.819100	-6.823100	1
63.004000	130.950000	-8.188500	-6.824500	1
63.023000	131.040000	-8.188500	-6.824700	1
63.041000	131.120000	-7.848800	-6.823900	1
63.059000	131.210000	-8.187700	-6.825800	1
63.078000	131.300000	-7.157700	-6.825200	1
63.096000	131.390000	-7.158400	-6.824100	1
63.114000	131.480000	-7.161400	-6.825400	1
63.132000	131.560000	-8.188600	-6.824100	1
63.150000	131.650000	-7.508900	-6.823300	1
63.168000	131.740000	-7.507500	-6.825700	1
63.186000	131.830000	-8.188500	-6.824300	1
63.204000	131.920000	-7.154600	-6.824300	1
65.377000	149.930000	-4.037500	-6.824800	1
65.383000	150.040000	-4.373500	-6.824800	1
65.388000	150.140000	-3.006900	-6.824700	1
65.393000	150.250000	-2.656600	-6.824700	1
65.398000	150.350000	-2.312600	-6.824700	1
65.403000	150.460000	-3.006200	-6.824500	1
65.407000	150.560000	-1.975800	-6.824900	1
65.412000	150.670000	-3.002300	-6.824600	1
65.417000	150.770000	-4.376200	-6.824500	1
65.421000	150.880000	-3.342200	-6.824900	1
65.426000	150.980000	-3.342400	-6.824500	1
65.430000	151.090000	-4.726200	-6.824700	1
65.434000	151.190000	-5.062500	-6.824800	1
65.439000	151.300000	-0.942310	-6.824500	1
65.443000	151.400000	-1.972300	-6.824800	1
65.447000	151.510000	-3.346200	-6.824700	1
65.451000	151.610000	-3.346500	-6.824200	1
65.455000	151.720000	-4.376500	-6.824400	1
65.459000	151.820000	-2.327500	-6.824300	1
65.463000	151.930000	-6.797900	-6.824500	1
65.466000	152.030000	-4.378500	-6.824700	1
65.470000	152.140000	-3.010000	-6.824300	1
65.326000	149.840000	-4.840200	-6.070100	1
65.331000	149.950000	-3.116000	-6.070100	1
65.336000	150.050000	-1.745600	-6.070000	1
65.341000	150.160000	-2.771800	-6.069900	1
65.346000	150.260000	-3.805300	-6.069900	1
65.351000	150.370000	-3.115000	-6.069900	1
65.356000	150.470000	-3.114900	-6.069700	1
65.361000	150.580000	-3.110800	-6.070100	1
65.366000	150.680000	-3.800900	-6.069800	1
65.370000	150.780000	-3.804500	-6.069800	1
65.375000	150.890000	-4.154200	-6.070100	1
65.379000	150.990000	-3.460700	-6.069700	1
65.384000	151.100000	-3.460700	-6.069900	1
65.388000	151.200000	-3.460600	-6.070100	1
65.392000	151.310000	-3.464500	-6.069800	1
65.396000	151.410000	-1.054300	-6.070000	1
65.400000	151.520000	-3.464500	-6.070000	1
65.404000	151.620000	-1.054600	-6.069500	1
65.408000	151.730000	-0.721870	-6.069700	1
65.412000	151.830000	-1.752000	-6.069500	1
65.416000	151.940000	-5.521200	-6.069700	1
65.420000	152.040000	-5.861100	-6.069900	1
65.423000	152.150000	-3.464600	-6.069500	1
65.427000	152.250000	-0.721400	-6.070200	1
65.430000	152.360000	-3.815200	-6.070100	1
65.434000	152.460000	-6.908600	-6.069600	1
65.279000	149.860000	-4.319100	-5.314900	1
65.285000	149.960000	-3.982200	-5.314900	1
65.290000	150.070000	-3.631900	-5.314900	1
65.295000	150.170000	-1.918100	-5.314800	1
65.300000	150.280000	-2.257800	-5.314800	1
65.305000	150.380000	-1.913900	-5.314800	1
65.310000	150.490000	-2.593900	-5.314600	1
65.314000	150.590000	-2.253400	-5.315000	1
65.319000	150.690000	-2.257100	-5.314700	1
65.324000	150.800000	-1.567000	-5.314600	1
65.328000	150.900000	-1.566800	-5.315000	1
65.333000	151.010000	-1.567000	-5.314600	1
65.337000	151.110000	0.153110	-5.314800	1
65.341000	151.220000	-2.943300	-5.314900	1
65.346000	151.320000	-2.597200	-5.314600	1
65.350000	151.430000	-0.196950	-5.314900	1
65.354000	151.530000	-1.917100	-5.314900	1
65.358000	151.640000	-1.227400	-5.314400	1
65.362000	151.740000	-0.204480	-5.314600	1
65.366000	151.850000	-2.593800	-5.314400	1
65.370000	151.950000	-4.313800	-5.314600	1
65.373000	152.060000	-1.920700	-5.314800	1
65.377000	152.160000	-1.920900	-5.314400	1
65.380000	152.270000	-3.626900	-5.315000	1
65.384000	152.370000	-2.264000	-5.315000	1
65.387000	152.480000	-2.260700	-5.314500	1
62.822000	130.820000	-6.893900	-4.560400	1
65.244000	150.080000	-4.467800	-4.560000	1
65.249000	150.190000	-3.777600	-4.559800	1
65.254000	150.290000	-2.747200	-4.559800	1
65.259000	150.400000	-3.087000	-4.559800	1
65.263000	150.500000	-3.087000	-4.559600	1
65.268000	150.600000	-0.686410	-4.560000	1
65.273000	150.710000	0.693480	-4.559700	1
65.277000	150.810000	-0.336580	-4.559700	1
65.282000	150.920000	-1.376300	-4.560000	1
65.286000	151.020000	-0.686590	-4.559600	1
65.291000	151.130000	0.343540	-4.559800	1
65.295000	151.230000	-2.056500	-4.560000	1
65.299000	151.330000	0.003365	-4.559700	1
65.304000	151.440000	-1.023000	-4.559900	1
65.308000	151.540000	0.693490	-4.559900	1
65.312000	151.650000	-0.344010	-4.559400	1
65.315000	151.750000	-2.056800	-4.559600	1
65.319000	151.860000	-3.094100	-4.559400	1
65.323000	151.960000	-4.124100	-4.559600	1
65.327000	152.070000	-4.466800	-4.559800	1
65.330000	152.170000	-4.814200	-4.559400	1
62.780000	130.860000	-6.831000	-3.804700	1
65.182000	149.790000	-4.739800	-3.804200	1
65.187000	149.890000	-4.396100	-3.804100	1
65.192000	149.990000	-3.705600	-3.804100	1
65.197000	150.100000	-3.705400	-3.804100	1
65.202000	150.200000	-3.025200	-3.803900	1
65.207000	150.310000	-1.994900	-3.804000	1
65.212000	150.410000	-3.024700	-3.804000	1
65.217000	150.510000	-0.954800	-3.803700	1
65.222000	150.620000	0.415650	-3.804200	1
65.227000	150.720000	2.138900	-3.803900	1
65.231000	150.830000	1.445500	-3.803800	1
65.236000	150.930000	-0.270810	-3.804200	1
65.240000	151.030000	-2.674700	-3.803700	1
65.245000	151.140000	-0.274500	-3.803900	1
65.249000	151.240000	-1.301000	-3.804100	1
65.253000	151.350000	1.108800	-3.803800	1
65.257000	151.450000	-1.641100	-3.804100	1
65.261000	151.560000	2.489000	-3.804100	1
65.265000	151.660000	-0.274870	-3.803600	1
65.269000	151.770000	-2.338300	-3.803800	1
65.273000	151.870000	0.071626	-3.803500	1
65.277000	151.970000	-1.644800	-3.803700	1
62.738000	130.910000	-6.042200	-3.048600	1
62.757000	130.990000	-6.732500	-3.048300	1
65.156000	150.220000	-0.515190	-3.047700	1
65.161000	150.320000	-0.865040	-3.047800	1
65.166000	150.420000	-2.235000	-3.047800	1
65.171000	150.530000	-2.925200	-3.047500	1
65.176000	150.630000	0.855380	-3.048000	1
65.180000	150.740000	-0.171520	-3.047700	1
65.185000	150.840000	1.548500	-3.047600	1
65.189000	150.940000	-0.861230	-3.048000	1
65.194000	151.050000	-0.171560	-3.047500	1
65.198000	151.150000	-0.174770	-3.047700	1
65.203000	151.260000	0.515370	-3.047900	1
65.207000	151.360000	0.168410	-3.047600	1
65.211000	151.460000	0.165260	-3.047900	1
65.215000	151.570000	2.918700	-3.047900	1
65.219000	151.670000	4.638300	-3.047500	1
65.223000	151.780000	3.605100	-3.047600	1
65.227000	151.880000	-0.865210	-3.047400	1
65.230000	151.990000	-2.235100	-3.047600	1
62.696000	130.950000	-4.197100	-2.297100	1
62.715000	131.040000	-0.420190	-2.296900	1
62.733000	131.120000	-1.791500	-2.295200	1
62.752000	131.210000	-4.197700	-2.296200	1
62.770000	131.300000	-0.067104	-2.296700	1
65.100000	150.020000	-2.452400	-2.296400	1
65.105000	150.130000	-1.762400	-2.296400	1
65.110000	150.230000	-2.452400	-2.296100	1
65.115000	150.330000	-1.762300	-2.296200	1
65.120000	150.440000	-2.102200	-2.296300	1
65.125000	150.540000	0.647690	-2.295900	1
65.130000	150.650000	-0.731880	-2.296400	1
65.134000	150.750000	0.297950	-2.296100	1
65.139000	150.850000	1.327900	-2.296000	1
65.144000	150.960000	3.741400	-2.296400	1
65.148000	151.060000	0.991060	-2.295900	1
65.152000	151.160000	2.361200	-2.296100	1
65.157000	151.270000	0.651310	-2.296300	1
65.161000	151.370000	2.361100	-2.296000	1
65.165000	151.480000	1.681200	-2.296300	1
65.169000	151.580000	3.051300	-2.296300	1
65.173000	151.690000	3.050900	-2.295900	1
65.177000	151.790000	4.431000	-2.296000	1
62.655000	130.990000	0.996180	-1.542000	1
62.673000	131.080000	12.676000	-1.542000	1
62.691000	131.170000	4.425100	-1.540300	1
62.710000	131.250000	0.305610	-1.541100	1
62.728000	131.340000	2.026100	-1.541700	1
62.746000	131.430000	6.835300	-1.540400	1
62.764000	131.510000	-0.033637	-1.542000	1
62.783000	131.600000	-6.223500	-1.542600	1
62.801000	131.690000	-6.224500	-1.541200	1
65.059000	150.140000	-0.701650	-1.541300	1
65.064000	150.250000	-1.731700	-1.541000	1
65.069000	150.350000	-0.361560	-1.541100	1
65.074000	150.450000	-0.011443	-1.541200	1
65.079000	150.560000	0.331270	-1.540800	1
65.084000	150.660000	4.448800	-1.541300	1
65.088000	150.760000	4.111600	-1.541000	1
65.093000	150.870000	4.801600	-1.540900	1
65.097000	150.970000	1.701800	-1.541300	1
65.102000	151.070000	1.701500	-1.540800	1
65.106000	151.180000	6.521600	-1.541000	1
65.110000	151.280000	1.361700	-1.541200	1
65.115000	151.390000	4.111500	-1.540900	1
65.119000	151.490000	5.141700	-1.541200	1
65.123000	151.590000	6.521700	-1.541200	1
65.127000	151.700000	5.831400	-1.540800	1
65.131000	151.800000	7.201500	-1.540900	1
65.134000	151.900000	-0.358740	-1.540700	1
62.613000	131.030000	7.848400	-0.793370	1
62.631000	131.120000	13.348000	-0.793460	1
62.650000	131.210000	11.288000	-0.791750	1
62.668000	131.300000	10.598000	-0.792410	1
62.686000	131.380000	11.628000	-0.793060	1
62.704000	131.470000	7.507900	-0.791710	1
62.723000	131.560000	11.979000	-0.793190	1
62.741000	131.640000	5.448800	-0.793950	1
62.759000	131.730000	0.637810	-0.792480	1
62.777000	131.820000	6.138100	-0.793660	1
62.795000	131.910000	2.695100	-0.793320	1
65.008000	150.050000	-0.372280	-0.792540	1
65.014000	150.160000	0.657800	-0.792520	1
65.019000	150.260000	1.337800	-0.792300	1
65.023000	150.360000	1.337900	-0.792420	1
65.028000	150.470000	0.310710	-0.792450	1
65.033000	150.570000	2.720600	-0.792010	1
65.038000	150.670000	6.840900	-0.792520	1
65.042000	150.780000	2.370800	-0.792260	1
65.047000	150.880000	4.780800	-0.792160	1
65.051000	150.980000	2.031000	-0.792500	1
65.056000	151.090000	8.560900	-0.792100	1
65.060000	151.190000	6.842400	-0.792220	1
65.064000	151.290000	5.472600	-0.792460	1
65.069000	151.400000	8.902600	-0.792180	1
65.073000	151.500000	8.902800	-0.792400	1
65.077000	151.600000	7.192900	-0.792520	1
65.081000	151.710000	9.942900	-0.792090	1
65.085000	151.810000	6.843100	-0.792180	1
65.088000	151.920000	8.563100	-0.791950	1
65.092000	152.020000	-1.746800	-0.792140	1
62.571000	131.080000	19.376000	0.118370	1
62.590000	131.160000	22.126000	0.118570	1
62.608000	131.250000	17.656000	0.118260	1
62.626000	131.340000	17.316000	0.118160	1
62.644000	131.420000	22.126000	0.118740	1
62.662000	131.510000	17.996000	0.118080	1
62.681000	131.600000	15.936000	0.118170	1
62.699000	131.690000	17.316000	0.118980	1
62.717000	131.770000	13.536000	0.117970	1
62.735000	131.860000	16.286000	0.118630	1
62.753000	131.950000	18.686000	0.118840	1
62.770000	132.040000	14.216000	0.117700	1
62.788000	132.120000	18.346000	0.118780	1
62.806000	132.210000	11.126000	0.118700	1
64.963000	150.070000	0.493910	0.118160	1
64.968000	150.170000	1.866600	0.118050	1
64.973000	150.270000	3.586700	0.118390	1
64.978000	150.380000	12.867000	0.118170	1
64.983000	150.480000	1.526800	0.118240	1
64.987000	150.580000	13.207000	0.118120	1
64.992000	150.690000	8.056900	0.117910	1
64.997000	150.790000	3.927000	0.118300	1
65.001000	150.890000	2.207000	0.118130	1
65.006000	151.000000	4.959700	0.118020	1
65.010000	151.100000	12.870000	0.118260	1
65.014000	151.200000	14.930000	0.117920	1
65.019000	151.310000	11.150000	0.118260	1
65.023000	151.410000	9.089700	0.118310	1
65.027000	151.510000	10.120000	0.117950	1
65.031000	151.620000	14.590000	0.118220	1
65.035000	151.720000	12.870000	0.117930	1
65.039000	151.820000	9.779600	0.117830	1
65.043000	151.930000	21.120000	0.118280	1
65.046000	152.030000	5.999600	0.118030	1
65.050000	152.130000	-6.035800	0.118290	1
62.529000	131.120000	14.333000	0.732100	1
62.548000	131.210000	13.303000	0.731840	1
62.566000	131.290000	11.934000	0.733660	1
62.584000	131.380000	8.153700	0.733150	1
62.602000	131.470000	13.304000	0.732550	1
62.620000	131.550000	9.874100	0.733910	1
62.639000	131.640000	5.743500	0.732510	1
62.657000	131.730000	9.873200	0.731640	1
62.675000	131.810000	6.093600	0.732910	1
62.692000	131.900000	6.092900	0.731920	1
62.710000	131.990000	6.092700	0.732080	1
62.728000	132.080000	0.590570	0.733910	1
64.917000	150.080000	1.640600	0.733100	1
64.922000	150.180000	2.323300	0.733070	1
64.927000	150.290000	4.393600	0.733460	1
64.932000	150.390000	6.113500	0.733220	1
64.936000	150.490000	7.483600	0.733190	1
64.941000	150.600000	7.143900	0.733710	1
64.946000	150.700000	3.013600	0.733070	1
64.951000	150.800000	3.366500	0.733460	1
64.955000	150.910000	4.736600	0.733520	1
64.960000	151.010000	7.826500	0.733130	1
64.964000	151.110000	9.546700	0.733630	1
64.968000	151.220000	10.927000	0.733410	1
64.972000	151.320000	6.796500	0.733250	1
64.977000	151.420000	7.826700	0.733580	1
64.981000	151.520000	7.488000	0.733200	1
64.985000	151.630000	8.858200	0.733130	1
64.989000	151.730000	9.208400	0.733470	1
64.993000	151.830000	5.428500	0.733370	1
64.996000	151.940000	11.269000	0.733800	1
65.000000	152.040000	9.548800	0.733490	1
65.004000	152.150000	-2.821300	0.733310	1
62.487000	131.160000	1.656300	1.487200	1
62.505000	131.250000	1.316000	1.486800	1
62.523000	131.340000	-0.739820	1.488600	1
62.542000	131.420000	-0.742940	1.488200	1
62.560000	131.510000	1.659600	1.487600	1
62.578000	131.600000	-4.872500	1.489000	1
62.596000	131.680000	-2.803200	1.487700	1
62.614000	131.770000	-2.121000	1.486600	1
62.632000	131.860000	-2.800200	1.488000	1
62.650000	131.940000	-1.770800	1.487000	1
64.870000	150.100000	1.339600	1.488200	1
64.875000	150.200000	1.339700	1.488200	1
64.880000	150.300000	1.342900	1.488600	1
64.885000	150.400000	1.342800	1.488300	1
64.890000	150.510000	2.032900	1.488300	1
64.895000	150.610000	0.653260	1.488900	1
64.900000	150.710000	1.342900	1.488200	1
64.904000	150.820000	3.063200	1.488600	1
64.909000	150.920000	3.063300	1.488700	1
64.913000	151.020000	5.123100	1.488300	1
64.918000	151.120000	5.813400	1.488800	1
64.922000	151.230000	4.436200	1.488600	1
64.926000	151.330000	3.063100	1.488400	1
64.930000	151.430000	4.783300	1.488700	1
64.934000	151.540000	2.373100	1.488400	1
64.938000	151.640000	2.375900	1.488300	1
64.942000	151.740000	3.066100	1.488600	1
64.946000	151.850000	3.066100	1.488500	1
64.950000	151.950000	5.466400	1.488900	1
64.954000	152.050000	7.186200	1.488600	1
64.957000	152.160000	7.876100	1.488400	1
64.961000	152.260000	5.126500	1.489000	1
64.964000	152.360000	-5.526900	1.488500	1
62.445000	131.200000	-5.677900	2.236300	1
62.464000	131.290000	-2.928100	2.235800	1
62.482000	131.380000	0.163420	2.237600	1
62.500000	131.460000	-1.203600	2.237300	1
64.825000	150.110000	-2.201600	2.237400	1
64.830000	150.210000	0.198500	2.237400	1
64.835000	150.310000	2.262000	2.237800	1
64.840000	150.420000	3.291900	2.237500	1
64.844000	150.520000	4.331900	2.237500	1
64.849000	150.620000	2.612400	2.238000	1
64.854000	150.730000	3.642000	2.237400	1
64.858000	150.830000	3.642300	2.237800	1
64.863000	150.930000	2.952400	2.237900	1
64.867000	151.030000	3.292200	2.237500	1
64.872000	151.140000	3.642500	2.237900	1
64.876000	151.240000	3.292300	2.237800	1
64.880000	151.340000	0.202150	2.237600	1
64.884000	151.440000	4.332400	2.237900	1
64.888000	151.550000	0.552110	2.237600	1
64.892000	151.650000	-0.137990	2.237400	1
64.896000	151.750000	1.232300	2.237700	1
64.900000	151.860000	2.612200	2.237700	1
64.904000	151.960000	2.262600	2.238100	1
64.908000	152.060000	1.232400	2.237800	1
64.911000	152.170000	1.922300	2.237600	1
64.915000	152.270000	5.365900	2.238100	1
64.918000	152.370000	-1.164500	2.237700	1
62.403000	131.250000	-2.986400	2.992600	1
64.763000	149.820000	-2.266400	2.993900	1
64.768000	149.920000	-1.923000	2.993700	1
64.773000	150.020000	1.857600	2.993900	1
64.778000	150.120000	0.827670	2.993700	1
64.784000	150.230000	-0.542150	2.993700	1
64.788000	150.330000	0.138380	2.994100	1
64.793000	150.430000	-0.541610	2.993800	1
64.798000	150.530000	-1.228200	2.993800	1
64.803000	150.640000	-0.197500	2.994400	1
64.808000	150.740000	-1.567800	2.993800	1
64.812000	150.840000	-0.197370	2.994100	1
64.817000	150.940000	-1.227200	2.994200	1
64.821000	151.050000	1.522600	2.993800	1
64.825000	151.150000	1.182900	2.994300	1
64.830000	151.250000	0.492720	2.994100	1
64.834000	151.350000	0.832580	2.993900	1
64.838000	151.460000	0.492790	2.994200	1
64.842000	151.560000	-0.197500	2.993900	1
64.846000	151.660000	-0.887600	2.993800	1
64.850000	151.770000	-0.200690	2.994100	1
64.854000	151.870000	-2.607500	2.994000	1
64.858000	151.970000	0.832940	2.994400	1
64.861000	152.070000	1.522800	2.994100	1
64.865000	152.180000	2.552700	2.993900	1
64.868000	152.280000	1.183100	2.994400	1
64.872000	152.380000	2.892900	2.994100	1
64.875000	152.490000	-1.917400	2.993800	1
64.879000	152.590000	-4.323500	2.994500	1
62.361000	131.290000	-7.486900	3.747600	1
64.732000	150.140000	0.104530	3.748800	1
64.737000	150.240000	0.448200	3.748800	1
64.742000	150.340000	1.138700	3.749200	1
64.747000	150.440000	0.788740	3.748900	1
64.752000	150.550000	-1.611200	3.748900	1
64.757000	150.650000	-0.240510	3.749500	1
64.761000	150.750000	-0.237330	3.748900	1
64.766000	150.850000	-0.580390	3.749200	1
64.770000	150.960000	-0.916690	3.749300	1
64.775000	151.060000	0.113230	3.749000	1
64.779000	151.160000	0.453660	3.749400	1
64.784000	151.260000	-0.236350	3.749200	1
64.788000	151.370000	-0.576360	3.749100	1
64.792000	151.470000	-0.576020	3.749400	1
64.796000	151.570000	-0.236140	3.749000	1
64.800000	151.670000	0.113840	3.748900	1
64.804000	151.780000	-2.986100	3.749100	1
64.808000	151.880000	2.167100	3.749100	1
64.811000	151.980000	2.170900	3.749500	1
64.815000	152.080000	1.834200	3.749200	1
64.819000	152.190000	0.794070	3.749000	1
64.822000	152.290000	-0.575540	3.749500	1
64.826000	152.390000	-2.295800	3.749200	1
64.829000	152.500000	1.484100	3.748900	1
64.832000	152.600000	1.488200	3.749600	1
64.836000	152.700000	-1.602500	3.748800	1
62.319000	131.330000	0.931810	4.501300	1
62.337000	131.420000	-7.662900	4.500500	1
64.686000	150.150000	1.298800	4.502600	1
64.691000	150.250000	1.988800	4.502500	1
64.696000	150.360000	-1.782700	4.502900	1
64.701000	150.460000	-2.122700	4.502700	1
64.706000	150.560000	-1.782500	4.502600	1
64.711000	150.660000	-1.781900	4.503200	1
64.715000	150.760000	-0.398570	4.502600	1
64.720000	150.870000	0.971870	4.502900	1
64.724000	150.970000	0.632120	4.503000	1
64.729000	151.070000	-0.751590	4.502700	1
64.733000	151.170000	-1.437700	4.503100	1
64.737000	151.270000	-1.087600	4.503000	1
64.742000	151.380000	-1.781200	4.502800	1
64.746000	151.480000	-1.090900	4.503100	1
64.750000	151.580000	-1.090900	4.502800	1
64.754000	151.680000	-0.747330	4.502600	1
64.758000	151.790000	-1.440600	4.502800	1
64.761000	151.890000	-3.840600	4.502800	1
64.765000	151.990000	-3.847300	4.503200	1
64.769000	152.090000	-2.127300	4.503000	1
64.772000	152.200000	-0.750150	4.502800	1
64.776000	152.300000	-2.116200	4.503200	1
64.779000	152.400000	-1.436400	4.502900	1
64.783000	152.500000	-1.776600	4.502600	1
64.786000	152.610000	-1.086000	4.503300	1
64.789000	152.710000	-1.086500	4.502500	1
64.792000	152.810000	2.353800	4.502800	1
64.795000	152.920000	-0.392530	4.503100	1
64.798000	153.020000	-5.896700	4.502800	1
64.801000	153.120000	-5.559900	4.503200	1
62.276000	131.370000	-7.496900	5.256200	1
64.645000	150.270000	2.495000	5.257500	1
64.650000	150.370000	-0.254750	5.257900	1
64.655000	150.470000	-1.624900	5.257600	1
64.660000	150.570000	-1.281300	5.257600	1
64.664000	150.670000	-0.940870	5.258100	1
64.669000	150.780000	0.100150	5.257600	1
64.673000	150.880000	1.130600	5.257900	1
64.678000	150.980000	-0.249240	5.258000	1
64.682000	151.080000	-0.589330	5.257700	1
64.687000	151.180000	0.104670	5.258000	1
64.691000	151.290000	-1.275300	5.257900	1
64.695000	151.390000	-0.588920	5.257800	1
64.699000	151.490000	-3.338800	5.258100	1
64.703000	151.590000	-1.618700	5.257800	1
64.707000	151.700000	-1.275000	5.257600	1
64.711000	151.800000	0.441660	5.257800	1
64.715000	151.900000	-1.968300	5.257700	1
64.719000	152.000000	-0.587820	5.258200	1
64.722000	152.100000	-2.307900	5.257900	1
64.726000	152.210000	-1.971600	5.257700	1
64.729000	152.310000	-3.681300	5.258200	1
64.733000	152.410000	-4.027700	5.257900	1
64.736000	152.510000	-2.997800	5.257500	1
64.739000	152.620000	-1.617100	5.258300	1
64.743000	152.720000	-1.273700	5.257600	1
64.746000	152.820000	-0.590820	5.257700	1
64.749000	152.920000	-3.337100	5.258100	1
62.234000	131.410000	-7.656200	6.010200	1
64.599000	150.280000	0.262610	6.011500	1
64.604000	150.380000	0.623930	6.011900	1
64.608000	150.480000	0.270130	6.011700	1
64.613000	150.580000	-0.416220	6.011600	1
64.618000	150.690000	-1.095900	6.012200	1
64.622000	150.790000	-0.066120	6.011700	1
64.627000	150.890000	1.304100	6.012000	1
64.631000	150.990000	1.300600	6.012100	1
64.636000	151.090000	0.274000	6.011800	1
64.640000	151.200000	-0.754420	6.012100	1
64.644000	151.300000	-1.440700	6.012000	1
64.649000	151.400000	-1.444400	6.011900	1
64.653000	151.500000	-0.063989	6.012200	1
64.657000	151.600000	-1.094100	6.011800	1
64.661000	151.710000	1.996100	6.011700	1
64.665000	151.810000	-2.120200	6.011800	1
64.668000	151.910000	-1.794700	6.011800	1
64.672000	152.010000	-1.787000	6.012200	1
64.676000	152.110000	-1.454300	6.012000	1
64.679000	152.220000	-2.469700	6.011800	1
64.683000	152.320000	-3.510400	6.012200	1
64.686000	152.420000	-4.193200	6.012000	1
64.690000	152.520000	-3.503300	6.011600	1
64.693000	152.630000	0.623960	6.012400	1
64.696000	152.730000	1.650100	6.011700	1
64.699000	152.830000	-1.786100	6.011800	1
62.191000	131.450000	-5.892800	6.762300	1
64.557000	150.390000	-0.700200	6.764000	1
64.562000	150.500000	-1.390300	6.763800	1
64.567000	150.600000	-0.696600	6.763700	1
64.571000	150.700000	0.673790	6.764300	1
64.576000	150.800000	1.703600	6.763800	1
64.581000	150.900000	1.360000	6.764000	1
64.585000	151.000000	1.023800	6.764200	1
64.589000	151.110000	0.333620	6.763900	1
64.594000	151.210000	1.027500	6.764200	1
64.598000	151.310000	0.338900	6.764100	1
64.602000	151.410000	-0.694800	6.764000	1
64.606000	151.510000	-0.698240	6.764300	1
64.610000	151.610000	-0.354550	6.763900	1
64.614000	151.720000	-1.728200	6.763800	1
64.618000	151.820000	-4.824600	6.763900	1
64.622000	151.920000	-0.694130	6.763900	1
64.515000	150.510000	0.836860	7.523500	1
64.520000	150.610000	-0.546960	7.523400	1
64.524000	150.710000	1.173400	7.524000	1
64.529000	150.810000	-0.196850	7.523500	1
64.534000	150.910000	-0.192970	7.523800	1
64.538000	151.020000	1.868600	7.523900	1
64.542000	151.120000	-0.191510	7.523600	1
64.547000	151.220000	-0.885000	7.523900	1
64.551000	151.320000	-0.194880	7.523800	1
64.555000	151.420000	0.838960	7.523700	1
64.559000	151.520000	-1.570900	7.524000	1
64.563000	151.630000	-1.911000	7.523700	1
64.567000	151.730000	-1.910900	7.523500	1
64.571000	151.830000	-2.944500	7.523600	1
64.575000	151.930000	-3.970800	7.523600	1
64.579000	152.030000	-4.324100	7.524000	1
64.454000	150.220000	-3.971500	8.276900	1
64.459000	150.320000	-5.688000	8.276800	1
64.463000	150.420000	-2.937400	8.277200	1
64.468000	150.520000	0.846530	8.277000	1
64.473000	150.620000	2.222800	8.276900	1
64.478000	150.720000	1.538100	8.277500	1
64.482000	150.830000	-0.858300	8.277000	1
64.487000	150.930000	-2.241800	8.277200	1
64.491000	151.030000	-3.608000	8.277400	1
64.496000	151.130000	-2.234200	8.277100	1
64.500000	151.230000	-0.857540	8.277400	1
64.504000	151.330000	-0.853710	8.277300	1
64.508000	151.430000	-2.588800	8.277200	1
64.512000	151.530000	-1.203400	8.277500	1
64.516000	151.640000	-2.577200	8.277200	1
64.520000	151.740000	-2.923400	8.277000	1
62.062000	131.580000	-7.326000	9.034500	1
64.421000	150.530000	-2.146700	9.036000	1
64.426000	150.630000	2.319900	9.035900	1
64.430000	150.740000	1.287900	9.036500	1
64.435000	150.840000	-1.806100	9.036000	1
64.440000	150.940000	-0.074418	9.036300	1
64.444000	151.040000	-0.760470	9.036400	1
64.448000	151.140000	-2.134300	9.036100	1
64.453000	151.240000	0.269810	9.036400	1
64.457000	151.340000	-2.137800	9.036300	1
64.461000	151.440000	-2.827700	9.036300	1
64.465000	151.550000	-3.167600	9.036500	1
64.469000	151.650000	-5.566600	9.036200	1
64.473000	151.750000	-1.801200	9.036100	1
64.477000	151.850000	-3.167500	9.036100	1
64.369000	150.450000	-3.862000	9.790600	1
64.374000	150.550000	-4.215700	9.790400	1
64.379000	150.650000	-5.589500	9.790300	1
64.383000	150.750000	-0.770940	9.790900	1
64.388000	150.850000	0.952900	9.790400	1
64.392000	150.950000	1.293200	9.790700	1
64.397000	151.050000	-1.796900	9.790800	1
64.401000	151.150000	-2.483300	9.790600	1
64.405000	151.250000	0.960810	9.790800	1
64.410000	151.350000	-2.834600	9.790700	1
64.414000	151.460000	-3.173400	9.790700	1
64.418000	151.560000	-4.889700	9.790900	1
64.422000	151.660000	-3.857200	9.790700	1
64.426000	151.760000	-5.237500	9.790500	1
61.975000	131.660000	-9.343500	10.547000	1
61.993000	131.750000	-8.990100	10.545000	1
62.011000	131.830000	-9.340000	10.546000	1
62.029000	131.920000	-7.955100	10.547000	1
62.047000	132.000000	-8.649500	10.546000	1
62.065000	132.090000	-8.649200	10.547000	1
62.083000	132.170000	-8.304900	10.548000	1
62.100000	132.260000	-8.993400	10.546000	1
62.118000	132.350000	-7.958900	10.547000	1
62.135000	132.430000	-7.959100	10.547000	1
62.153000	132.520000	-9.344000	10.545000	1
62.170000	132.600000	-7.618800	10.547000	1
62.188000	132.690000	-8.312800	10.547000	1
62.205000	132.780000	-8.649900	10.546000	1
62.222000	132.860000	-7.958800	10.548000	1
62.240000	132.950000	-7.959100	10.547000	1
62.257000	133.040000	-7.959800	10.545000	1
64.307000	150.160000	-5.187300	10.548000	1
64.312000	150.260000	-2.794500	10.548000	1
64.317000	150.360000	-5.187400	10.548000	1
64.322000	150.460000	-5.187200	10.548000	1
64.326000	150.560000	-4.862200	10.548000	1
64.331000	150.660000	-6.236400	10.548000	1
64.336000	150.760000	-0.716400	10.549000	1
64.340000	150.860000	-1.066600	10.548000	1
64.345000	150.960000	-2.096500	10.548000	1
64.349000	151.060000	-2.429000	10.549000	1
64.354000	151.160000	-3.119100	10.548000	1
64.358000	151.260000	-1.402600	10.549000	1
64.362000	151.360000	-3.462900	10.549000	1
64.366000	151.470000	-2.089000	10.549000	1
64.370000	151.570000	-3.812900	10.549000	1
64.374000	151.670000	-4.145400	10.549000	1
64.378000	151.770000	-6.559800	10.548000	1
64.222000	149.470000	-4.243800	11.301000	1
64.228000	149.570000	-4.576100	11.301000	1
64.233000	149.670000	-2.177000	11.301000	1
64.239000	149.770000	-3.557200	11.301000	1
64.244000	149.870000	-3.897300	11.301000	1
64.249000	149.970000	-4.243600	11.301000	1
64.254000	150.070000	-3.889800	11.301000	1
64.259000	150.170000	-6.636600	11.301000	1
64.264000	150.270000	-5.961500	11.301000	1
64.269000	150.370000	-4.931300	11.301000	1
64.274000	150.470000	-5.953900	11.301000	1
64.279000	150.570000	-9.414100	11.301000	1
64.284000	150.670000	-5.972900	11.301000	1
64.288000	150.770000	-2.169200	11.301000	1
64.293000	150.870000	-3.195700	11.301000	1
64.297000	150.970000	-4.579600	11.301000	1
64.302000	151.070000	-3.878000	11.301000	1
64.306000	151.170000	-1.817900	11.301000	1
64.310000	151.270000	1.614900	11.301000	1
64.314000	151.380000	-6.292300	11.301000	1
64.319000	151.480000	-5.961200	11.301000	1
64.323000	151.580000	-5.262100	11.302000	1
64.327000	151.680000	-3.878000	11.301000	1
64.331000	151.780000	-4.224400	11.301000	1
64.226000	150.480000	-5.360400	12.056000	1
64.231000	150.580000	-8.092600	12.056000	1
64.236000	150.680000	-9.482200	12.056000	1
64.240000	150.780000	-5.348900	12.057000	1
64.245000	150.880000	-1.912100	12.056000	1
64.249000	150.980000	-3.963500	12.056000	1
64.254000	151.090000	-5.337500	12.057000	1
64.258000	151.190000	-3.605900	12.056000	1
64.262000	151.290000	-5.345000	12.056000	1
64.267000	151.390000	-3.971000	12.056000	1
64.271000	151.490000	-4.993700	12.056000	1
64.275000	151.590000	-4.993600	12.057000	1
64.279000	151.690000	-4.645700	12.056000	1
64.283000	151.790000	-5.675900	12.056000	1
64.286000	151.890000	-5.339500	12.056000	1
64.290000	151.990000	-6.022000	12.056000	1
64.142000	149.800000	-5.657900	12.817000	1
64.148000	149.900000	-3.586000	12.817000	1
64.153000	150.000000	-6.004600	12.817000	1
64.158000	150.100000	-8.752000	12.817000	1
64.163000	150.200000	-8.407300	12.817000	1
64.168000	150.300000	-7.724800	12.817000	1
64.173000	150.400000	-8.057100	12.817000	1
64.178000	150.500000	-6.007300	12.817000	1
64.183000	150.600000	-7.026200	12.817000	1
64.187000	150.700000	-9.083400	12.817000	1
64.192000	150.800000	-5.655200	12.817000	1
64.196000	150.900000	-5.976400	12.817000	1
64.201000	151.000000	-5.639900	12.817000	1
64.205000	151.100000	-4.953200	12.817000	1
64.210000	151.200000	-2.542600	12.817000	1
64.214000	151.300000	-4.259000	12.817000	1
64.218000	151.400000	-5.979300	12.817000	1
64.222000	151.500000	-4.601300	12.817000	1
64.226000	151.600000	-4.952600	12.817000	1
64.230000	151.700000	-4.254900	12.817000	1
64.234000	151.800000	-6.308000	12.817000	1
64.238000	151.900000	-6.677100	12.817000	1
64.242000	152.000000	-6.665800	12.817000	1
64.245000	152.100000	-6.319200	12.817000	1
64.249000	152.200000	-6.315400	12.817000	1
64.252000	152.300000	-6.319100	12.817000	1
64.256000	152.400000	-5.634900	12.817000	1
64.259000	152.500000	-5.292300	12.817000	1
64.263000	152.600000	-6.326500	12.817000	1
64.109000	150.110000	-8.823300	13.575000	1
64.114000	150.210000	-6.064400	13.576000	1
64.119000	150.310000	-7.101100	13.576000	1
64.124000	150.410000	-6.751000	13.576000	1
64.129000	150.510000	-9.162100	13.576000	1
64.134000	150.610000	-8.464200	13.576000	1
64.139000	150.710000	-9.495000	13.576000	1
64.143000	150.810000	-7.093200	13.576000	1
64.148000	150.910000	-7.089600	13.576000	1
64.152000	151.010000	-6.728100	13.576000	1
64.157000	151.110000	-7.085600	13.576000	1
64.161000	151.210000	-7.089500	13.576000	1
64.051000	149.920000	-5.476600	14.328000	1
64.056000	150.020000	-8.560700	14.328000	1
64.061000	150.120000	-8.907100	14.328000	1
64.066000	150.220000	-7.887900	14.328000	1
64.071000	150.320000	-8.575900	14.328000	1
64.076000	150.420000	-8.907400	14.328000	1
64.081000	150.520000	-8.911000	14.328000	1
64.086000	150.620000	-8.895800	14.328000	1
64.090000	150.720000	-7.190100	14.328000	1
64.095000	150.820000	-6.495900	14.328000	1
64.099000	150.920000	-8.213000	14.328000	1
64.104000	151.020000	-7.518800	14.328000	1
64.108000	151.120000	-6.484300	14.328000	1
64.112000	151.220000	-6.834500	14.328000	1
64.117000	151.320000	-7.518600	14.328000	1
64.121000	151.420000	-6.830700	14.328000	1
64.125000	151.520000	-7.189600	14.328000	1
64.129000	151.620000	-5.461500	14.328000	1
64.133000	151.720000	-6.140400	14.328000	1
64.137000	151.820000	-6.830800	14.328000	1
64.141000	151.920000	-6.144300	14.328000	1
64.144000	152.020000	-7.176600	14.328000	1
64.148000	152.120000	-6.142200	14.328000	1
64.152000	152.220000	-5.788300	14.328000	1
64.155000	152.320000	-7.508800	14.328000	1
64.158000	152.420000	-6.149300	14.328000	1
64.162000	152.520000	-7.866100	14.328000	1
63.974000	149.440000	-7.889800	15.089000	1
63.980000	149.540000	-6.855400	15.089000	1
63.985000	149.640000	-8.920400	15.089000	1
63.991000	149.740000	-7.575300	15.090000	1
63.996000	149.840000	-7.210500	15.089000	1
64.001000	149.940000	-8.252100	15.090000	1
64.007000	150.030000	-7.571700	15.090000	1
64.012000	150.130000	-8.248000	15.089000	1
64.017000	150.230000	-5.846600	15.090000	1
64.022000	150.330000	-7.911500	15.090000	1
64.027000	150.430000	-5.824000	15.089000	1
64.031000	150.530000	-7.544500	15.090000	1
64.036000	150.630000	-8.919000	15.090000	1
64.041000	150.730000	-8.589700	15.089000	1
64.045000	150.830000	-4.453600	15.090000	1
63.902000	149.060000	-5.215000	15.846000	1
63.908000	149.160000	-3.154200	15.846000	1
63.914000	149.260000	-6.247900	15.846000	1
63.920000	149.350000	-5.564800	15.846000	1
63.925000	149.450000	-6.240100	15.846000	1
63.931000	149.550000	-7.263300	15.846000	1
63.936000	149.650000	-6.928100	15.846000	1
63.942000	149.750000	-4.180700	15.846000	1
63.947000	149.850000	-3.837100	15.846000	1
63.952000	149.950000	-7.271000	15.846000	1
63.957000	150.050000	-8.980900	15.846000	1
63.962000	150.150000	-7.618900	15.846000	1
63.967000	150.250000	-6.595800	15.846000	1
63.972000	150.350000	-5.211400	15.846000	1
63.977000	150.440000	-3.830000	15.846000	1
63.982000	150.540000	-8.642100	15.846000	1
63.987000	150.640000	-8.298100	15.846000	1
63.991000	150.740000	-7.267500	15.846000	1
63.996000	150.840000	-7.267300	15.847000	1
64.001000	150.940000	-6.909500	15.846000	1
64.005000	151.040000	-7.259700	15.846000	1
64.009000	151.140000	-5.203700	15.847000	1
64.014000	151.240000	-3.822000	15.846000	1
64.018000	151.340000	-5.890300	15.846000	1
64.022000	151.440000	-6.229300	15.846000	1
64.026000	151.540000	-7.263300	15.847000	1
64.030000	151.640000	-5.882600	15.847000	1
64.034000	151.740000	-6.240200	15.847000	1
64.038000	151.840000	-6.576700	15.847000	1
64.042000	151.940000	-6.565600	15.846000	1
64.045000	152.040000	-7.599900	15.846000	1
64.049000	152.140000	-5.531100	15.847000	1
64.053000	152.240000	-6.584100	15.846000	1
64.056000	152.340000	-6.225000	15.846000	1
63.937000	150.660000	-7.386900	16.601000	1
63.942000	150.750000	-8.088400	16.600000	1
63.946000	150.850000	-5.676600	16.601000	1
63.951000	150.950000	-4.986100	16.601000	1
63.955000	151.050000	-4.642200	16.601000	1
63.960000	151.150000	-7.733500	16.601000	1
63.964000	151.250000	-5.683400	16.601000	1
63.968000	151.350000	-4.989200	16.601000	1
63.972000	151.450000	-3.958800	16.601000	1
63.976000	151.550000	-5.686800	16.601000	1
63.980000	151.650000	-5.339300	16.601000	1
63.984000	151.750000	-6.702300	16.601000	1
63.988000	151.850000	-7.396600	16.601000	1
63.992000	151.950000	-8.079600	16.601000	1
63.887000	150.670000	-7.425900	17.365000	1
63.891000	150.770000	-6.738000	17.365000	1
63.896000	150.860000	-6.047700	17.366000	1
63.900000	150.960000	-1.254900	17.365000	1
63.905000	151.060000	-3.300500	17.366000	1
63.909000	151.160000	-5.372200	17.366000	1
63.913000	151.260000	-4.338100	17.366000	1
63.918000	151.360000	-5.372200	17.366000	1
63.922000	151.460000	-7.085500	17.366000	1
63.926000	151.560000	-5.024600	17.366000	1
63.930000	151.660000	-6.406400	17.366000	1
63.934000	151.760000	-6.756600	17.366000	1
63.817000	150.280000	-7.197000	18.126000	1
63.822000	150.380000	-6.857000	18.126000	1
63.826000	150.480000	-6.517100	18.126000	1
63.831000	150.580000	-7.895400	18.126000	1
63.836000	150.680000	-8.238300	18.126000	1
63.841000	150.780000	-6.853400	18.126000	1
63.845000	150.880000	-6.849800	18.126000	1
63.850000	150.980000	-6.177900	18.126000	1
63.854000	151.070000	-4.116900	18.126000	1
63.858000	151.170000	-5.493700	18.126000	1
63.863000	151.270000	-6.871800	18.126000	1
63.867000	151.370000	-5.490000	18.126000	1
63.871000	151.470000	-7.208200	18.126000	1
63.875000	151.570000	-7.193600	18.126000	1
63.879000	151.670000	-7.186000	18.126000	1
63.883000	151.770000	-7.189600	18.126000	1
63.887000	151.870000	-6.509300	18.126000	1
63.890000	151.970000	-6.155400	18.126000	1
63.894000	152.070000	-7.880100	18.126000	1
63.898000	152.160000	-7.185900	18.126000	1
63.901000	152.260000	-7.543400	18.126000	1
63.905000	152.360000	-4.101600	18.126000	1
63.908000	152.460000	-8.241100	18.126000	1