La	Lo	Sig	Theta	Ice
66.229000	149.730000	-6.751100	-17.425000	1
66.230000	149.830000	-5.720500	-17.425000	1
66.230000	149.940000	-5.037600	-17.425000	1
66.231000	150.050000	-5.030200	-17.425000	1
66.231000	150.160000	-5.037600	-17.425000	1
66.232000	150.270000	-6.747500	-17.425000	1
66.232000	150.380000	-6.068200	-17.425000	1
66.232000	150.490000	-5.366600	-17.425000	1
66.233000	150.600000	-5.720600	-17.425000	1
66.233000	150.710000	-5.374000	-17.425000	1
66.233000	150.820000	-4.680300	-17.425000	1
66.233000	150.920000	-5.034100	-17.425000	1
66.233000	151.030000	-5.717200	-17.425000	1
66.232000	151.140000	-3.661200	-17.425000	1
66.232000	151.250000	-4.674100	-17.425000	1
66.232000	151.360000	-6.054900	-17.425000	1
66.231000	151.470000	-5.710900	-17.425000	1
66.231000	151.580000	-3.979300	-17.425000	1
66.230000	151.690000	-5.361100	-17.425000	1
66.229000	151.800000	-6.051300	-17.425000	1
66.229000	151.910000	-7.092300	-17.425000	1
66.228000	152.010000	-7.092200	-17.425000	1
66.227000	152.120000	-5.711600	-17.426000	1
66.226000	152.230000	-5.365300	-17.425000	1
66.225000	152.340000	-0.901570	-17.425000	1
66.224000	152.450000	-3.994800	-17.426000	1
66.222000	152.560000	-2.274500	-17.425000	1
66.221000	152.670000	-4.346300	-17.425000	1
66.220000	152.780000	-5.365700	-17.426000	1
66.218000	152.890000	-6.742800	-17.425000	1
66.217000	152.990000	-6.402400	-17.426000	1
66.178000	149.730000	-6.024000	-16.662000	1
66.179000	149.840000	-6.367600	-16.662000	1
66.180000	149.950000	-6.364000	-16.662000	1
66.180000	150.060000	-6.704000	-16.662000	1
66.181000	150.170000	-6.360300	-16.662000	1
66.181000	150.280000	-5.337200	-16.662000	1
66.181000	150.380000	-5.344700	-16.662000	1
66.182000	150.490000	-6.016500	-16.662000	1
66.182000	150.600000	-6.711600	-16.662000	1
66.182000	150.710000	-6.027500	-16.662000	1
66.182000	150.820000	-5.677500	-16.663000	1
66.182000	150.930000	-6.035000	-16.663000	1
66.182000	151.040000	-4.647300	-16.662000	1
66.182000	151.150000	-4.643500	-16.662000	1
66.181000	151.260000	-4.647300	-16.663000	1
66.181000	151.360000	-5.330200	-16.662000	1
66.181000	151.470000	-5.677800	-16.663000	1
66.180000	151.580000	-6.031800	-16.662000	1
66.179000	151.690000	-6.375700	-16.662000	1
66.179000	151.800000	-4.640300	-16.663000	1
66.178000	151.910000	-7.055200	-16.663000	1
66.177000	152.020000	-5.341900	-16.663000	1
66.176000	152.120000	-5.685800	-16.663000	1
65.874000	160.310000	-6.080400	-16.661000	1
65.867000	160.420000	-5.352800	-16.662000	1
65.860000	160.520000	-4.314800	-16.662000	1
65.852000	160.630000	-6.398000	-16.661000	1
65.845000	160.740000	-8.107700	-16.661000	1
65.838000	160.840000	-6.043000	-16.662000	1
65.831000	160.950000	-4.326100	-16.661000	1
65.823000	161.050000	-7.765200	-16.661000	1
65.816000	161.160000	-7.783900	-16.661000	1
65.808000	161.260000	-8.440800	-16.661000	1
65.800000	161.370000	-6.723100	-16.661000	1
65.793000	161.480000	-5.689100	-16.661000	1
65.785000	161.580000	-3.960900	-16.662000	1
65.777000	161.690000	-2.941900	-16.661000	1
65.769000	161.790000	-5.021300	-16.661000	1
65.761000	161.900000	-5.367600	-16.662000	1
66.129000	149.960000	-7.275600	-15.904000	1
66.130000	150.060000	-4.861000	-15.904000	1
66.131000	150.170000	-4.857100	-15.904000	1
66.131000	150.280000	-4.520700	-15.904000	1
66.131000	150.390000	-5.204700	-15.904000	1
66.132000	150.500000	-5.200900	-15.904000	1
66.132000	150.610000	-5.204700	-15.904000	1
66.132000	150.720000	-4.872000	-15.904000	1
66.132000	150.820000	-5.204700	-15.904000	1
66.132000	150.930000	-2.467800	-15.905000	1
66.132000	151.040000	-5.201200	-15.904000	1
66.132000	151.150000	-5.895200	-15.904000	1
66.131000	151.260000	-5.887700	-15.904000	1
66.131000	151.370000	-6.593100	-15.904000	1
66.130000	151.480000	-5.891500	-15.905000	1
66.130000	151.580000	-4.857600	-15.904000	1
66.129000	151.690000	-5.201500	-15.904000	1
66.129000	151.800000	-4.525100	-15.905000	1
66.128000	151.910000	-5.216600	-15.904000	1
66.127000	152.020000	-6.945000	-15.904000	1
66.032000	150.290000	-5.440100	-14.394000	1
66.033000	150.400000	-3.711900	-14.394000	1
66.033000	150.510000	-5.096100	-14.394000	1
66.033000	150.620000	-4.742300	-14.394000	1
66.033000	150.720000	-4.398500	-14.394000	1
66.033000	150.830000	-5.092300	-14.394000	1
66.033000	150.940000	-5.440000	-14.394000	1
66.033000	151.050000	-5.780300	-14.394000	1
66.033000	151.160000	-5.436600	-14.394000	1
66.032000	151.260000	-4.398700	-14.394000	1
66.032000	151.370000	-5.780500	-14.394000	1
66.032000	151.480000	-4.746400	-14.394000	1
66.031000	151.590000	-5.100500	-14.394000	1
66.030000	151.700000	-5.440700	-14.394000	1
66.030000	151.810000	-5.444500	-14.394000	1
66.029000	151.910000	-4.081800	-14.394000	1
66.028000	152.020000	-3.040400	-14.394000	1
66.027000	152.130000	-1.320200	-14.395000	1
66.026000	152.240000	-6.833000	-14.394000	1
66.025000	152.350000	-4.075900	-14.394000	1
66.024000	152.450000	-4.414700	-14.394000	1
66.023000	152.560000	-4.758800	-14.394000	1
65.753000	159.850000	-6.840100	-14.394000	1
65.746000	159.950000	-4.410800	-14.394000	1
65.739000	160.060000	-6.131400	-14.393000	1
65.733000	160.160000	-6.138800	-14.394000	1
65.726000	160.270000	-3.392000	-14.393000	1
65.719000	160.370000	-4.089700	-14.393000	1
65.712000	160.480000	-3.391900	-14.394000	1
65.705000	160.580000	-3.040800	-14.393000	1
65.697000	160.690000	-3.055800	-14.393000	1
65.690000	160.790000	-3.410800	-14.393000	1
65.683000	160.900000	-3.059600	-14.392000	1
65.675000	161.010000	-8.532700	-14.393000	1
65.668000	161.110000	-6.471600	-14.393000	1
65.660000	161.220000	-6.127900	-14.393000	1
65.653000	161.320000	-5.792700	-14.393000	1
65.984000	150.510000	-5.393500	-13.636000	1
65.984000	150.620000	-5.393600	-13.637000	1
65.984000	150.730000	-4.013200	-13.636000	1
65.984000	150.840000	-5.039600	-13.637000	1
65.984000	150.940000	-5.047300	-13.637000	1
65.984000	151.050000	-4.367300	-13.636000	1
65.984000	151.160000	-4.703700	-13.637000	1
65.983000	151.270000	-5.726400	-13.637000	1
65.983000	151.380000	-5.390300	-13.636000	1
65.982000	151.480000	-4.360000	-13.637000	1
65.982000	151.590000	-4.363900	-13.637000	1
65.981000	151.700000	-6.078700	-13.636000	1
65.981000	151.810000	-4.368100	-13.637000	1
65.980000	151.910000	-6.075100	-13.637000	1
65.979000	152.020000	-5.413800	-13.637000	1
65.978000	152.130000	-5.723800	-13.637000	1
65.977000	152.240000	-1.954300	-13.637000	1
65.976000	152.350000	-6.773200	-13.637000	1
65.975000	152.450000	-5.746500	-13.637000	1
65.974000	152.560000	-5.395400	-13.636000	1
65.972000	152.670000	-7.116100	-13.637000	1
65.697000	159.940000	-6.100100	-13.636000	1
65.691000	160.040000	-4.382100	-13.636000	1
65.684000	160.150000	-4.718400	-13.636000	1
65.677000	160.250000	-5.748800	-13.636000	1
65.670000	160.360000	-2.315700	-13.635000	1
65.663000	160.460000	-2.323100	-13.636000	1
65.656000	160.570000	-4.036200	-13.635000	1
65.649000	160.670000	-5.749000	-13.635000	1
65.642000	160.780000	-1.990700	-13.636000	1
65.634000	160.880000	-3.367300	-13.635000	1
65.627000	160.990000	-4.733700	-13.635000	1
65.619000	161.090000	-8.885300	-13.635000	1
65.612000	161.200000	-3.028300	-13.635000	1
65.935000	150.620000	-5.244100	-12.877000	1
65.935000	150.730000	-5.244200	-12.877000	1
65.935000	150.840000	-4.904200	-12.877000	1
65.935000	150.950000	-4.206500	-12.877000	1
65.935000	151.050000	-3.526600	-12.877000	1
65.935000	151.160000	-4.908200	-12.877000	1
65.934000	151.270000	-4.206800	-12.877000	1
65.934000	151.380000	-4.207000	-12.877000	1
65.934000	151.490000	-5.237200	-12.877000	1
65.933000	151.590000	-3.874500	-12.877000	1
65.932000	151.700000	-4.561000	-12.877000	1
65.932000	151.810000	-5.591300	-12.877000	1
65.931000	151.920000	-5.935400	-12.877000	1
65.930000	152.020000	-2.154600	-12.877000	1
65.929000	152.130000	-6.279300	-12.878000	1
65.615000	160.450000	-3.202500	-12.877000	1
65.607000	160.550000	-7.006300	-12.876000	1
65.600000	160.660000	-4.232800	-12.876000	1
65.593000	160.760000	-4.590300	-12.876000	1
65.586000	160.870000	-2.862700	-12.875000	1
65.578000	160.970000	-3.896500	-12.876000	1
65.571000	161.080000	-3.892600	-12.876000	1
65.563000	161.180000	-5.960900	-12.876000	1
65.556000	161.290000	-2.885100	-12.876000	1
65.548000	161.390000	-4.941800	-12.876000	1
65.540000	161.500000	-3.563900	-12.876000	1
65.532000	161.600000	-6.979700	-12.876000	1
65.524000	161.700000	-4.919300	-12.876000	1
65.516000	161.810000	-4.919200	-12.876000	1
65.508000	161.910000	-5.624500	-12.876000	1
65.500000	162.020000	-3.896600	-12.876000	1
65.838000	150.310000	-4.527800	-11.363000	1
65.838000	150.420000	-5.210300	-11.363000	1
65.838000	150.520000	-3.493800	-11.363000	1
65.838000	150.630000	-5.550500	-11.363000	1
65.838000	150.740000	-3.140100	-11.363000	1
65.838000	150.850000	-3.486400	-11.363000	1
65.838000	150.950000	-3.830300	-11.364000	1
65.838000	151.060000	-2.804000	-11.363000	1
65.838000	151.170000	-3.834200	-11.363000	1
65.838000	151.280000	-2.464000	-11.364000	1
65.837000	151.380000	-4.184500	-11.363000	1
65.837000	151.490000	-5.210900	-11.364000	1
65.836000	151.600000	-3.830700	-11.364000	1
65.836000	151.700000	-4.528500	-11.363000	1
65.835000	151.810000	-5.226300	-11.364000	1
65.777000	148.820000	-2.845900	-10.602000	1
65.778000	148.920000	-6.276600	-10.602000	1
65.779000	149.030000	-4.910200	-10.602000	1
65.781000	149.140000	-3.530000	-10.602000	1
65.782000	149.240000	-4.906400	-10.603000	1
65.783000	149.350000	-5.933100	-10.602000	1
65.784000	149.460000	-7.314900	-10.602000	1
65.785000	149.570000	-5.596800	-10.603000	1
65.786000	149.670000	-4.216700	-10.603000	1
65.786000	149.780000	-3.876600	-10.602000	1
65.787000	149.890000	-4.906600	-10.603000	1
65.788000	149.990000	-4.566700	-10.602000	1
65.788000	150.100000	-4.566700	-10.602000	1
65.789000	150.210000	-4.212800	-10.603000	1
65.789000	150.310000	-4.562800	-10.602000	1
65.790000	150.420000	-4.559000	-10.603000	1
65.790000	150.530000	-5.593000	-10.602000	1
65.790000	150.640000	-4.902900	-10.603000	1
65.790000	150.740000	-4.910500	-10.603000	1
65.790000	150.850000	-3.182700	-10.603000	1
65.790000	150.960000	-3.518900	-10.603000	1
65.790000	151.060000	-4.563200	-10.603000	1
65.790000	151.170000	-3.880500	-10.603000	1
65.789000	151.280000	-3.876800	-10.603000	1
65.789000	151.390000	-4.563400	-10.602000	1
65.788000	151.490000	-4.213300	-10.603000	1
65.788000	151.600000	-5.247300	-10.603000	1
65.787000	151.710000	-4.213600	-10.603000	1
65.787000	151.810000	-3.523400	-10.603000	1
65.786000	151.920000	-1.482100	-10.603000	1
65.785000	152.030000	-2.501100	-10.603000	1
65.784000	152.130000	-6.281700	-10.603000	1
65.783000	152.240000	-6.300700	-10.603000	1
65.782000	152.350000	-7.662500	-10.603000	1
65.781000	152.460000	-1.123600	-10.603000	1
65.779000	152.560000	-2.851600	-10.603000	1
65.778000	152.670000	-5.602100	-10.603000	1
65.742000	150.320000	-3.831200	-9.846200	1
65.742000	150.430000	-3.498600	-9.846400	1
65.742000	150.530000	-2.808500	-9.846200	1
65.742000	150.640000	-3.158500	-9.846500	1
65.742000	150.750000	-4.521300	-9.846500	1
65.742000	150.850000	-3.158700	-9.846300	1
65.742000	150.960000	-2.464800	-9.846700	1
65.742000	151.070000	-3.838900	-9.846400	1
65.742000	151.170000	-2.465000	-9.846400	1
65.742000	151.280000	-3.835100	-9.846700	1
65.741000	151.390000	-3.159100	-9.846100	1
65.741000	151.490000	-4.521700	-9.846500	1
65.740000	151.600000	-4.875700	-9.846600	1
65.740000	151.710000	-5.223400	-9.846300	1
65.739000	151.810000	-3.499300	-9.846800	1
65.738000	151.920000	1.997200	-9.846600	1
65.737000	152.030000	-2.473300	-9.846400	1
65.736000	152.140000	-3.174600	-9.846800	1
65.735000	152.240000	-1.447000	-9.846600	1
65.734000	152.350000	-4.552700	-9.846500	1
65.451000	159.970000	-5.566400	-9.845600	1
65.444000	160.080000	-5.233600	-9.846300	1
65.437000	160.180000	-4.192400	-9.845700	1
65.430000	160.290000	-5.562900	-9.845200	1
65.423000	160.390000	-5.912700	-9.845900	1
65.416000	160.490000	-5.920500	-9.845100	1
65.409000	160.600000	-6.600700	-9.845100	1
65.402000	160.700000	-7.984800	-9.845500	1
65.394000	160.810000	-7.290900	-9.844700	1
65.387000	160.910000	-6.596800	-9.845100	1
65.380000	161.010000	-5.577800	-9.845200	1
65.372000	161.120000	-6.260600	-9.844800	1
65.365000	161.220000	-5.574000	-9.845500	1
65.357000	161.330000	-7.631000	-9.845100	1
65.349000	161.430000	-6.264000	-9.845800	1
65.341000	161.530000	-6.600400	-9.845900	1
65.693000	150.000000	-3.177400	-9.091800	1
65.693000	150.110000	-3.527500	-9.091700	1
65.694000	150.220000	-3.174200	-9.091800	1
65.694000	150.320000	-2.147300	-9.091800	1
65.694000	150.430000	-2.487200	-9.092000	1
65.695000	150.540000	-0.767160	-9.091800	1
65.695000	150.640000	-2.133500	-9.092100	1
65.695000	150.750000	-2.137300	-9.092000	1
65.695000	150.860000	-1.793600	-9.091900	1
65.695000	150.960000	-3.857500	-9.092300	1
65.695000	151.070000	-1.447400	-9.092000	1
65.694000	151.180000	-3.514000	-9.092000	1
65.694000	151.280000	-3.167600	-9.092300	1
65.694000	151.390000	-4.544300	-9.091700	1
65.693000	151.500000	-3.517900	-9.092100	1
65.693000	151.600000	-4.551900	-9.092100	1
65.692000	151.710000	-3.171900	-9.091900	1
65.691000	151.820000	-2.487900	-9.092400	1
65.691000	151.920000	-0.767940	-9.092200	1
65.690000	152.030000	-0.768160	-9.092000	1
65.689000	152.140000	-1.448100	-9.092400	1
65.688000	152.240000	-4.206100	-9.092200	1
65.687000	152.350000	1.280400	-9.092000	1
65.685000	152.460000	-1.115900	-9.092400	1
65.684000	152.560000	-4.210300	-9.091900	1
65.683000	152.670000	-5.919300	-9.092100	1
65.681000	152.780000	-2.142500	-9.092300	1
65.680000	152.880000	-0.776360	-9.091900	1
65.678000	152.990000	-5.243000	-9.092300	1
65.677000	153.100000	-7.643700	-9.092400	1
65.642000	149.580000	-5.011800	-8.335800	1
65.643000	149.690000	-4.650600	-8.335600	1
65.644000	149.790000	-3.624300	-8.335300	1
65.645000	149.900000	-1.900100	-8.335800	1
65.645000	150.010000	-2.590300	-8.335500	1
65.646000	150.110000	-2.586800	-8.335400	1
65.646000	150.220000	-2.932800	-8.335500	1
65.647000	150.330000	-2.239300	-8.335400	1
65.647000	150.430000	-2.937500	-8.335600	1
65.647000	150.540000	-2.579900	-8.335400	1
65.647000	150.650000	-1.893000	-8.335700	1
65.647000	150.750000	-2.933100	-8.335700	1
65.647000	150.860000	-3.613300	-8.335500	1
65.647000	150.970000	-1.896700	-8.336000	1
65.647000	151.070000	0.166900	-8.335600	1
65.647000	151.180000	-1.217000	-8.335600	1
65.647000	151.290000	-1.893200	-8.336000	1
65.646000	151.390000	-2.241500	-8.335400	1
65.646000	151.500000	-3.613600	-8.335700	1
65.645000	151.600000	-3.621100	-8.335800	1
65.645000	151.710000	-4.311500	-8.335500	1
65.595000	149.590000	-1.616700	-7.579100	1
65.596000	149.690000	-3.680700	-7.578900	1
65.597000	149.800000	-4.013400	-7.578600	1
65.597000	149.910000	-3.336800	-7.579100	1
65.598000	150.010000	-2.979400	-7.578800	1
65.599000	150.120000	-1.953100	-7.578700	1
65.599000	150.220000	-2.294000	-7.578800	1
65.599000	150.330000	-0.229320	-7.578700	1
65.600000	150.440000	-1.605700	-7.578900	1
65.600000	150.540000	-3.666500	-7.578700	1
65.600000	150.650000	-1.256400	-7.579000	1
65.600000	150.760000	-1.949300	-7.579000	1
65.600000	150.860000	-2.289500	-7.578800	1
65.600000	150.970000	-0.229190	-7.579300	1
65.600000	151.070000	-1.613200	-7.578900	1
65.600000	151.180000	-0.583290	-7.578900	1
65.599000	151.290000	-2.293300	-7.579400	1
65.599000	151.390000	-2.293600	-7.578700	1
65.599000	151.500000	-3.673700	-7.579000	1
65.598000	151.610000	-0.583700	-7.579100	1
65.597000	151.710000	-1.957700	-7.578800	1
65.597000	151.820000	-4.014000	-7.579300	1
65.596000	151.920000	0.796150	-7.579200	1
65.595000	152.030000	0.792190	-7.578900	1
65.594000	152.140000	0.438550	-7.579400	1
65.593000	152.240000	0.105800	-7.579200	1
65.592000	152.350000	-0.928160	-7.579000	1
65.591000	152.460000	-0.245480	-7.579400	1
65.590000	152.560000	-6.765400	-7.578800	1
65.547000	149.490000	-2.332500	-6.824300	1
65.548000	149.590000	-1.988600	-6.824700	1
65.549000	149.700000	-3.018700	-6.824500	1
65.550000	149.800000	-3.701500	-6.824200	1
65.551000	149.910000	-2.321100	-6.824700	1
65.551000	150.020000	-3.355000	-6.824400	1
65.552000	150.120000	-0.604860	-6.824300	1
65.552000	150.230000	-1.627800	-6.824400	1
65.553000	150.330000	-0.597770	-6.824400	1
65.553000	150.440000	-0.596800	-6.824600	1
65.553000	150.550000	-0.597080	-6.824300	1
65.553000	150.650000	-2.661200	-6.824600	1
65.553000	150.760000	-3.008800	-6.824700	1
65.553000	150.860000	-1.624700	-6.824400	1
65.553000	150.970000	-1.291100	-6.824900	1
65.553000	151.080000	-0.261320	-6.824500	1
65.553000	151.180000	-1.982500	-6.824500	1
65.552000	151.290000	-1.288600	-6.825000	1
65.552000	151.400000	-0.951710	-6.824300	1
65.552000	151.500000	-3.351800	-6.824600	1
65.551000	151.610000	-1.985400	-6.824700	1
65.550000	151.710000	-3.348300	-6.824400	1
65.550000	151.820000	-3.705600	-6.824900	1
65.549000	151.930000	-3.015700	-6.824900	1
65.548000	152.030000	-2.329600	-6.824600	1
65.547000	152.140000	-1.985900	-6.825000	1
65.546000	152.240000	-3.012500	-6.824800	1
65.545000	152.350000	-1.982600	-6.824600	1
65.544000	152.460000	-1.986200	-6.825000	1
65.499000	149.390000	0.979620	-6.069600	1
65.500000	149.490000	-1.077000	-6.069500	1
65.501000	149.600000	-2.453100	-6.070000	1
65.502000	149.700000	-2.789600	-6.069800	1
65.503000	149.810000	-2.449700	-6.069500	1
65.504000	149.910000	-2.453100	-6.070000	1
65.504000	150.020000	-1.069400	-6.069700	1
65.505000	150.130000	0.990610	-6.069600	1
65.505000	150.230000	-1.069500	-6.069600	1
65.506000	150.340000	0.653910	-6.069600	1
65.506000	150.440000	0.310620	-6.069800	1
65.506000	150.550000	0.654670	-6.069600	1
65.506000	150.660000	-1.755500	-6.069900	1
65.506000	150.760000	-1.414800	-6.069900	1
65.506000	150.870000	-2.100400	-6.069600	1
65.506000	150.970000	-0.379350	-6.070200	1
65.506000	151.080000	0.310390	-6.069800	1
65.506000	151.190000	-1.757600	-6.069700	1
65.506000	151.290000	1.002700	-6.070200	1
65.505000	151.400000	-0.037390	-6.069500	1
65.505000	151.500000	-2.096800	-6.069900	1
65.504000	151.610000	-4.170100	-6.070000	1
65.504000	151.710000	-1.073900	-6.069700	1
65.455000	149.600000	-3.305800	-5.314800	1
65.455000	149.710000	-2.965800	-5.314700	1
65.456000	149.810000	-3.646100	-5.314300	1
65.457000	149.920000	-1.932000	-5.314800	1
65.458000	150.020000	-0.902040	-5.314600	1
65.458000	150.130000	-0.555670	-5.314500	1
65.459000	150.240000	1.171000	-5.314500	1
65.459000	150.340000	1.168000	-5.314500	1
65.459000	150.450000	1.171400	-5.314700	1
65.459000	150.550000	0.822080	-5.314500	1
65.460000	150.660000	0.140990	-5.314700	1
65.460000	150.760000	0.478030	-5.314800	1
65.460000	150.870000	-0.212260	-5.314500	1
65.460000	150.980000	-0.549560	-5.315100	1
65.459000	151.080000	0.477750	-5.314700	1
65.459000	151.190000	0.139990	-5.314600	1
65.459000	151.290000	-0.553120	-5.315100	1
65.458000	151.400000	-0.212660	-5.314400	1
65.458000	151.500000	-1.579000	-5.314700	1
65.457000	151.610000	-1.586200	-5.314900	1
65.457000	151.720000	-1.582900	-5.314500	1
65.456000	151.820000	-0.913500	-5.315000	1
65.410000	149.920000	-2.765000	-4.559800	1
65.411000	150.030000	-0.705060	-4.559600	1
65.411000	150.130000	0.674960	-4.559500	1
65.412000	150.240000	1.018500	-4.559500	1
65.412000	150.350000	1.015000	-4.559600	1
65.413000	150.450000	1.708700	-4.559700	1
65.413000	150.560000	2.052700	-4.559500	1
65.413000	150.660000	1.708600	-4.559800	1
65.413000	150.770000	-0.701480	-4.559800	1
65.413000	150.870000	-0.701790	-4.559500	1
65.413000	150.980000	-1.041500	-4.560100	1
65.413000	151.080000	-0.011764	-4.559700	1
65.412000	151.190000	1.018100	-4.559600	1
65.412000	151.290000	0.678430	-4.560200	1
65.412000	151.400000	1.017900	-4.559500	1
65.411000	151.510000	-0.012053	-4.559700	1
65.411000	151.610000	-0.352020	-4.559900	1
65.410000	151.720000	-0.709500	-4.559500	1
65.409000	151.820000	-0.359210	-4.560100	1
65.409000	151.930000	-4.139500	-4.560000	1
65.408000	152.030000	-4.486300	-4.559700	1
65.363000	149.820000	-2.003200	-3.803500	1
65.364000	149.930000	-0.622720	-3.804000	1
65.364000	150.030000	0.750670	-3.803800	1
65.365000	150.140000	0.070607	-3.803700	1
65.365000	150.240000	1.100600	-3.803600	1
65.366000	150.350000	1.100700	-3.803700	1
65.366000	150.450000	2.135200	-3.803900	1
65.366000	150.560000	1.445700	-3.803600	1
65.366000	150.660000	0.756500	-3.803900	1
65.366000	150.770000	0.754550	-3.804000	1
65.366000	150.880000	1.444100	-3.803600	1
65.366000	150.980000	-0.615780	-3.804200	1
65.366000	151.090000	1.794600	-3.803900	1
65.366000	151.190000	0.413620	-3.803700	1
65.366000	151.300000	1.793800	-3.804300	1
65.365000	151.400000	1.793100	-3.803600	1
65.365000	151.510000	1.790100	-3.803900	1
65.364000	151.610000	0.406620	-3.804100	1
65.363000	151.720000	-1.313700	-3.803700	1
65.286000	155.600000	-1.652600	-3.804000	1
65.282000	155.710000	-3.376100	-3.803900	1
65.279000	155.810000	-6.461600	-3.804400	1
65.275000	155.920000	-5.428900	-3.804100	1
65.271000	156.020000	0.400630	-3.803900	1
65.267000	156.130000	0.057200	-3.803900	1
65.263000	156.230000	-0.632880	-3.803800	1
65.259000	156.340000	-2.696200	-3.804000	1
65.255000	156.440000	-3.383000	-3.803700	1
65.251000	156.540000	-4.753000	-3.803900	1
65.247000	156.650000	-2.349000	-3.804300	1
65.242000	156.750000	-3.032600	-3.803600	1
65.238000	156.860000	-3.715600	-3.804300	1
65.233000	156.960000	-0.289130	-3.804000	1
65.229000	157.070000	-2.349400	-3.803700	1
65.224000	157.170000	-3.379300	-3.803900	1
65.220000	157.270000	-2.689500	-3.803600	1
65.254000	146.470000	-4.327000	-3.048200	1
65.257000	146.570000	1.856900	-3.048500	1
65.260000	146.680000	2.883600	-3.048000	1
65.263000	146.780000	-0.542870	-3.047900	1
65.266000	146.890000	1.517700	-3.048200	1
65.269000	146.990000	-1.922700	-3.047500	1
65.272000	147.100000	-1.235500	-3.048000	1
65.275000	147.200000	-1.235600	-3.048000	1
65.277000	147.310000	-6.739300	-3.047900	1
65.280000	147.410000	-6.742600	-3.047900	1
65.282000	147.520000	-9.835900	-3.048400	1
65.318000	150.040000	-0.192820	-3.047600	1
65.318000	150.140000	0.500480	-3.047500	1
65.319000	150.250000	1.530400	-3.047400	1
65.319000	150.350000	1.530500	-3.047600	1
65.319000	150.460000	1.870600	-3.047700	1
65.320000	150.560000	1.193300	-3.047500	1
65.320000	150.670000	0.845420	-3.047700	1
65.320000	150.770000	3.260500	-3.047800	1
65.320000	150.880000	2.563700	-3.047400	1
65.320000	150.980000	0.844020	-3.048100	1
65.320000	151.090000	3.257800	-3.047700	1
65.319000	151.190000	2.568300	-3.047600	1
65.319000	151.300000	3.598600	-3.048200	1
65.319000	151.400000	1.193300	-3.047500	1
65.318000	151.510000	3.937900	-3.047700	1
65.318000	151.610000	-1.913300	-3.047900	1
65.317000	151.720000	-1.220300	-3.047500	1
65.205000	146.380000	-10.037000	-2.296700	1
65.208000	146.480000	-3.503300	-2.296600	1
65.211000	146.580000	-2.119600	-2.296900	1
65.214000	146.690000	0.280410	-2.296400	1
65.217000	146.790000	3.027600	-2.296300	1
65.220000	146.900000	0.631260	-2.296700	1
65.223000	147.000000	0.280960	-2.295900	1
65.226000	147.110000	1.308200	-2.296400	1
65.228000	147.210000	-5.222000	-2.296400	1
65.231000	147.320000	-7.288500	-2.296300	1
65.234000	147.420000	-8.661800	-2.296300	1
65.272000	150.040000	0.296920	-2.296000	1
65.272000	150.150000	-1.073200	-2.296000	1
65.272000	150.250000	2.016800	-2.295900	1
65.273000	150.350000	2.016900	-2.296000	1
65.273000	150.460000	1.327000	-2.296100	1
65.273000	150.560000	2.706800	-2.295900	1
65.274000	150.670000	5.797000	-2.296100	1
65.274000	150.770000	5.107000	-2.296300	1
65.274000	150.880000	7.516600	-2.295800	1
65.273000	150.980000	4.076900	-2.296500	1
65.273000	151.090000	5.106600	-2.296200	1
65.273000	151.190000	3.050300	-2.296000	1
65.273000	151.300000	3.390600	-2.296600	1
65.272000	151.400000	4.766200	-2.295900	1
65.272000	151.510000	5.106300	-2.296100	1
65.271000	151.610000	-0.733690	-2.296300	1
65.271000	151.720000	-3.827400	-2.295900	1
65.270000	151.820000	-1.077000	-2.296400	1
65.162000	146.490000	-5.541700	-1.541500	1
65.165000	146.590000	-5.198300	-1.541800	1
65.168000	146.700000	0.641990	-1.541400	1
65.171000	146.800000	0.302270	-1.541300	1
65.174000	146.910000	0.642830	-1.541600	1
65.177000	147.010000	2.362600	-1.540800	1
65.179000	147.120000	1.670000	-1.541300	1
65.182000	147.220000	5.110100	-1.541300	1
65.185000	147.320000	-6.573200	-1.541200	1
65.187000	147.430000	-10.713000	-1.541100	1
65.190000	147.530000	-9.690800	-1.541700	1
65.224000	149.940000	-1.065200	-1.541100	1
65.225000	150.040000	1.687800	-1.541000	1
65.226000	150.150000	2.037700	-1.540900	1
65.226000	150.250000	1.347600	-1.540700	1
65.226000	150.360000	2.717800	-1.540900	1
65.227000	150.460000	3.067900	-1.541000	1
65.227000	150.570000	5.817700	-1.540800	1
65.227000	150.670000	5.127700	-1.541000	1
65.227000	150.780000	8.220900	-1.541200	1
65.227000	150.880000	5.817400	-1.540700	1
65.227000	150.990000	4.791000	-1.541400	1
65.227000	151.090000	3.067400	-1.541100	1
65.227000	151.200000	4.787200	-1.540900	1
65.226000	151.300000	3.757600	-1.541500	1
65.226000	151.410000	4.437000	-1.540800	1
65.225000	151.510000	4.097000	-1.541000	1
65.225000	151.610000	7.187100	-1.541200	1
65.224000	151.720000	6.506700	-1.540800	1
65.223000	151.820000	4.097000	-1.541300	1
65.223000	151.930000	3.066900	-1.541300	1
65.116000	146.500000	-4.181300	-0.792780	1
65.119000	146.600000	5.099400	-0.793110	1
65.122000	146.710000	4.072200	-0.792670	1
65.125000	146.810000	3.045300	-0.792530	1
65.128000	146.920000	3.046000	-0.792860	1
65.131000	147.020000	8.206200	-0.792110	1
65.133000	147.120000	1.326500	-0.792540	1
65.136000	147.230000	0.986620	-0.792550	1
65.139000	147.330000	-8.299200	-0.792500	1
65.141000	147.440000	-10.362000	-0.792380	1
65.178000	149.940000	-0.722630	-0.792360	1
65.179000	150.050000	0.657420	-0.792240	1
65.179000	150.150000	3.057400	-0.792150	1
65.180000	150.260000	3.747400	-0.792010	1
65.180000	150.360000	2.367400	-0.792180	1
65.181000	150.470000	2.717500	-0.792270	1
65.181000	150.570000	3.407300	-0.792090	1
65.181000	150.670000	5.467300	-0.792250	1
65.181000	150.780000	7.190000	-0.792440	1
65.181000	150.880000	6.159700	-0.792000	1
65.181000	150.990000	7.190500	-0.792600	1
65.181000	151.090000	5.119700	-0.792350	1
65.180000	151.200000	7.189500	-0.792100	1
65.180000	151.300000	8.219700	-0.792770	1
65.180000	151.410000	6.159400	-0.792110	1
65.179000	151.510000	6.839300	-0.792200	1
65.179000	151.620000	7.869300	-0.792480	1
65.178000	151.720000	9.249100	-0.792030	1
65.177000	151.820000	8.899200	-0.792490	1
65.176000	151.930000	2.029100	-0.792620	1
65.176000	152.030000	-1.753900	-0.792320	1
65.070000	146.510000	2.187800	0.118120	1
65.073000	146.610000	11.468000	0.118590	1
65.076000	146.720000	20.069000	0.118410	1
65.079000	146.820000	3.909100	0.118090	1
65.082000	146.930000	12.160000	0.118650	1
65.085000	147.030000	13.880000	0.117970	1
65.087000	147.130000	14.570000	0.118170	1
65.090000	147.240000	0.819800	0.118470	1
65.093000	147.340000	-1.592900	0.118030	1
65.095000	147.450000	-5.715600	0.118270	1
65.135000	150.570000	12.176000	0.118300	1
65.135000	150.680000	8.736300	0.117920	1
65.135000	150.780000	12.176000	0.118260	1
65.135000	150.890000	10.116000	0.118220	1
65.135000	150.990000	10.456000	0.118040	1
65.134000	151.090000	8.395900	0.118220	1
65.134000	151.200000	13.556000	0.117920	1
65.134000	151.300000	7.708900	0.118160	1
65.133000	151.410000	7.025700	0.118340	1
65.133000	151.510000	11.146000	0.117850	1
65.132000	151.620000	14.926000	0.118080	1
65.132000	151.720000	11.145000	0.118000	1
65.131000	151.820000	22.485000	0.117880	1
65.130000	151.930000	0.145200	0.118340	1
65.129000	152.030000	-0.884930	0.118170	1
64.827000	160.100000	5.633400	0.115840	1
64.821000	160.200000	3.235900	0.116020	1
64.814000	160.300000	3.915800	0.115960	1
64.807000	160.410000	1.165700	0.115210	1
64.800000	160.510000	4.265700	0.115560	1
64.792000	160.610000	7.355800	0.115220	1
64.785000	160.710000	16.296000	0.114880	1
64.778000	160.810000	9.076000	0.115510	1
64.770000	160.910000	18.356000	0.114850	1
64.763000	161.020000	19.386000	0.115380	1
64.756000	161.120000	15.606000	0.115620	1
64.748000	161.220000	14.916000	0.115360	1
64.740000	161.320000	-5.021800	0.116280	1
64.733000	161.420000	-6.051800	0.116400	1
65.027000	146.620000	8.494400	0.732620	1
65.030000	146.730000	10.555000	0.732970	1
65.033000	146.830000	5.405400	0.733040	1
65.036000	146.930000	6.095700	0.732900	1
65.038000	147.040000	8.841800	0.733410	1
65.041000	147.140000	6.441900	0.733130	1
65.044000	147.250000	1.969400	0.733190	1
65.046000	147.350000	-4.563400	0.733080	1
65.049000	147.450000	-7.663500	0.733360	1
65.088000	150.370000	2.673400	0.733460	1
65.088000	150.470000	3.703400	0.733350	1
65.088000	150.570000	6.453400	0.733630	1
65.088000	150.680000	7.823200	0.733340	1
65.088000	150.780000	7.483000	0.733220	1
65.088000	150.890000	7.483100	0.733720	1
65.088000	150.990000	4.392700	0.733020	1
65.088000	151.100000	4.392700	0.733300	1
65.088000	151.200000	9.892800	0.733510	1
65.087000	151.300000	3.702400	0.732860	1
65.087000	151.410000	4.732600	0.733580	1
65.087000	151.510000	8.172500	0.733380	1
65.086000	151.620000	7.142300	0.733120	1
65.085000	151.720000	8.515000	0.733590	1
65.085000	151.820000	17.452000	0.733100	1
65.084000	151.930000	9.204700	0.733100	1
65.083000	152.030000	-3.170800	0.733330	1
65.082000	152.140000	-3.521100	0.732950	1
64.795000	159.880000	5.407600	0.733420	1
64.788000	159.980000	4.030300	0.733540	1
64.781000	160.090000	3.000400	0.734160	1
64.774000	160.190000	0.940070	0.733680	1
64.768000	160.290000	3.002800	0.734090	1
64.761000	160.390000	3.002900	0.734320	1
64.753000	160.490000	1.632700	0.734220	1
64.746000	160.590000	0.252850	0.734310	1
64.739000	160.700000	5.063100	0.734540	1
64.732000	160.800000	1.973100	0.734320	1
64.725000	160.900000	7.813300	0.734660	1
64.717000	161.000000	9.533200	0.734290	1
64.710000	161.100000	9.193300	0.734530	1
64.702000	161.200000	7.813200	0.734060	1
64.695000	161.300000	0.252860	0.733400	1
64.687000	161.400000	-9.372900	0.733660	1
64.679000	161.500000	-2.502600	0.733310	1
65.039000	149.950000	-0.730280	1.488500	1
65.040000	150.060000	0.299890	1.488600	1
65.040000	150.160000	1.329800	1.488500	1
65.041000	150.270000	0.642930	1.488800	1
65.041000	150.370000	0.992780	1.488600	1
65.041000	150.470000	2.362700	1.488500	1
65.042000	150.580000	3.742800	1.488700	1
65.042000	150.680000	5.112600	1.488500	1
65.042000	150.790000	2.362400	1.488300	1
65.042000	150.890000	2.702600	1.488800	1
65.042000	150.990000	2.022000	1.488200	1
65.041000	151.100000	4.422100	1.488400	1
65.041000	151.200000	6.492200	1.488700	1
65.041000	151.310000	5.451700	1.488000	1
65.040000	151.410000	6.832000	1.488700	1
65.040000	151.510000	4.771800	1.488500	1
65.039000	151.620000	5.111600	1.488200	1
65.039000	151.720000	5.451800	1.488700	1
65.038000	151.820000	4.081400	1.488300	1
65.037000	151.930000	6.141300	1.488200	1
65.036000	152.030000	0.301300	1.488500	1
64.728000	160.170000	3.049000	1.489000	1
64.721000	160.270000	0.979070	1.489400	1
64.714000	160.380000	1.672100	1.489700	1
64.707000	160.480000	-0.738090	1.489600	1
64.700000	160.580000	0.642050	1.489600	1
64.693000	160.680000	0.292310	1.489900	1
64.686000	160.780000	1.332300	1.489700	1
64.678000	160.880000	-1.770400	1.490000	1
64.671000	160.980000	-2.800600	1.489600	1
64.664000	161.080000	-1.770400	1.489900	1
64.656000	161.190000	6.832300	1.489500	1
64.648000	161.290000	7.171900	1.488700	1
64.641000	161.390000	0.981960	1.488900	1
64.633000	161.490000	-2.801200	1.488600	1
64.625000	161.590000	-1.431300	1.488300	1
64.993000	149.960000	-1.188000	2.237700	1
64.994000	150.060000	-1.874700	2.237800	1
64.994000	150.160000	-1.184800	2.237700	1
64.995000	150.270000	0.535480	2.238000	1
64.995000	150.370000	1.215300	2.237700	1
64.995000	150.480000	0.535210	2.237600	1
64.995000	150.580000	2.595300	2.237900	1
64.996000	150.680000	2.251700	2.237700	1
64.996000	150.790000	2.251500	2.237500	1
64.996000	150.890000	3.631800	2.238000	1
64.995000	150.990000	3.631100	2.237400	1
64.995000	151.100000	5.001200	2.237600	1
64.995000	151.200000	5.351300	2.237800	1
64.995000	151.310000	2.940700	2.237200	1
64.994000	151.410000	4.321100	2.237800	1
64.994000	151.510000	2.601000	2.237700	1
64.993000	151.620000	3.280600	2.237400	1
64.993000	151.720000	1.910900	2.237900	1
64.992000	151.820000	1.570500	2.237500	1
64.991000	151.930000	2.940400	2.237400	1
64.990000	152.030000	1.910400	2.237600	1
64.922000	155.350000	-4.285200	2.237800	1
64.919000	155.450000	-3.255400	2.237500	1
64.915000	155.550000	-4.965400	2.237700	1
64.912000	155.660000	-8.068800	2.237800	1
64.908000	155.760000	-7.379000	2.237300	1
64.905000	155.860000	-3.255500	2.237400	1
64.901000	155.960000	1.904600	2.237400	1
64.897000	156.070000	0.184720	2.237600	1
64.893000	156.170000	0.184830	2.237800	1
64.889000	156.270000	-6.002000	2.237400	1
64.885000	156.380000	-6.004800	2.237800	1
64.881000	156.480000	-7.721800	2.237800	1
64.877000	156.580000	-8.072300	2.237300	1
64.873000	156.680000	-7.038400	2.238000	1
64.868000	156.790000	-7.722100	2.237400	1
64.864000	156.890000	-7.041900	2.237500	1
64.859000	156.990000	-5.998300	2.238000	1
64.855000	157.100000	-1.878400	2.237600	1
64.850000	157.200000	-0.508160	2.237900	1
64.947000	149.960000	-0.217790	2.994000	1
64.947000	150.060000	-1.587700	2.994100	1
64.948000	150.170000	-2.624500	2.994000	1
64.948000	150.270000	-0.551160	2.994300	1
64.948000	150.370000	0.475630	2.994100	1
64.949000	150.480000	0.125550	2.994000	1
64.949000	150.580000	1.505700	2.994200	1
64.949000	150.690000	-0.214630	2.994000	1
64.949000	150.790000	0.475120	2.993800	1
64.949000	150.890000	2.535500	2.994400	1
64.949000	151.000000	3.908100	2.993700	1
64.949000	151.100000	4.948200	2.993900	1
64.948000	151.200000	4.258300	2.994200	1
64.948000	151.310000	1.507700	2.993500	1
64.948000	151.410000	1.508100	2.994100	1
64.947000	151.510000	0.817920	2.994100	1
64.947000	151.620000	-0.215790	2.993700	1
64.946000	151.720000	1.507800	2.994200	1
64.945000	151.820000	0.817420	2.993800	1
64.945000	151.930000	0.817260	2.993700	1
64.944000	152.030000	0.817320	2.994000	1
64.943000	152.140000	2.537000	2.993600	1
64.942000	152.240000	3.906900	2.993700	1
64.630000	160.240000	-1.946000	2.994900	1
64.623000	160.350000	-1.252600	2.995200	1
64.616000	160.450000	-0.222670	2.995200	1
64.608000	160.550000	0.803880	2.995200	1
64.601000	160.650000	-1.259100	2.995600	1
64.594000	160.750000	-1.256000	2.995300	1
64.587000	160.850000	-3.322300	2.995600	1
64.579000	160.950000	-8.136300	2.995300	1
64.572000	161.050000	-6.759300	2.995500	1
64.564000	161.150000	-1.592600	2.995200	1
64.557000	161.250000	-2.976500	2.994400	1
64.549000	161.350000	-4.013200	2.994400	1
64.900000	149.960000	-0.936550	3.749200	1
64.901000	150.070000	-1.286500	3.749200	1
64.901000	150.170000	-1.626600	3.749100	1
64.902000	150.270000	-1.972900	3.749400	1
64.902000	150.380000	-1.283000	3.749200	1
64.902000	150.480000	0.096962	3.749100	1
64.902000	150.580000	-0.592950	3.749300	1
64.903000	150.690000	-0.593230	3.749100	1
64.903000	150.790000	-0.593490	3.748900	1
64.903000	150.890000	0.096819	3.749500	1
64.902000	151.000000	1.126200	3.748800	1
64.902000	151.100000	1.466300	3.749000	1
64.902000	151.200000	1.466400	3.749300	1
64.902000	151.310000	-0.594250	3.748600	1
64.901000	151.410000	-0.253910	3.749200	1
64.901000	151.510000	0.435970	3.749200	1
64.900000	151.620000	-0.934440	3.748800	1
64.900000	151.720000	-0.934190	3.749300	1
64.899000	151.820000	-0.253390	3.748900	1
64.898000	151.930000	-1.284800	3.748900	1
64.897000	152.030000	-0.591240	3.749000	1
64.896000	152.130000	-0.590100	3.748700	1
64.895000	152.240000	-0.591680	3.748800	1
64.894000	152.340000	3.188400	3.749000	1
64.893000	152.440000	-0.589380	3.748700	1
64.892000	152.550000	-5.072400	3.749100	1
64.604000	159.930000	-3.365700	3.749400	1
64.597000	160.030000	-4.732000	3.750100	1
64.590000	160.130000	-0.948750	3.749700	1
64.583000	160.230000	-1.985300	3.750000	1
64.577000	160.330000	-0.608560	3.750300	1
64.570000	160.430000	0.084818	3.750300	1
64.562000	160.530000	-0.265280	3.750300	1
64.555000	160.630000	1.115100	3.750700	1
64.548000	160.730000	-0.948550	3.750400	1
64.541000	160.830000	-3.021800	3.750700	1
64.533000	160.930000	-7.482300	3.750400	1
64.526000	161.040000	-6.448600	3.750600	1
64.854000	150.070000	-3.517300	4.502900	1
64.855000	150.170000	-4.197400	4.502800	1
64.855000	150.280000	-3.857100	4.503100	1
64.855000	150.380000	-3.163700	4.502900	1
64.856000	150.480000	-2.480200	4.502800	1
64.856000	150.590000	-1.450000	4.503000	1
64.856000	150.690000	-1.450300	4.502800	1
64.856000	150.790000	1.986000	4.502600	1
64.856000	150.890000	2.336300	4.503200	1
64.856000	151.000000	-0.414320	4.502600	1
64.856000	151.100000	0.955690	4.502700	1
64.855000	151.200000	-1.104300	4.503000	1
64.855000	151.310000	-1.454800	4.502300	1
64.855000	151.410000	-1.454600	4.502900	1
64.854000	151.510000	0.265370	4.502900	1
64.854000	151.620000	-2.485100	4.502500	1
64.853000	151.720000	-0.081914	4.503000	1
64.852000	151.820000	1.291300	4.502700	1
64.852000	151.930000	-0.415350	4.502600	1
64.851000	152.030000	-0.415340	4.502800	1
64.850000	152.130000	-0.072091	4.502500	1
64.849000	152.240000	-1.795800	4.502500	1
64.848000	152.340000	-1.105800	4.502700	1
64.846000	152.440000	0.614000	4.502400	1
64.845000	152.550000	-3.158900	4.502800	1
64.844000	152.650000	-2.479000	4.502700	1
64.564000	159.810000	-4.556200	4.503300	1
64.558000	159.910000	-7.657500	4.503100	1
64.551000	160.010000	-4.899700	4.503800	1
64.544000	160.110000	-2.839900	4.503500	1
64.537000	160.210000	-2.153400	4.503700	1
64.530000	160.320000	-2.499700	4.504100	1
64.523000	160.420000	0.250270	4.504100	1
64.516000	160.520000	0.943680	4.504000	1
64.509000	160.620000	0.250470	4.504400	1
64.502000	160.720000	-1.123300	4.504100	1
64.495000	160.820000	-2.839500	4.504500	1
64.487000	160.920000	-7.650100	4.504200	1
64.808000	150.170000	-1.621000	5.257700	1
64.808000	150.280000	-0.594270	5.258100	1
64.809000	150.380000	-1.974500	5.257800	1
64.809000	150.480000	-1.970900	5.257700	1
64.809000	150.590000	-3.000900	5.258000	1
64.809000	150.690000	-3.341100	5.257800	1
64.809000	150.790000	-2.651300	5.257600	1
64.809000	150.900000	-1.971100	5.258100	1
64.809000	151.000000	-1.971600	5.257500	1
64.809000	151.100000	-0.591560	5.257600	1
64.809000	151.210000	-0.941510	5.257900	1
64.809000	151.310000	-1.622000	5.257300	1
64.808000	151.410000	-1.281800	5.257800	1
64.808000	151.510000	-1.621900	5.257900	1
64.807000	151.620000	-1.972300	5.257500	1
64.806000	151.720000	-1.968600	5.257900	1
64.806000	151.820000	1.120400	5.257600	1
64.805000	151.930000	3.180200	5.257600	1
64.804000	152.030000	2.153800	5.257700	1
64.803000	152.130000	0.437130	5.257500	1
64.802000	152.240000	-1.623100	5.257400	1
64.801000	152.340000	-1.973100	5.257600	1
64.800000	152.440000	-2.653400	5.257400	1
64.799000	152.540000	-0.256820	5.257700	1
64.797000	152.650000	-3.339900	5.257700	1
64.796000	152.750000	0.096643	5.257700	1
64.794000	152.850000	1.126600	5.257700	1
64.793000	152.960000	-1.969900	5.257800	1
64.505000	160.000000	-3.364500	5.258700	1
64.498000	160.100000	-3.021100	5.258500	1
64.491000	160.200000	-2.331100	5.258700	1
64.484000	160.300000	-1.644600	5.259000	1
64.477000	160.400000	-0.961020	5.259100	1
64.470000	160.500000	-0.274820	5.259000	1
64.463000	160.600000	0.422810	5.259400	1
64.456000	160.700000	1.112700	5.259100	1
64.449000	160.800000	-4.741000	5.259400	1
64.441000	160.900000	-8.171600	5.259100	1
64.434000	161.000000	-8.525100	5.259400	1
64.426000	161.100000	-2.667200	5.259100	1
64.760000	149.870000	-4.213400	6.012000	1
64.760000	149.970000	-2.493200	6.011900	1
64.761000	150.070000	-0.769330	6.012000	1
64.761000	150.180000	-2.829500	6.011800	1
64.762000	150.280000	-4.209400	6.012100	1
64.762000	150.380000	-3.165800	6.011900	1
64.762000	150.490000	-1.459400	6.011800	1
64.763000	150.590000	-2.139300	6.012000	1
64.763000	150.690000	-1.105800	6.011800	1
64.763000	150.790000	-2.136100	6.011600	1
64.763000	150.900000	-2.132300	6.012200	1
64.763000	151.000000	-2.486400	6.011600	1
64.762000	151.100000	-1.456400	6.011700	1
64.762000	151.210000	-1.796400	6.012000	1
64.762000	151.310000	-2.136900	6.011400	1
64.761000	151.410000	-0.766690	6.011900	1
64.761000	151.510000	-1.106800	6.011900	1
64.760000	151.620000	-1.107200	6.011500	1
64.760000	151.720000	-1.107100	6.012000	1
64.759000	151.820000	-2.487400	6.011700	1
64.758000	151.930000	-5.241600	6.011600	1
64.757000	152.030000	-3.178700	6.011800	1
64.756000	152.130000	-1.115200	6.011500	1
64.755000	152.230000	-1.108000	6.011500	1
64.754000	152.340000	-2.828100	6.011700	1
64.753000	152.440000	-3.858400	6.011500	1
64.752000	152.540000	-2.828300	6.011700	1
64.751000	152.650000	-4.204800	6.011700	1
64.715000	150.180000	-2.089800	6.763900	1
64.715000	150.280000	-1.399500	6.764200	1
64.715000	150.390000	-4.489900	6.763900	1
64.716000	150.490000	-5.180000	6.763900	1
64.716000	150.590000	-4.146100	6.764100	1
64.716000	150.690000	-3.806300	6.763900	1
64.716000	150.800000	-2.426400	6.763700	1
64.716000	150.900000	-1.393200	6.764300	1
64.716000	151.000000	-1.736600	6.763700	1
64.716000	151.100000	-2.766800	6.763800	1
64.715000	151.210000	-2.423000	6.764100	1
64.715000	151.310000	-3.120900	6.763500	1
64.715000	151.410000	-2.770800	6.763900	1
64.714000	151.510000	-2.427200	6.764000	1
64.714000	151.620000	-2.427500	6.763600	1
64.713000	151.720000	-2.087400	6.764000	1
64.712000	151.820000	-1.401400	6.763800	1
64.712000	151.930000	-2.768000	6.763700	1
64.711000	152.030000	0.318460	6.763900	1
64.710000	152.130000	-4.492100	6.763600	1
64.709000	152.230000	-2.435800	6.763600	1
64.708000	152.340000	-1.058300	6.763800	1
64.706000	152.440000	-4.838800	6.763600	1
64.705000	152.540000	-2.768600	6.763800	1
64.704000	152.640000	-0.368610	6.763800	1
64.702000	152.750000	-0.036009	6.763900	1
64.701000	152.850000	-1.406200	6.763800	1
64.699000	152.950000	-2.776300	6.764000	1
64.698000	153.050000	-3.809200	6.763800	1
64.696000	153.160000	-0.708980	6.763900	1
64.694000	153.260000	-2.425500	6.763800	1
64.693000	153.360000	-6.202300	6.763800	1
64.691000	153.460000	-7.582700	6.763700	1
64.668000	150.280000	-1.929800	7.523900	1
64.668000	150.390000	-5.020300	7.523600	1
64.668000	150.490000	-3.646300	7.523600	1
64.669000	150.590000	-3.978900	7.523800	1
64.669000	150.690000	-2.616500	7.523600	1
64.669000	150.800000	-2.262900	7.523400	1
64.669000	150.900000	-1.236400	7.524000	1
64.669000	151.000000	-1.923100	7.523400	1
64.668000	151.100000	-2.263200	7.523500	1
64.668000	151.210000	-1.229400	7.523800	1
64.668000	151.310000	-1.233600	7.523200	1
64.667000	151.410000	-3.980100	7.523600	1
64.667000	151.510000	-1.923700	7.523700	1
64.666000	151.620000	-2.617800	7.523300	1
64.666000	151.720000	-1.584000	7.523700	1
64.665000	151.820000	-2.949000	7.523500	1
64.664000	151.920000	-3.319500	7.523400	1
64.663000	152.030000	-1.240000	7.523600	1
64.662000	152.130000	-2.622200	7.523400	1
64.620000	150.180000	-5.694500	8.277100	1
64.621000	150.290000	0.167570	8.277400	1
64.621000	150.390000	-2.586400	8.277100	1
64.621000	150.490000	-2.578900	8.277100	1
64.622000	150.590000	-4.299100	8.277300	1
64.622000	150.700000	-3.272900	8.277100	1
64.622000	150.800000	-2.929400	8.276900	1
64.622000	150.900000	-1.549100	8.277500	1
64.622000	151.000000	-2.239500	8.276900	1
64.621000	151.100000	-2.583400	8.277000	1
64.621000	151.210000	-1.553400	8.277300	1
64.621000	151.310000	-3.964000	8.276700	1
64.620000	151.410000	-3.273900	8.277100	1
64.620000	151.510000	-2.580200	8.277200	1
64.619000	151.620000	-1.546700	8.276800	1
64.619000	151.720000	-2.248000	8.277200	1
64.618000	151.820000	-5.334900	8.277000	1
64.617000	151.920000	-2.244700	8.276900	1
64.616000	152.030000	-4.308800	8.277000	1
64.615000	152.130000	-3.626400	8.276900	1
64.614000	152.230000	-2.592700	8.276800	1
64.613000	152.330000	-3.279100	8.276900	1
64.574000	150.390000	-0.787350	9.036100	1
64.574000	150.490000	-2.153700	9.036100	1
64.574000	150.590000	-2.836200	9.036200	1
64.574000	150.700000	-0.426210	9.036100	1
64.574000	150.800000	-1.806500	9.035900	1
64.574000	150.900000	-1.460100	9.036500	1
64.574000	151.000000	-1.810500	9.036000	1
64.574000	151.110000	-2.150700	9.036000	1
64.574000	151.210000	-1.120700	9.036300	1
64.573000	151.310000	-1.121000	9.035700	1
64.573000	151.410000	-0.777270	9.036000	1
64.572000	151.510000	-2.834800	9.036200	1
64.572000	151.620000	-3.521500	9.035800	1
64.571000	151.720000	-4.208100	9.036200	1
64.526000	150.390000	-5.951200	9.790500	1
64.526000	150.490000	-2.499400	9.790500	1
64.527000	150.600000	-1.476800	9.790600	1
64.527000	150.700000	-1.465700	9.790600	1
64.527000	150.800000	-2.155900	9.790300	1
64.527000	150.900000	-2.155800	9.790900	1
64.527000	151.000000	-1.806100	9.790400	1
64.526000	151.110000	-4.216600	9.790400	1
64.526000	151.210000	-2.153200	9.790700	1
64.526000	151.310000	-2.489200	9.790200	1
64.525000	151.410000	-0.436820	9.790400	1
64.525000	151.510000	-0.776690	9.790700	1
64.524000	151.620000	-1.807700	9.790200	1
64.524000	151.720000	-3.863100	9.790600	1
64.523000	151.820000	-5.588000	9.790400	1
64.522000	151.920000	-3.195400	9.790400	1
64.479000	150.500000	-3.139000	10.548000	1
64.479000	150.600000	-0.035002	10.548000	1
64.479000	150.700000	-0.717660	10.548000	1
64.479000	150.800000	-1.411700	10.548000	1
64.479000	150.900000	-2.437900	10.549000	1
64.479000	151.000000	-3.810800	10.548000	1
64.479000	151.110000	-4.162400	10.548000	1
64.478000	151.210000	-1.740000	10.548000	1
64.478000	151.310000	-2.781500	10.548000	1
64.478000	151.410000	-4.147300	10.548000	1
64.477000	151.510000	-3.449900	10.548000	1
64.476000	151.610000	-5.524500	10.548000	1
64.476000	151.720000	-1.063100	10.548000	1
64.475000	151.820000	-4.847500	10.548000	1
64.474000	151.920000	-3.817600	10.548000	1
64.473000	152.020000	-3.471400	10.548000	1
64.473000	152.120000	-3.124000	10.548000	1
64.431000	150.390000	-7.682900	11.301000	1
64.431000	150.500000	-3.561800	11.301000	1
64.431000	150.600000	2.628700	11.301000	1
64.431000	150.700000	-0.114000	11.301000	1
64.431000	150.800000	-1.494300	11.301000	1
64.431000	150.900000	-1.498000	11.301000	1
64.431000	151.000000	-2.520700	11.301000	1
64.431000	151.110000	-3.891100	11.301000	1
64.430000	151.210000	-2.171000	11.301000	1
64.430000	151.310000	-0.801130	11.301000	1
64.430000	151.410000	-5.615600	11.301000	1
64.429000	151.510000	-2.529100	11.301000	1
64.429000	151.610000	-3.892000	11.301000	1
64.428000	151.720000	-6.986700	11.301000	1
64.427000	151.820000	-5.956500	11.301000	1
64.382000	150.400000	-6.022700	12.056000	1
64.383000	150.500000	-5.347500	12.056000	1
64.383000	150.600000	-5.687600	12.056000	1
64.383000	150.700000	-3.283400	12.056000	1
64.383000	150.800000	-0.183180	12.056000	1
64.383000	150.900000	-0.529390	12.056000	1
64.383000	151.000000	-3.962400	12.056000	1
64.383000	151.110000	-3.276200	12.056000	1
64.382000	151.210000	-3.272500	12.056000	1
64.382000	151.310000	-3.287800	12.056000	1
64.382000	151.410000	-2.922800	12.056000	1
64.381000	151.510000	-3.624300	12.056000	1
64.381000	151.610000	-4.997400	12.056000	1
64.380000	151.710000	-5.673900	12.056000	1
64.334000	150.400000	-4.622400	12.817000	1
64.334000	150.500000	-5.320000	12.817000	1
64.334000	150.600000	-5.323800	12.817000	1
64.334000	150.700000	-4.618500	12.817000	1
64.334000	150.800000	-3.238400	12.817000	1
64.334000	150.900000	-2.898300	12.817000	1
64.334000	151.000000	-3.921000	12.817000	1
64.334000	151.110000	-3.921200	12.817000	1
64.334000	151.210000	-4.596300	12.817000	1
64.333000	151.310000	-4.246500	12.817000	1
64.333000	151.410000	-4.963100	12.817000	1
64.332000	151.510000	-5.307000	12.817000	1
64.332000	151.610000	-3.574200	12.817000	1
64.331000	151.710000	-3.914600	12.817000	1
64.283000	149.990000	-5.371200	13.576000	1
64.284000	150.100000	-5.718800	13.576000	1
64.284000	150.200000	-5.382500	13.576000	1
64.284000	150.300000	-3.665800	13.576000	1
64.285000	150.400000	-2.960700	13.576000	1
64.285000	150.500000	-7.450800	13.576000	1
64.285000	150.600000	-6.768000	13.576000	1
64.285000	150.700000	-6.405400	13.576000	1
64.285000	150.800000	-3.314500	13.576000	1
64.285000	150.900000	-4.662100	13.576000	1
64.285000	151.000000	-4.669700	13.576000	1
64.285000	151.110000	-3.979700	13.576000	1
64.285000	151.210000	-3.643500	13.576000	1
64.284000	151.310000	-5.017700	13.576000	1
64.284000	151.410000	-5.017900	13.576000	1
64.283000	151.510000	-6.727300	13.576000	1
64.283000	151.610000	-5.360800	13.576000	1
64.282000	151.710000	-6.037500	13.576000	1
64.232000	149.690000	-3.761200	14.328000	1
64.233000	149.790000	-4.799000	14.328000	1
64.234000	149.900000	-5.825600	14.328000	1
64.234000	150.000000	-7.198600	14.328000	1
64.235000	150.100000	-6.171700	14.328000	1
64.235000	150.200000	-4.787500	14.328000	1
64.236000	150.300000	-0.670500	14.328000	1
64.236000	150.400000	-4.103600	14.328000	1
64.236000	150.500000	-5.825300	14.328000	1
64.236000	150.600000	-8.919300	14.328000	1
64.237000	150.700000	-7.903800	14.328000	1
64.237000	150.800000	-4.439900	14.328000	1
64.237000	150.900000	-2.033100	14.328000	1
64.236000	151.000000	-4.103400	14.328000	1
64.236000	151.110000	-5.130200	14.328000	1
64.236000	151.210000	-3.406000	14.328000	1
64.236000	151.310000	-3.750000	14.328000	1
64.235000	151.410000	-6.851200	14.328000	1
64.235000	151.510000	-6.501100	14.328000	1
64.234000	151.610000	-5.467100	14.328000	1
64.234000	151.710000	-6.150100	14.328000	1
63.957000	159.520000	-4.451000	14.328000	1
63.951000	159.620000	-5.821300	14.329000	1
63.944000	159.710000	-9.278400	14.329000	1
63.938000	159.810000	-7.892600	14.329000	1
63.931000	159.910000	-6.500600	14.329000	1
63.924000	160.010000	-7.202300	14.329000	1
63.917000	160.110000	-6.512100	14.329000	1
63.911000	160.210000	-6.847200	14.330000	1
63.904000	160.310000	-7.885600	14.329000	1
63.897000	160.400000	-8.919800	14.329000	1
63.890000	160.500000	-9.275300	14.329000	1
63.882000	160.600000	-9.256400	14.329000	1
63.875000	160.700000	-5.141900	14.329000	1
63.868000	160.800000	-3.765300	14.329000	1
63.861000	160.900000	-7.546500	14.330000	1
64.134000	146.980000	-7.924300	15.089000	1
64.137000	147.080000	-7.935400	15.089000	1
64.139000	147.180000	-6.923800	15.089000	1
64.142000	147.280000	-5.893200	15.089000	1
64.144000	147.380000	-4.847900	15.089000	1
64.147000	147.480000	-5.188100	15.089000	1
64.149000	147.580000	-6.218100	15.090000	1
64.152000	147.680000	-4.855000	15.090000	1
64.154000	147.790000	-6.221700	15.089000	1
64.156000	147.890000	-8.263700	15.090000	1
64.158000	147.990000	-7.919600	15.089000	1
64.160000	148.090000	-5.183500	15.089000	1
64.162000	148.190000	-6.563900	15.090000	1
64.164000	148.290000	-5.523400	15.089000	1
64.166000	148.390000	-4.831600	15.089000	1
64.167000	148.490000	-4.130100	15.090000	1
64.169000	148.590000	-7.225100	15.089000	1
64.171000	148.690000	-6.892500	15.090000	1
64.172000	148.790000	-5.500300	15.090000	1
64.174000	148.890000	-7.567400	15.089000	1
64.175000	148.990000	-7.567500	15.090000	1
64.176000	149.090000	-7.224700	15.090000	1
64.178000	149.190000	-7.217200	15.089000	1
64.179000	149.290000	-7.570900	15.090000	1
64.180000	149.390000	-5.503700	15.090000	1
64.181000	149.490000	-5.496200	15.090000	1
64.182000	149.590000	-5.155900	15.089000	1
64.183000	149.700000	-4.465600	15.090000	1
64.183000	149.800000	-5.488500	15.090000	1
64.184000	149.900000	-6.884000	15.090000	1
64.185000	150.000000	-4.129100	15.090000	1
64.185000	150.100000	-5.853500	15.090000	1
64.186000	150.200000	-6.876400	15.090000	1
64.186000	150.300000	-5.849700	15.090000	1
64.186000	150.400000	-7.914400	15.090000	1
64.187000	150.500000	-4.826900	15.090000	1
64.187000	150.600000	-7.224100	15.090000	1
64.187000	150.700000	-8.247300	15.090000	1
64.187000	150.800000	-7.563000	15.089000	1
64.187000	150.900000	-3.777700	15.090000	1
64.187000	151.000000	-6.524800	15.090000	1
64.187000	151.100000	-6.525100	15.090000	1
64.186000	151.210000	-5.492100	15.090000	1
64.186000	151.310000	-6.175000	15.089000	1
64.186000	151.410000	-6.869000	15.089000	1
64.185000	151.510000	-6.529200	15.090000	1
64.185000	151.610000	-6.877100	15.089000	1
64.184000	151.710000	-6.877100	15.090000	1
64.183000	151.810000	-6.873600	15.089000	1
64.182000	151.910000	-6.172400	15.089000	1
64.086000	150.100000	-8.790600	16.601000	1
64.086000	150.200000	-6.733100	16.600000	1
64.087000	150.300000	-7.759800	16.601000	1
64.087000	150.400000	-8.092800	16.600000	1
64.087000	150.500000	-8.454300	16.601000	1
64.087000	150.600000	-10.516000	16.601000	1
64.087000	150.700000	-7.069300	16.601000	1
64.088000	150.800000	-7.759700	16.600000	1
64.087000	150.900000	-8.431400	16.601000	1
64.087000	151.000000	-7.061600	16.601000	1
64.087000	151.100000	-7.054300	16.600000	1
64.087000	151.200000	-6.717800	16.601000	1
64.028000	149.300000	-6.754000	17.366000	1
64.029000	149.400000	-8.475500	17.365000	1
64.030000	149.500000	-7.780700	17.365000	1
64.031000	149.600000	-8.482200	17.365000	1
64.032000	149.700000	-5.738300	17.366000	1
64.033000	149.800000	-5.727100	17.366000	1
64.034000	149.900000	-8.154400	17.365000	1
64.034000	150.000000	-7.802800	17.366000	1
64.035000	150.100000	-7.101200	17.366000	1
64.035000	150.200000	-6.753900	17.365000	1
64.036000	150.300000	-7.449200	17.366000	1
64.036000	150.400000	-6.418800	17.365000	1
64.036000	150.500000	-8.113800	17.365000	1
64.036000	150.600000	-9.152000	17.365000	1
64.037000	150.700000	-9.509400	17.365000	1
64.037000	150.800000	-4.353700	17.365000	1
64.037000	150.900000	-8.485800	17.365000	1
64.036000	151.000000	-6.745800	17.365000	1
64.036000	151.100000	-4.682500	17.365000	1
64.036000	151.200000	-6.055700	17.365000	1
64.036000	151.300000	-6.746000	17.365000	1
64.035000	151.400000	-6.753600	17.365000	1
64.035000	151.500000	-8.474600	17.366000	1
64.034000	151.600000	-7.426900	17.365000	1
64.034000	151.700000	-6.067300	17.365000	1
64.033000	151.800000	-7.799700	17.365000	1
64.032000	151.900000	-6.758200	17.365000	1
64.031000	152.000000	-7.431400	17.365000	1
64.030000	152.100000	-6.751300	17.365000	1
64.029000	152.200000	-6.743900	17.365000	1
64.028000	152.300000	-7.106500	17.365000	1
64.027000	152.400000	-7.789800	17.365000	1
64.026000	152.500000	-7.432200	17.365000	1
64.025000	152.600000	-6.759600	17.365000	1
64.023000	152.700000	-7.775300	17.365000	1
64.022000	152.800000	-8.138300	17.365000	1
64.020000	152.900000	-8.477100	17.365000	1
64.019000	153.000000	-7.444500	17.366000	1
64.017000	153.100000	-7.100500	17.365000	1
64.015000	153.200000	-8.821900	17.366000	1
64.013000	153.300000	-8.470400	17.365000	1
64.012000	153.400000	-8.489600	17.365000	1
64.010000	153.500000	-8.818600	17.366000	1
64.008000	153.600000	-7.434000	17.365000	1
64.006000	153.700000	-8.128500	17.365000	1
64.003000	153.800000	-6.403600	17.365000	1
64.001000	153.900000	-7.090200	17.365000	1
63.999000	154.000000	-8.474800	17.365000	1