La	Lo	Sig	Theta	Ice
48.040000	131.770000	-3.150800	-6.820900	1
48.004000	131.810000	-2.117600	-6.821200	1
47.969000	131.850000	-3.488000	-6.820900	1
47.933000	131.880000	-7.958700	-6.821100	1
47.898000	131.920000	-8.302600	-6.821200	1
47.862000	131.960000	-5.898700	-6.820800	1
47.826000	132.000000	-4.518500	-6.821100	1
47.791000	132.040000	-3.838500	-6.821100	1
47.755000	132.080000	-2.469800	-6.820900	1
47.720000	132.120000	2.684300	-6.821200	1
47.684000	132.160000	3.045300	-6.820900	1
47.648000	132.190000	-5.898900	-6.821100	1
47.613000	132.230000	-8.303200	-6.821200	1
47.577000	132.270000	-5.552900	-6.820700	1
47.541000	132.310000	-6.589600	-6.821100	1
47.505000	132.350000	4.411000	-6.820900	1
47.470000	132.390000	-6.590200	-6.820600	1
47.434000	132.420000	-7.274200	-6.820900	1
47.398000	132.460000	-7.621300	-6.820600	1
47.362000	132.500000	-5.908700	-6.820700	1
47.327000	132.540000	-3.848800	-6.820900	1
47.291000	132.580000	-6.242200	-6.820500	1
47.255000	132.610000	-0.405640	-6.820900	1
47.219000	132.650000	-3.148700	-6.820800	1
47.183000	132.690000	-9.337900	-6.820500	1
47.147000	132.730000	-8.997900	-6.821000	1
47.112000	132.760000	-9.335200	-6.820600	1
47.076000	132.800000	-8.655200	-6.820600	1
47.040000	132.840000	-8.309100	-6.821000	1
47.004000	132.880000	-8.309700	-6.820500	1
46.968000	132.910000	-7.969700	-6.820700	1
46.932000	132.950000	-7.966200	-6.820800	1
46.896000	132.990000	-7.276600	-6.820500	1
46.860000	133.030000	4.750400	-6.820900	1
46.824000	133.060000	-4.530500	-6.820500	1
46.788000	133.100000	-7.975200	-6.820500	1
46.752000	133.140000	-8.665500	-6.820700	1
46.716000	133.180000	-8.316100	-6.820300	1
46.680000	133.210000	-10.030000	-6.820400	1
46.644000	133.250000	-8.663300	-6.820600	1
46.608000	133.290000	-7.641100	-6.820200	1
46.572000	133.320000	-7.641200	-6.820700	1
46.536000	133.360000	-6.261300	-6.820600	1
46.499000	133.400000	-8.668600	-6.820300	1
46.463000	133.430000	-7.985800	-6.820800	1
46.427000	133.470000	-8.665400	-6.820400	1
46.391000	133.510000	-7.639200	-6.820400	1
46.355000	133.540000	-7.635600	-6.820800	1
46.319000	133.580000	-9.010300	-6.820300	1
46.282000	133.620000	-8.316400	-6.820800	1
47.333000	132.450000	-4.982000	-6.066400	1
47.297000	132.480000	-3.262100	-6.066600	1
47.261000	132.520000	-6.013000	-6.066200	1
47.226000	132.560000	-7.053400	-6.066600	1
47.190000	132.600000	-9.450700	-6.066500	1
47.154000	132.640000	-8.764700	-6.066200	1
47.118000	132.670000	-6.014700	-6.066700	1
47.082000	132.710000	-8.422100	-6.066300	1
47.046000	132.750000	-8.082300	-6.066400	1
47.010000	132.790000	-6.702000	-6.066700	1
46.975000	132.820000	-7.052700	-6.066200	1
46.939000	132.860000	-7.052800	-6.066500	1
46.903000	132.900000	-6.706800	-6.066500	1
46.867000	132.940000	-5.333300	-6.066200	1
46.831000	132.970000	0.163280	-6.066600	1
46.795000	133.010000	-2.923700	-6.066200	1
46.759000	133.050000	-6.364400	-6.066300	1
46.723000	133.090000	-6.708400	-6.066500	1
46.687000	133.120000	-8.089300	-6.066000	1
46.651000	133.160000	-7.403500	-6.066100	1
46.615000	133.200000	-7.063600	-6.066300	1
46.579000	133.230000	-8.434500	-6.065900	1
46.543000	133.270000	-7.744400	-6.066400	1
46.507000	133.310000	-8.094900	-6.066300	1
46.470000	133.340000	-8.775500	-6.066000	1
46.434000	133.380000	-7.405000	-6.066600	1
46.398000	133.420000	-8.775900	-6.066100	1
46.362000	133.450000	-7.742300	-6.066100	1
46.326000	133.490000	-9.126400	-6.066500	1
46.290000	133.530000	-7.406700	-6.066000	1
46.253000	133.560000	-8.433200	-6.066600	1
47.339000	132.360000	-7.568900	-5.311600	1
47.303000	132.390000	-5.852700	-5.311700	1
47.268000	132.430000	-5.852800	-5.312000	1
47.232000	132.470000	-6.883800	-5.311500	1
47.196000	132.510000	-7.574000	-5.311900	1
47.160000	132.550000	-7.574500	-5.311900	1
47.125000	132.580000	-8.255200	-5.311500	1
47.089000	132.620000	-8.945600	-5.312000	1
47.053000	132.660000	-7.916100	-5.311700	1
47.017000	132.700000	-8.252800	-5.311700	1
46.981000	132.730000	-4.826000	-5.312000	1
46.945000	132.770000	-5.856700	-5.311500	1
46.909000	132.810000	-6.533200	-5.311800	1
46.874000	132.850000	-6.533500	-5.311800	1
46.838000	132.880000	-5.167500	-5.311600	1
46.802000	132.920000	2.396500	-5.312000	1
46.766000	132.960000	-3.788000	-5.311600	1
46.730000	133.000000	-7.578800	-5.311600	1
46.694000	133.030000	-6.198800	-5.311800	1
46.658000	133.070000	-7.916300	-5.311400	1
46.622000	133.110000	-6.890200	-5.311500	1
46.586000	133.140000	-9.977400	-5.311700	1
46.550000	133.180000	-6.204500	-5.311200	1
46.514000	133.220000	-9.645200	-5.311800	1
46.478000	133.250000	-8.955300	-5.311600	1
46.441000	133.290000	-8.265700	-5.311400	1
46.405000	133.330000	-8.959300	-5.311900	1
46.369000	133.360000	-8.956200	-5.311500	1
46.333000	133.400000	-7.586200	-5.311500	1
46.297000	133.440000	-8.616500	-5.311800	1
46.261000	133.470000	-7.233300	-5.311400	1
46.225000	133.510000	-6.199800	-5.312000	1
47.381000	132.230000	0.895850	-4.557200	1
47.346000	132.270000	-7.354900	-4.557500	1
47.310000	132.300000	-5.975400	-4.557100	1
47.274000	132.340000	-4.945600	-4.557200	1
47.238000	132.380000	-5.975900	-4.557500	1
47.203000	132.420000	-7.696900	-4.557000	1
47.167000	132.460000	-7.357000	-4.557400	1
47.131000	132.490000	-6.330900	-4.557400	1
47.095000	132.530000	-7.701700	-4.557000	1
47.060000	132.570000	-7.361600	-4.557500	1
47.024000	132.610000	-8.389100	-4.557200	1
46.988000	132.640000	-7.009200	-4.557200	1
46.952000	132.680000	-6.329100	-4.557500	1
46.916000	132.720000	-7.009800	-4.557100	1
46.880000	132.760000	-5.639700	-4.557300	1
46.844000	132.790000	-8.394000	-4.557300	1
46.808000	132.830000	-0.147330	-4.557100	1
46.773000	132.870000	2.266300	-4.557500	1
46.737000	132.910000	-5.984700	-4.557100	1
46.701000	132.940000	-5.305000	-4.557200	1
46.665000	132.980000	-6.335300	-4.557400	1
46.629000	133.020000	-7.713300	-4.556900	1
46.593000	133.050000	-8.056800	-4.557000	1
46.557000	133.090000	-5.986700	-4.557200	1
46.521000	133.130000	-8.397700	-4.556700	1
46.485000	133.170000	-8.401100	-4.557300	1
46.449000	133.200000	-10.122000	-4.557100	1
46.413000	133.240000	-7.368200	-4.556900	1
46.376000	133.280000	-8.401800	-4.557500	1
46.340000	133.310000	-9.092500	-4.557000	1
46.304000	133.350000	-6.678800	-4.557100	1
46.268000	133.390000	-4.962300	-4.557300	1
47.388000	132.140000	8.532500	-3.802000	1
47.352000	132.170000	-3.838300	-3.801800	1
47.316000	132.210000	-6.592200	-3.802100	1
47.281000	132.250000	-5.559300	-3.801700	1
47.245000	132.290000	-10.030000	-3.801800	1
47.209000	132.330000	-6.939900	-3.802100	1
47.173000	132.360000	-6.254100	-3.801700	1
47.138000	132.400000	-6.594200	-3.802000	1
47.102000	132.440000	-5.914600	-3.802000	1
47.066000	132.480000	-5.565300	-3.801600	1
47.030000	132.520000	-6.945300	-3.802200	1
46.995000	132.550000	-5.225900	-3.801800	1
46.959000	132.590000	-5.912800	-3.801800	1
46.923000	132.630000	-6.592900	-3.802100	1
46.887000	132.670000	-6.253500	-3.801700	1
46.851000	132.700000	-5.223500	-3.801900	1
46.815000	132.740000	1.653000	-3.801900	1
46.779000	132.780000	4.056100	-3.801700	1
46.743000	132.820000	3.716100	-3.802100	1
46.708000	132.850000	-5.918400	-3.801700	1
46.672000	132.890000	-5.228600	-3.801800	1
46.636000	132.930000	-5.228800	-3.802000	1
46.600000	132.970000	7.490800	-3.801500	1
46.564000	133.000000	-3.169700	-3.801600	1
46.528000	133.040000	-4.540100	-3.801800	1
46.492000	133.080000	-6.954500	-3.801300	1
46.456000	133.110000	-9.351100	-3.802000	1
46.420000	133.150000	-7.291200	-3.801700	1
46.384000	133.190000	-7.291600	-3.801500	1
46.348000	133.220000	-8.321600	-3.802100	1
46.312000	133.260000	-1.451600	-3.801600	1
46.275000	133.300000	0.268240	-3.801700	1
46.239000	133.330000	-1.792000	-3.801900	1
46.203000	133.370000	1.654400	-3.801600	1
46.167000	133.410000	-3.512600	-3.802200	1
46.131000	133.440000	-4.203500	-3.801500	1
46.095000	133.480000	-4.540600	-3.801700	1
46.059000	133.520000	-3.510700	-3.802000	1
46.022000	133.550000	-3.171200	-3.801600	1
45.986000	133.590000	-3.851400	-3.801800	1
45.950000	133.620000	-0.425080	-3.801700	1
45.914000	133.660000	-3.851900	-3.801700	1
45.878000	133.700000	-5.575800	-3.801600	1
45.841000	133.730000	-3.172500	-3.801600	1
45.805000	133.770000	-2.146100	-3.801600	1
47.358000	132.080000	7.604700	-3.046300	1
47.323000	132.120000	0.037386	-3.046000	1
47.287000	132.160000	-4.082900	-3.046400	1
47.251000	132.200000	-5.803700	-3.045900	1
47.216000	132.240000	-4.777300	-3.046100	1
47.180000	132.270000	-5.807600	-3.046300	1
47.144000	132.310000	-5.118300	-3.046000	1
47.108000	132.350000	-5.808400	-3.046300	1
47.073000	132.390000	-5.118800	-3.046300	1
47.037000	132.430000	-5.809600	-3.045900	1
47.001000	132.460000	-4.779400	-3.046500	1
46.965000	132.500000	-3.750000	-3.046100	1
46.930000	132.540000	-4.086900	-3.046100	1
46.894000	132.580000	-4.086900	-3.046400	1
46.858000	132.610000	-4.427500	-3.046000	1
46.822000	132.650000	4.849200	-3.046200	1
46.786000	132.690000	6.912300	-3.046200	1
46.750000	132.730000	-1.338300	-3.046000	1
46.714000	132.760000	-4.088300	-3.046400	1
46.679000	132.800000	-3.402300	-3.046000	1
46.643000	132.840000	-3.752600	-3.046100	1
46.607000	132.880000	-5.462900	-3.046300	1
46.571000	132.910000	-6.153700	-3.045800	1
46.535000	132.950000	-3.753800	-3.045900	1
46.499000	132.990000	-2.373900	-3.046100	1
46.463000	133.020000	-6.154800	-3.045600	1
46.427000	133.060000	-9.254900	-3.046300	1
46.391000	133.100000	-9.595400	-3.046000	1
46.355000	133.130000	-7.535400	-3.045900	1
46.319000	133.170000	-5.125100	-3.046400	1
46.283000	133.210000	-6.845800	-3.045900	1
46.247000	133.240000	-5.125800	-3.046100	1
47.932000	131.370000	-1.880800	-2.295300	1
47.897000	131.410000	1.208800	-2.295100	1
47.861000	131.450000	0.868490	-2.295100	1
47.826000	131.490000	0.528470	-2.295400	1
47.791000	131.530000	3.268000	-2.295100	1
47.755000	131.570000	0.174840	-2.295300	1
47.720000	131.610000	-2.222200	-2.295300	1
47.684000	131.650000	9.120800	-2.295000	1
47.649000	131.680000	0.530960	-2.295400	1
47.613000	131.720000	-4.629400	-2.295300	1
47.578000	131.760000	-5.999700	-2.295200	1
47.542000	131.800000	-3.259500	-2.295400	1
47.507000	131.840000	-4.633100	-2.295000	1
47.471000	131.880000	-3.600000	-2.295400	1
47.436000	131.920000	-3.263500	-2.295400	1
47.400000	131.950000	-3.264200	-2.295000	1
47.365000	131.990000	-0.164220	-2.295400	1
47.329000	132.030000	10.485000	-2.295100	1
47.293000	132.070000	7.054700	-2.294900	1
47.258000	132.110000	-4.632300	-2.295300	1
47.222000	132.150000	-3.943000	-2.294800	1
47.186000	132.180000	-4.633400	-2.294900	1
47.151000	132.220000	-3.606700	-2.295200	1
47.115000	132.260000	-3.947400	-2.294800	1
47.079000	132.300000	-6.007700	-2.295200	1
47.044000	132.340000	-3.948000	-2.295100	1
47.008000	132.370000	-2.228600	-2.294800	1
46.972000	132.410000	-1.548400	-2.295400	1
46.936000	132.450000	-3.269100	-2.294900	1
46.901000	132.490000	-3.609300	-2.295000	1
46.865000	132.520000	-0.169260	-2.295300	1
46.829000	132.560000	11.514000	-2.294900	1
46.793000	132.600000	8.423400	-2.295100	1
46.757000	132.640000	7.393100	-2.295100	1
46.722000	132.670000	3.612600	-2.294900	1
46.686000	132.710000	-2.230600	-2.295300	1
46.650000	132.750000	-3.951400	-2.294900	1
46.614000	132.790000	-5.671700	-2.295000	1
46.578000	132.820000	-5.331800	-2.295200	1
46.542000	132.860000	-7.392800	-2.294700	1
46.506000	132.900000	-4.642800	-2.294800	1
46.470000	132.940000	-4.642900	-2.295000	1
46.434000	132.970000	-2.236500	-2.294500	1
46.398000	133.010000	-9.456800	-2.295200	1
46.362000	133.050000	-9.457100	-2.294900	1
46.326000	133.080000	-7.394000	-2.294800	1
46.290000	133.120000	-4.640500	-2.295200	1
46.254000	133.160000	-1.204100	-2.294800	1
46.218000	133.190000	-0.524270	-2.295000	1
47.903000	131.320000	0.559430	-1.540600	1
47.867000	131.360000	-0.471040	-1.540400	1
47.832000	131.400000	0.908690	-1.540400	1
47.797000	131.440000	-1.161400	-1.540700	1
47.761000	131.480000	10.868000	-1.540400	1
47.726000	131.510000	11.898000	-1.540700	1
47.690000	131.550000	12.248000	-1.540700	1
47.655000	131.590000	11.218000	-1.540400	1
47.619000	131.630000	-0.812330	-1.540800	1
47.584000	131.670000	-1.159200	-1.540600	1
47.549000	131.710000	-1.839400	-1.540500	1
47.513000	131.750000	-3.559400	-1.540800	1
47.478000	131.790000	-3.562900	-1.540400	1
47.442000	131.830000	-2.530100	-1.540700	1
47.406000	131.860000	-2.873500	-1.540700	1
47.371000	131.900000	-2.874200	-1.540300	1
47.335000	131.940000	-0.474230	-1.540700	1
47.300000	131.980000	1.935300	-1.540500	1
47.264000	132.020000	12.245000	-1.540200	1
47.229000	132.060000	3.304600	-1.540600	1
47.193000	132.090000	-0.476170	-1.540200	1
47.157000	132.130000	0.556810	-1.540300	1
47.122000	132.170000	0.216580	-1.540500	1
47.086000	132.210000	2.616000	-1.540200	1
47.050000	132.250000	-0.814270	-1.540500	1
47.015000	132.280000	-2.194700	-1.540500	1
46.979000	132.320000	-1.168200	-1.540100	1
46.943000	132.360000	0.211970	-1.540700	1
46.907000	132.400000	0.551420	-1.540300	1
46.872000	132.430000	0.901190	-1.540400	1
46.836000	132.470000	7.431200	-1.540700	1
46.800000	132.510000	9.830600	-1.540300	1
46.764000	132.550000	11.210000	-1.540400	1
46.728000	132.590000	10.863000	-1.540400	1
46.693000	132.620000	5.023000	-1.540300	1
46.657000	132.660000	2.273000	-1.540700	1
46.621000	132.700000	3.302300	-1.540200	1
46.585000	132.730000	4.679200	-1.540300	1
46.549000	132.770000	1.579000	-1.540600	1
46.513000	132.810000	1.578300	-1.540100	1
46.477000	132.850000	-0.481910	-1.540200	1
46.441000	132.880000	0.548000	-1.540400	1
46.405000	132.920000	-0.132540	-1.539900	1
46.369000	132.960000	-6.325500	-1.540600	1
46.333000	132.990000	-9.079100	-1.540300	1
46.297000	133.030000	-9.413200	-1.540200	1
46.261000	133.070000	-6.322900	-1.540600	1
46.225000	133.100000	2.956900	-1.540200	1
46.189000	133.140000	0.206700	-1.540400	1
46.153000	133.180000	2.606400	-1.540400	1
46.117000	133.210000	-0.134050	-1.540300	1
47.944000	131.190000	1.928500	-0.792280	1
47.908000	131.230000	-0.128680	-0.791940	1
47.873000	131.270000	0.901140	-0.792270	1
47.838000	131.310000	1.930800	-0.792070	1
47.802000	131.350000	5.710500	-0.792080	1
47.767000	131.380000	7.430300	-0.792420	1
47.732000	131.420000	13.620000	-0.792070	1
47.696000	131.460000	3.989800	-0.792350	1
47.661000	131.500000	7.426800	-0.792330	1
47.626000	131.540000	2.616500	-0.792040	1
47.590000	131.580000	2.956500	-0.792470	1
47.555000	131.620000	4.336400	-0.792310	1
47.519000	131.660000	5.706200	-0.792220	1
47.484000	131.700000	0.896040	-0.792490	1
47.448000	131.730000	4.338800	-0.792060	1
47.413000	131.770000	1.238500	-0.792360	1
47.377000	131.810000	1.238100	-0.792410	1
47.342000	131.850000	0.207510	-0.792030	1
47.306000	131.890000	9.144600	-0.792380	1
47.271000	131.930000	11.544000	-0.792180	1
47.235000	131.970000	12.924000	-0.791940	1
47.199000	132.000000	5.363400	-0.792320	1
47.164000	132.040000	6.392800	-0.791860	1
47.128000	132.080000	5.702400	-0.791930	1
47.093000	132.120000	5.012100	-0.792220	1
47.057000	132.160000	3.981600	-0.791920	1
47.021000	132.190000	3.304600	-0.792210	1
46.986000	132.230000	2.954300	-0.792210	1
46.950000	132.270000	3.643900	-0.791840	1
46.914000	132.310000	6.053900	-0.792410	1
46.878000	132.350000	10.861000	-0.792010	1
46.843000	132.380000	16.700000	-0.792050	1
46.807000	132.420000	12.230000	-0.792380	1
46.771000	132.460000	6.729800	-0.792010	1
46.735000	132.500000	7.079600	-0.792140	1
46.700000	132.530000	11.199000	-0.792120	1
46.664000	132.570000	9.478900	-0.791960	1
46.628000	132.610000	5.358800	-0.792370	1
46.592000	132.650000	6.391600	-0.791930	1
46.556000	132.680000	7.081300	-0.792040	1
46.520000	132.720000	8.111100	-0.792300	1
46.484000	132.760000	6.730600	-0.791780	1
46.449000	132.790000	3.977700	-0.791920	1
46.413000	132.830000	4.327500	-0.792090	1
46.377000	132.870000	3.297100	-0.791620	1
46.341000	132.910000	14.287000	-0.792290	1
46.305000	132.940000	-4.956100	-0.791990	1
46.269000	132.980000	-3.236300	-0.791940	1
46.233000	133.020000	-5.983800	-0.792280	1
46.197000	133.050000	6.726100	-0.791980	1
46.161000	133.090000	6.729200	-0.792200	1
46.125000	133.130000	9.138900	-0.792120	1
46.089000	133.160000	8.108500	-0.792070	1
47.985000	131.060000	8.640600	0.118140	1
47.950000	131.100000	19.303000	0.117760	1
47.914000	131.140000	12.430000	0.118030	1
47.879000	131.180000	6.242000	0.117890	1
47.844000	131.210000	15.169000	0.117670	1
47.808000	131.250000	19.639000	0.117930	1
47.773000	131.290000	11.388000	0.117720	1
47.738000	131.330000	17.238000	0.117830	1
47.702000	131.370000	16.888000	0.118080	1
47.667000	131.410000	22.048000	0.117750	1
47.632000	131.450000	12.767000	0.117940	1
47.596000	131.490000	8.987100	0.117950	1
47.561000	131.530000	5.210300	0.117890	1
47.526000	131.570000	6.930200	0.118220	1
47.490000	131.600000	11.740000	0.117980	1
47.455000	131.640000	11.390000	0.117960	1
47.419000	131.680000	8.639100	0.118170	1
47.384000	131.720000	1.766000	0.117820	1
47.348000	131.760000	16.886000	0.118070	1
47.313000	131.800000	12.765000	0.117960	1
47.277000	131.840000	19.635000	0.117650	1
47.242000	131.870000	18.604000	0.117990	1
47.206000	131.910000	7.954100	0.117730	1
47.170000	131.950000	12.764000	0.117720	1
47.135000	131.990000	16.887000	0.117890	1
47.099000	132.030000	11.386000	0.117460	1
47.064000	132.070000	8.295800	0.117800	1
47.028000	132.100000	11.735000	0.117890	1
46.992000	132.140000	8.635000	0.117650	1
46.957000	132.180000	9.322200	0.118040	1
46.921000	132.220000	14.822000	0.117680	1
46.885000	132.260000	13.452000	0.117790	1
46.850000	132.290000	22.381000	0.118060	1
46.814000	132.330000	22.381000	0.117680	1
46.778000	132.370000	22.041000	0.117920	1
46.742000	132.410000	20.661000	0.117940	1
46.707000	132.440000	17.910000	0.117650	1
46.671000	132.480000	17.573000	0.117990	1
46.635000	132.520000	19.983000	0.117790	1
46.599000	132.560000	12.763000	0.117750	1
46.563000	132.590000	11.382000	0.117940	1
46.528000	132.630000	14.822000	0.117670	1
46.492000	132.670000	1.418900	0.117890	1
46.456000	132.710000	19.629000	0.117880	1
46.420000	132.740000	11.039000	0.117520	1
46.384000	132.780000	14.478000	0.117920	1
46.348000	132.820000	8.978200	0.117720	1
46.312000	132.850000	21.008000	0.117820	1
46.276000	132.890000	5.537700	0.118170	1
46.240000	132.930000	5.538200	0.117780	1
46.204000	132.960000	-1.332200	0.117950	1
46.168000	133.000000	9.317700	0.118160	1
46.132000	133.040000	20.657000	0.117860	1
46.096000	133.070000	18.257000	0.118180	1
46.060000	133.110000	16.877000	0.118100	1
47.920000	131.040000	6.354900	0.732290	1
47.885000	131.080000	8.078000	0.732450	1
47.849000	131.120000	6.697700	0.732790	1
47.814000	131.160000	6.017200	0.732320	1
47.779000	131.200000	11.167000	0.732670	1
47.744000	131.240000	16.667000	0.732540	1
47.708000	131.280000	10.133000	0.732180	1
47.673000	131.320000	5.323400	0.732700	1
47.638000	131.360000	12.883000	0.732230	1
47.602000	131.400000	2.222700	0.732370	1
47.567000	131.440000	2.572600	0.732640	1
47.532000	131.470000	2.222200	0.732150	1
47.496000	131.510000	2.572200	0.732480	1
47.461000	131.550000	3.601700	0.732450	1
47.425000	131.590000	4.634500	0.732130	1
47.390000	131.630000	1.884300	0.732720	1
47.354000	131.670000	0.853690	0.732260	1
47.319000	131.710000	3.943300	0.732300	1
47.283000	131.750000	11.500000	0.732650	1
47.248000	131.780000	10.820000	0.732180	1
47.212000	131.820000	6.349500	0.732500	1
47.177000	131.860000	0.509120	0.732680	1
47.141000	131.900000	4.628600	0.732220	1
47.106000	131.940000	7.378500	0.732820	1
47.070000	131.980000	7.378000	0.732600	1
47.034000	132.010000	6.007500	0.732400	1
46.999000	132.050000	3.940500	0.732710	1
46.963000	132.090000	4.970200	0.732350	1
46.928000	132.130000	7.040000	0.732470	1
46.892000	132.170000	7.379900	0.732750	1
46.856000	132.200000	4.289400	0.732130	1
46.821000	132.240000	14.937000	0.732690	1
46.785000	132.280000	16.316000	0.732500	1
46.749000	132.320000	16.316000	0.732230	1
46.713000	132.350000	18.376000	0.732610	1
46.678000	132.390000	8.745400	0.732400	1
46.642000	132.430000	8.405100	0.732570	1
46.606000	132.470000	12.875000	0.732630	1
46.570000	132.500000	4.624200	0.732170	1
46.534000	132.540000	3.257400	0.732740	1
46.499000	132.580000	6.007000	0.732490	1
46.463000	132.620000	-0.873330	0.732270	1
46.427000	132.650000	5.314000	0.732860	1
46.391000	132.690000	4.283700	0.732550	1
46.355000	132.730000	4.283500	0.732540	1
46.319000	132.760000	2.903500	0.732970	1
46.283000	132.800000	15.273000	0.732240	1
46.248000	132.840000	6.343000	0.732760	1
46.212000	132.880000	-2.937500	0.732570	1
46.176000	132.910000	-4.660600	0.732360	1
46.140000	132.950000	0.842170	0.732710	1
46.104000	132.990000	9.785100	0.732300	1
46.068000	133.020000	8.064900	0.732640	1
46.032000	133.060000	6.681800	0.732520	1
45.996000	133.100000	6.681300	0.732140	1
45.960000	133.130000	4.621200	0.732770	1
47.820000	131.070000	-3.575000	1.487500	1
47.784000	131.110000	-1.175600	1.487100	1
47.749000	131.150000	3.644300	1.487400	1
47.714000	131.190000	14.634000	1.487300	1
47.679000	131.230000	0.543380	1.486900	1
47.643000	131.270000	-3.576700	1.487400	1
47.608000	131.310000	-1.177200	1.487000	1
47.573000	131.340000	-2.887400	1.487100	1
47.537000	131.380000	-3.237400	1.487300	1
47.502000	131.420000	-3.574700	1.486900	1
47.467000	131.460000	-4.265000	1.487200	1
47.431000	131.500000	-2.885400	1.487100	1
47.396000	131.540000	-2.549000	1.486800	1
47.360000	131.580000	-2.549000	1.487400	1
47.325000	131.620000	-1.519700	1.487000	1
47.289000	131.650000	-1.180100	1.487000	1
47.254000	131.690000	11.200000	1.487300	1
47.218000	131.730000	7.419200	1.486900	1
47.183000	131.770000	-0.141120	1.487200	1
47.147000	131.810000	-1.861400	1.487400	1
47.112000	131.850000	-1.182100	1.486900	1
47.076000	131.880000	-1.178800	1.487500	1
47.041000	131.920000	-0.489270	1.487300	1
47.005000	131.960000	-2.889900	1.487100	1
46.970000	132.000000	-3.242800	1.487400	1
46.934000	132.040000	-3.243200	1.487100	1
46.898000	132.080000	0.536700	1.487100	1
46.863000	132.110000	-0.493350	1.487400	1
46.827000	132.150000	0.196040	1.486800	1
46.791000	132.190000	8.786200	1.487400	1
46.756000	132.230000	10.506000	1.487200	1
46.720000	132.260000	8.785400	1.486900	1
46.684000	132.300000	3.975300	1.487300	1
46.649000	132.340000	1.568100	1.487100	1
46.613000	132.380000	0.887900	1.487200	1
46.577000	132.410000	1.917600	1.487300	1
46.541000	132.450000	0.886900	1.486900	1
48.212000	130.540000	-9.206100	2.235800	1
48.177000	130.580000	-6.798900	2.236200	1
48.142000	130.620000	-7.146200	2.235800	1
48.107000	130.660000	-3.702900	2.235900	1
48.072000	130.700000	-4.729700	2.236200	1
48.036000	130.740000	-2.673300	2.235800	1
48.001000	130.780000	2.140200	2.236000	1
47.966000	130.820000	-0.610440	2.235800	1
47.931000	130.860000	-1.291000	2.235700	1
47.896000	130.900000	4.205800	2.236100	1
47.861000	130.940000	-2.671800	2.235700	1
47.826000	130.980000	-4.735300	2.235900	1
47.790000	131.020000	-5.075400	2.236200	1
47.755000	131.060000	-1.296000	2.235800	1
47.720000	131.100000	-0.266010	2.236100	1
47.685000	131.140000	7.983600	2.236000	1
47.649000	131.180000	-4.737200	2.235600	1
47.614000	131.210000	-4.737000	2.236100	1
47.579000	131.250000	-4.394300	2.235700	1
47.543000	131.290000	-4.734500	2.235800	1
47.508000	131.330000	-6.104700	2.236000	1
47.473000	131.370000	-7.488700	2.235600	1
47.437000	131.410000	-5.428800	2.235900	1
47.402000	131.450000	-2.329100	2.235900	1
47.367000	131.490000	-3.709900	2.235500	1
47.331000	131.530000	-4.740000	2.236100	1
47.296000	131.560000	-3.020600	2.235700	1
47.260000	131.600000	5.232200	2.235700	1
47.225000	131.640000	9.689000	2.236100	1
47.189000	131.680000	-0.961830	2.235700	1
47.154000	131.720000	-2.682100	2.235900	1
47.118000	131.760000	-2.679000	2.236100	1
47.083000	131.790000	-1.989800	2.235700	1
47.047000	131.830000	-4.049800	2.236200	1
47.012000	131.870000	-4.400300	2.236100	1
46.976000	131.910000	-5.083900	2.235800	1
46.941000	131.950000	-3.713800	2.236100	1
46.905000	131.990000	-1.994100	2.235800	1
46.869000	132.020000	-1.994200	2.235900	1
46.834000	132.060000	-4.404400	2.236200	1
46.798000	132.100000	-1.994900	2.235600	1
46.763000	132.140000	5.225300	2.236100	1
46.727000	132.170000	8.655000	2.235900	1
46.691000	132.210000	0.417740	2.235600	1
46.656000	132.250000	-3.022400	2.236000	1
46.620000	132.290000	-1.992800	2.235800	1
46.584000	132.330000	-2.686200	2.236000	1
46.548000	132.360000	-1.996500	2.236000	1
46.513000	132.400000	0.062858	2.235600	1
46.477000	132.440000	-2.337100	2.236100	1
46.441000	132.480000	-3.377600	2.235900	1
46.405000	132.510000	-4.408100	2.235700	1
46.369000	132.550000	-7.498000	2.236200	1
46.334000	132.590000	-3.718200	2.235900	1
46.298000	132.620000	-6.808600	2.236000	1
46.262000	132.660000	-5.088200	2.236300	1
46.226000	132.700000	1.091300	2.235600	1
46.190000	132.730000	0.061378	2.236100	1
46.154000	132.770000	-7.499400	2.235900	1
46.118000	132.810000	-5.439500	2.235800	1
46.082000	132.850000	-4.059600	2.236000	1
46.046000	132.880000	-2.000000	2.235600	1
46.011000	132.920000	-0.970000	2.236000	1
45.975000	132.960000	-2.690500	2.235800	1
45.939000	132.990000	-3.381100	2.235600	1
45.903000	133.030000	-3.381100	2.236000	1
47.831000	130.890000	-4.802600	2.991600	1
47.796000	130.930000	1.387400	2.991800	1
47.761000	130.970000	4.827400	2.992100	1
47.725000	131.000000	-2.050000	2.991700	1
47.690000	131.040000	6.196700	2.992000	1
47.655000	131.080000	-3.087300	2.991900	1
47.620000	131.120000	-3.771200	2.991500	1
47.585000	131.160000	-6.521300	2.992000	1
47.549000	131.200000	-7.552100	2.991600	1
47.514000	131.240000	-3.425200	2.991700	1
47.479000	131.280000	-7.555800	2.991900	1
47.443000	131.320000	-7.896700	2.991500	1
47.408000	131.360000	-6.526700	2.991800	1
47.373000	131.400000	-6.867300	2.991700	1
47.337000	131.430000	-6.868000	2.991400	1
47.302000	131.470000	-4.807900	2.992000	1
47.266000	131.510000	8.611600	2.991600	1
47.231000	131.550000	6.197800	2.991600	1
47.196000	131.590000	-3.779200	2.991900	1
47.160000	131.630000	-4.456600	2.991600	1
47.125000	131.670000	-3.776800	2.991800	1
47.089000	131.700000	-3.430400	2.992000	1
47.054000	131.740000	-1.371000	2.991500	1
47.018000	131.780000	-3.091000	2.992100	1
46.983000	131.820000	-6.531600	2.991900	1
46.947000	131.860000	-5.151800	2.991700	1
46.911000	131.900000	-4.121700	2.992000	1
46.876000	131.930000	-4.122100	2.991700	1
46.840000	131.970000	-3.782200	2.991800	1
46.805000	132.010000	-4.462200	2.992000	1
46.769000	132.050000	-6.179700	2.991500	1
46.733000	132.080000	-2.749300	2.991900	1
46.698000	132.120000	1.727100	2.991800	1
46.662000	132.160000	4.479900	2.991500	1
46.626000	132.200000	0.689880	2.991800	1
46.591000	132.240000	-4.814100	2.991700	1
46.555000	132.270000	-5.154300	2.991800	1
46.519000	132.310000	-3.094500	2.991900	1
46.484000	132.350000	-4.125300	2.991500	1
46.448000	132.390000	-1.375000	2.992000	1
46.412000	132.420000	-5.155700	2.991800	1
46.376000	132.460000	-6.186200	2.991500	1
46.341000	132.500000	-4.815900	2.992100	1
46.305000	132.530000	-6.183100	2.991800	1
46.269000	132.570000	-4.813100	2.991800	1
46.233000	132.610000	-6.186600	2.992100	1
46.197000	132.650000	-0.346980	2.991500	1
46.161000	132.680000	-5.847100	2.992000	1
48.122000	130.380000	-9.153400	4.499700	1
48.087000	130.420000	-8.799700	4.500100	1
48.052000	130.460000	-9.830300	4.499700	1
48.017000	130.500000	-8.456400	4.499800	1
47.982000	130.540000	-7.762900	4.500000	1
47.947000	130.580000	-8.113700	4.499700	1
47.912000	130.620000	-10.178000	4.499900	1
47.877000	130.660000	-10.186000	4.499600	1
47.842000	130.700000	-10.860000	4.499500	1
47.807000	130.740000	-9.149200	4.499900	1
47.772000	130.780000	-9.149900	4.499500	1
47.737000	130.820000	-6.046000	4.499800	1
47.701000	130.860000	-6.736200	4.500100	1
47.666000	130.900000	-5.703300	4.499700	1
47.631000	130.940000	-4.319700	4.500000	1
47.596000	130.980000	-6.390300	4.499800	1
47.561000	131.020000	-4.667100	4.499400	1
47.525000	131.060000	-7.074400	4.500000	1
47.490000	131.100000	-6.731500	4.499500	1
47.455000	131.130000	-7.075500	4.499700	1
47.420000	131.170000	-7.426000	4.499800	1
47.384000	131.210000	-7.766800	4.499400	1
47.349000	131.250000	-8.117100	4.499700	1
47.314000	131.290000	-8.797700	4.499600	1
47.278000	131.330000	-5.368000	4.499300	1
47.243000	131.370000	-0.207730	4.499900	1
47.208000	131.410000	7.694900	4.499500	1
47.172000	131.450000	-5.366000	4.499500	1
47.137000	131.480000	-5.709900	4.499800	1
47.102000	131.520000	-5.710500	4.499500	1
47.066000	131.560000	-7.431100	4.499700	1
47.031000	131.600000	-6.401100	4.499900	1
46.995000	131.640000	-5.711700	4.499400	1
46.960000	131.680000	-6.401500	4.500000	1
46.924000	131.710000	0.478730	4.499800	1
46.889000	131.750000	-3.651800	4.499600	1
46.853000	131.790000	-5.371900	4.499800	1
46.818000	131.830000	-6.399100	4.499600	1
46.782000	131.870000	-6.399100	4.499600	1
46.747000	131.900000	-6.739200	4.499900	1
46.711000	131.940000	-5.713200	4.499400	1
46.675000	131.980000	-6.743200	4.499800	1
46.640000	132.020000	-5.713400	4.499700	1
46.604000	132.060000	-7.084000	4.499400	1
46.569000	132.090000	-6.744000	4.499700	1
46.533000	132.130000	-5.374300	4.499500	1
46.497000	132.170000	-4.334300	4.499700	1
46.461000	132.210000	-5.714800	4.499700	1
46.426000	132.240000	-3.655200	4.499400	1
46.390000	132.280000	-2.275100	4.499900	1
46.354000	132.320000	-5.372400	4.499600	1
46.319000	132.360000	-6.402900	4.499400	1
46.283000	132.390000	-6.746500	4.499900	1
46.247000	132.430000	-6.056900	4.499600	1
46.211000	132.470000	-5.369700	4.499700	1
46.175000	132.510000	-5.720600	4.499900	1
46.140000	132.540000	-2.284500	4.499400	1
46.104000	132.580000	-8.131400	4.499800	1
46.068000	132.620000	-9.505700	4.499500	1
46.032000	132.650000	-8.128500	4.499600	1
45.996000	132.690000	-7.438500	4.499600	1
45.960000	132.730000	-4.338700	4.499300	1
45.925000	132.760000	-7.775900	4.499700	1
45.889000	132.800000	-6.059800	4.499400	1
45.853000	132.840000	-7.090300	4.499300	1
45.817000	132.870000	-7.440600	4.499500	1
45.781000	132.910000	-6.060700	4.499600	1
45.745000	132.950000	-0.914290	4.499500	1
48.092000	130.330000	-10.697000	5.254200	1
48.057000	130.370000	-8.976500	5.254600	1
48.022000	130.410000	-10.701000	5.254200	1
47.987000	130.450000	-10.007000	5.254300	1
47.952000	130.490000	-10.348000	5.254500	1
47.917000	130.530000	-7.607700	5.254200	1
47.882000	130.570000	-9.672200	5.254400	1
47.847000	130.610000	-4.504700	5.254200	1
47.812000	130.650000	-2.445000	5.254000	1
47.777000	130.690000	-6.565500	5.254500	1
47.742000	130.730000	-7.942900	5.254000	1
47.707000	130.770000	-7.946700	5.254300	1
47.672000	130.810000	-5.886900	5.254600	1
47.637000	130.850000	-7.944100	5.254200	1
47.601000	130.890000	-6.910400	5.254500	1
47.566000	130.930000	-0.383870	5.254300	1
47.531000	130.970000	-2.104400	5.254000	1
47.496000	131.000000	-0.034312	5.254500	1
47.461000	131.040000	-5.535500	5.254000	1
47.425000	131.080000	-6.225900	5.254200	1
47.390000	131.120000	-6.566400	5.254300	1
47.355000	131.160000	-6.567200	5.253900	1
47.320000	131.200000	-7.951300	5.254200	1
47.284000	131.240000	-8.982100	5.254100	1
47.249000	131.280000	-8.288900	5.253800	1
47.214000	131.320000	2.028700	5.254400	1
47.178000	131.350000	6.834400	5.254100	1
47.143000	131.390000	-4.510200	5.254000	1
47.108000	131.430000	-6.570600	5.254300	1
47.072000	131.470000	-7.611500	5.254000	1
47.037000	131.510000	-7.611800	5.254200	1
47.001000	131.550000	-7.262100	5.254400	1
46.966000	131.590000	-6.922400	5.253900	1
46.930000	131.620000	-5.891900	5.254500	1
46.895000	131.660000	-4.862000	5.254300	1
46.859000	131.700000	-5.542400	5.254100	1
46.824000	131.740000	-6.922600	5.254300	1
46.788000	131.780000	-3.482900	5.254000	1
46.753000	131.810000	-2.452900	5.254100	1
46.717000	131.850000	-6.923400	5.254400	1
46.682000	131.890000	-5.200000	5.253900	1
46.646000	131.930000	-0.035868	5.254300	1
46.611000	131.970000	-5.543800	5.254100	1
46.575000	132.000000	-7.264400	5.253900	1
46.539000	132.040000	-5.544300	5.254200	1
46.504000	132.080000	-6.234800	5.254000	1
46.468000	132.120000	-5.895000	5.254200	1
46.432000	132.150000	-4.865200	5.254200	1
46.397000	132.190000	-5.545800	5.253900	1
46.361000	132.230000	-3.478500	5.254400	1
46.325000	132.270000	-3.826300	5.254100	1
46.290000	132.300000	-5.546900	5.253900	1
46.254000	132.340000	-7.613500	5.254400	1
46.218000	132.380000	-5.543700	5.254100	1
46.182000	132.420000	3.379300	5.254200	1
46.147000	132.450000	-4.181100	5.254400	1
46.111000	132.490000	-4.177900	5.253900	1
46.075000	132.530000	-8.302100	5.254300	1
46.039000	132.560000	-7.962500	5.254000	1
46.003000	132.600000	-7.272500	5.254100	1
45.968000	132.640000	-8.993200	5.254100	1
45.932000	132.670000	-6.239900	5.253800	1
45.896000	132.710000	-7.956600	5.254200	1
45.860000	132.750000	-7.620700	5.253900	1
45.824000	132.780000	-8.987800	5.253800	1
45.788000	132.820000	-6.241100	5.254000	1
45.752000	132.860000	-5.211300	5.254000	1
45.716000	132.890000	-6.581800	5.254000	1
45.680000	132.930000	-4.525600	5.253900	1
46.617000	131.880000	-5.028300	6.007900	1
46.581000	131.910000	-5.711300	6.007700	1
46.546000	131.950000	0.478850	6.007500	1
46.510000	131.990000	-3.651500	6.007700	1
46.475000	132.030000	5.624800	6.007500	1
46.439000	132.060000	-5.712300	6.007800	1
46.403000	132.100000	-5.022600	6.007800	1
46.368000	132.140000	-0.209380	6.007500	1
46.332000	132.180000	4.940700	6.007900	1
46.296000	132.210000	-1.593600	6.007700	1
46.261000	132.250000	-5.370700	6.007500	1
46.225000	132.290000	-7.774800	6.008000	1
46.189000	132.330000	-6.745000	6.007600	1
46.154000	132.360000	-7.435200	6.007800	1
46.118000	132.400000	-8.129200	6.007900	1
46.082000	132.440000	-7.443400	6.007500	1
46.046000	132.480000	-7.783400	6.007900	1
46.010000	132.510000	-10.535000	6.007500	1
45.975000	132.550000	-7.783800	6.007700	1
45.939000	132.590000	-6.739600	6.007600	1
45.903000	132.620000	-6.743800	6.007300	1
45.867000	132.660000	-6.053800	6.007800	1
45.831000	132.700000	-6.058100	6.007400	1
45.795000	132.730000	-7.094900	6.007400	1
45.759000	132.770000	-5.028600	6.007500	1
45.723000	132.810000	-3.658700	6.007600	1
45.687000	132.840000	-7.099400	6.007500	1
45.652000	132.880000	-5.379500	6.007400	1
47.437000	130.900000	-6.348300	6.759700	1
47.401000	130.940000	-6.345300	6.759300	1
47.366000	130.980000	-7.035700	6.759500	1
47.331000	131.020000	-7.726300	6.759500	1
47.296000	131.060000	-7.376900	6.759200	1
47.261000	131.090000	-8.067400	6.759500	1
47.225000	131.130000	5.333200	6.759400	1
47.190000	131.170000	-2.228300	6.759000	1
47.155000	131.210000	-4.628600	6.759600	1
47.119000	131.250000	-6.005700	6.759300	1
47.084000	131.290000	-6.700100	6.759200	1
47.049000	131.330000	-8.066900	6.759500	1
47.013000	131.370000	-7.037400	6.759300	1
46.978000	131.400000	-7.727700	6.759400	1
46.943000	131.440000	-6.007400	6.759600	1
46.907000	131.480000	-5.661400	6.759200	1
46.872000	131.520000	-6.011300	6.759700	1
46.836000	131.560000	-6.355300	6.759500	1
46.801000	131.600000	-7.038200	6.759300	1
46.765000	131.630000	-4.632100	6.759500	1
46.730000	131.670000	-6.348900	6.759300	1
46.695000	131.710000	-5.655000	6.759400	1
46.659000	131.750000	2.241700	6.759500	1
46.623000	131.790000	-1.878900	6.759100	1
46.588000	131.820000	-6.012900	6.759500	1
46.552000	131.860000	-6.013200	6.759300	1
46.517000	131.900000	-7.040100	6.759100	1
46.481000	131.940000	-4.293400	6.759300	1
46.446000	131.970000	-5.671500	6.759100	1
46.410000	132.010000	-6.361800	6.759400	1
46.374000	132.050000	-7.392400	6.759400	1
46.339000	132.090000	-7.049400	6.759100	1
46.303000	132.130000	-3.959000	6.759500	1
46.267000	132.160000	-4.982100	6.759300	1
46.232000	132.200000	-5.666300	6.759100	1
46.196000	132.240000	-6.012700	6.759600	1
46.160000	132.270000	-4.986700	6.759200	1
46.125000	132.310000	-6.357000	6.759400	1
46.089000	132.350000	-9.111500	6.759500	1
46.053000	132.390000	-7.745400	6.759100	1
46.017000	132.420000	-8.425600	6.759500	1
45.982000	132.460000	-10.150000	6.759100	1
45.946000	132.500000	-8.426100	6.759300	1
45.910000	132.530000	-7.385400	6.759200	1
45.874000	132.570000	-7.736000	6.758900	1
45.838000	132.610000	-7.046000	6.759400	1
45.802000	132.640000	-5.330000	6.759000	1
45.767000	132.680000	-7.740800	6.759000	1
45.731000	132.720000	-8.077400	6.759000	1
45.695000	132.750000	-7.391200	6.759200	1
45.659000	132.790000	-8.421800	6.759100	1
45.623000	132.830000	-8.078400	6.759000	1
45.587000	132.860000	-6.715800	6.759200	1
45.551000	132.900000	-6.712300	6.759000	1
47.371000	130.880000	-6.873100	7.518500	1
47.336000	130.920000	-1.718900	7.518700	1
47.301000	130.960000	-3.439500	7.518800	1
47.266000	131.000000	-8.254800	7.518400	1
47.231000	131.040000	1.719900	7.518800	1
47.195000	131.080000	6.525600	7.518600	1
47.160000	131.120000	-3.786000	7.518300	1
47.125000	131.160000	-6.196500	7.518900	1
47.090000	131.200000	-7.227400	7.518600	1
47.054000	131.240000	-6.197700	7.518500	1
47.019000	131.270000	-7.568300	7.518800	1
46.984000	131.310000	-1.728000	7.518500	1
46.948000	131.350000	-8.259000	7.518700	1
46.913000	131.390000	-6.194800	7.518800	1
46.878000	131.430000	3.078100	7.518400	1
46.842000	131.470000	1.368200	7.519000	1
46.807000	131.500000	-5.848800	7.518800	1
46.771000	131.540000	-6.539300	7.518600	1
46.736000	131.580000	-3.785600	7.518700	1
46.700000	131.620000	-6.543800	7.518500	1
46.665000	131.660000	-5.850000	7.518600	1
46.629000	131.690000	-4.476100	7.518700	1
46.594000	131.730000	-6.196700	7.518300	1
46.558000	131.770000	-5.160300	7.518700	1
46.523000	131.810000	-5.489400	7.518500	1
46.487000	131.850000	-7.238800	7.518300	1
46.452000	131.880000	-5.518600	7.518600	1
46.416000	131.920000	-6.209200	7.518400	1
46.381000	131.960000	-7.927200	7.518600	1
46.345000	132.000000	-7.583700	7.518600	1
46.309000	132.030000	-6.546800	7.518300	1
46.274000	132.070000	-5.853000	7.518800	1
46.238000	132.110000	-5.513400	7.518500	1
46.202000	132.150000	-5.513800	7.518300	1
46.167000	132.180000	-5.853900	7.518700	1
46.131000	132.220000	-6.204400	7.518400	1
46.095000	132.260000	-7.238500	7.518700	1
46.060000	132.300000	-7.918800	7.518700	1
46.024000	132.330000	-9.307300	7.518300	1
45.988000	132.370000	-10.327000	7.518600	1
45.952000	132.410000	-10.671000	7.518300	1
45.917000	132.440000	-8.606400	7.518500	1
45.881000	132.480000	-7.580200	7.518400	1
45.845000	132.520000	-7.233400	7.518100	1
45.809000	132.550000	-8.267600	7.518600	1
45.773000	132.590000	-7.241600	7.518200	1
45.737000	132.630000	-8.268500	7.518200	1
45.702000	132.670000	-8.272600	7.518200	1
45.666000	132.700000	-7.578800	7.518400	1
45.630000	132.740000	-7.919400	7.518300	1
45.594000	132.770000	-4.829000	7.518300	1
45.558000	132.810000	-3.112900	7.518300	1
47.941000	130.060000	-8.807400	9.030400	1
47.906000	130.100000	-7.773300	9.030800	1
47.872000	130.140000	-8.804800	9.030300	1
47.837000	130.180000	-8.801300	9.030500	1
47.802000	130.220000	-8.801700	9.030600	1
47.767000	130.260000	-8.806100	9.030300	1
47.732000	130.300000	-10.191000	9.030600	1
47.697000	130.340000	-9.157200	9.030300	1
47.662000	130.380000	-9.841900	9.030200	1
47.627000	130.420000	-8.117400	9.030700	1
47.592000	130.460000	-7.087700	9.030100	1
47.557000	130.500000	0.134360	9.030400	1
47.522000	130.540000	-7.774700	9.030600	1
47.487000	130.580000	-8.115300	9.030300	1
47.452000	130.620000	-6.051800	9.030600	1
47.417000	130.660000	-5.375900	9.030400	1
47.382000	130.700000	-8.467300	9.030100	1
47.347000	130.740000	-8.467600	9.030600	1
47.312000	130.780000	-8.118000	9.030100	1
47.276000	130.820000	-8.118500	9.030300	1
47.241000	130.860000	-8.469100	9.030300	1
47.206000	130.900000	3.222000	9.030000	1
47.171000	130.930000	-3.662500	9.030300	1
47.136000	130.970000	-7.093700	9.030200	1
47.100000	131.010000	-7.444500	9.029900	1
47.065000	131.050000	-7.094500	9.030400	1
47.030000	131.090000	-7.778300	9.030100	1
46.995000	131.130000	-7.782700	9.030000	1
46.959000	131.170000	-7.442600	9.030300	1
46.924000	131.210000	-7.442800	9.030100	1
46.889000	131.240000	-7.089100	9.030200	1
46.854000	131.280000	-7.439200	9.030300	1
46.818000	131.320000	-6.412900	9.030000	1
46.783000	131.360000	-8.127100	9.030500	1
46.747000	131.400000	-6.756900	9.030300	1
46.712000	131.440000	-5.723100	9.030100	1
46.677000	131.470000	-6.757200	9.030300	1
46.641000	131.510000	-4.003200	9.030000	1
46.606000	131.550000	-6.410400	9.030200	1
46.570000	131.590000	-5.030200	9.030200	1
46.535000	131.630000	-5.026700	9.029900	1
46.499000	131.670000	-7.091000	9.030200	1
46.464000	131.700000	-6.758800	9.030100	1
46.428000	131.740000	-6.065300	9.029900	1
46.393000	131.780000	-7.789700	9.030100	1
46.357000	131.820000	-7.450000	9.029900	1
46.322000	131.850000	-8.134200	9.030200	1
46.286000	131.890000	-9.175000	9.030100	1
46.251000	131.930000	-10.554000	9.029900	1
46.215000	131.970000	-8.485100	9.030300	1
46.179000	132.000000	-6.413900	9.030000	1
46.144000	132.040000	-6.758300	9.029900	1
46.108000	132.080000	-7.788700	9.030200	1
46.073000	132.120000	-8.815800	9.029900	1
46.037000	132.150000	-9.165900	9.030200	1
46.001000	132.190000	-8.487500	9.030100	1
45.965000	132.230000	-8.487800	9.029900	1
45.930000	132.260000	-8.491800	9.030100	1
45.894000	132.300000	-8.824600	9.029800	1
45.858000	132.340000	-8.488600	9.030100	1
45.823000	132.380000	-7.794800	9.029900	1
45.787000	132.410000	-8.131500	9.029700	1
45.751000	132.450000	-8.478400	9.030000	1
47.911000	130.010000	-7.102300	9.784400	1
47.876000	130.050000	-7.102500	9.784800	1
47.841000	130.090000	-9.167600	9.784300	1
47.806000	130.130000	-10.199000	9.784500	1
47.771000	130.170000	-7.784600	9.784500	1
47.737000	130.210000	-7.781300	9.784300	1
47.702000	130.250000	-8.468200	9.784600	1
47.667000	130.290000	-8.136200	9.784200	1
47.632000	130.330000	-7.786600	9.784200	1
47.597000	130.370000	-7.102700	9.784600	1
47.562000	130.410000	-6.413200	9.784100	1
47.527000	130.450000	-4.018100	9.784400	1
47.492000	130.490000	0.457150	9.784600	1
47.457000	130.530000	-2.966100	9.784200	1
47.422000	130.570000	-5.044200	9.784600	1
47.387000	130.610000	-8.826400	9.784400	1
47.352000	130.650000	-8.476800	9.784000	1
47.317000	130.690000	-8.831000	9.784500	1
47.282000	130.730000	-8.137500	9.784100	1
47.246000	130.760000	-7.447600	9.784200	1
47.211000	130.800000	-6.077700	9.784300	1
47.176000	130.840000	1.828700	9.784000	1
47.141000	130.880000	-7.792900	9.784300	1
47.106000	130.920000	-8.143500	9.784100	1
47.071000	130.960000	-7.794000	9.783800	1
47.035000	131.000000	-7.106300	9.784400	1
47.000000	131.040000	-7.450900	9.784100	1
46.965000	131.080000	-8.137600	9.784000	1
46.930000	131.110000	-8.478200	9.784300	1
46.894000	131.150000	-7.788200	9.784000	1
46.859000	131.190000	-7.108100	9.784200	1
46.824000	131.230000	-5.051500	9.784300	1
46.788000	131.270000	-4.011600	9.783900	1
46.753000	131.310000	-5.731800	9.784400	1
46.718000	131.350000	-4.709400	9.784300	1
46.682000	131.380000	-6.426200	9.784100	1
46.647000	131.420000	-6.766500	9.784200	1
46.612000	131.460000	-7.796900	9.783900	1
46.576000	131.500000	-9.525300	9.784100	1
46.541000	131.540000	-6.090500	9.784100	1
46.505000	131.570000	-7.794100	9.783900	1
46.470000	131.610000	-8.484500	9.784200	1
46.434000	131.650000	-5.737800	9.784000	1
46.399000	131.690000	-7.802500	9.783900	1
46.363000	131.730000	-9.534900	9.784000	1
46.328000	131.760000	-9.187500	9.783800	1
46.292000	131.800000	-8.847600	9.784100	1
46.257000	131.840000	-9.528300	9.784000	1
46.221000	131.880000	-9.173200	9.783800	1
46.186000	131.910000	-7.460400	9.784200	1
46.150000	131.950000	-7.124500	9.783900	1
46.114000	131.990000	-10.224000	9.783800	1
46.079000	132.030000	-8.148200	9.784100	1
46.043000	132.060000	-8.838800	9.783800	1
46.007000	132.100000	-8.492600	9.784100	1
45.972000	132.140000	-9.531000	9.784000	1
45.936000	132.180000	-9.527700	9.783800	1
45.900000	132.210000	-9.535600	9.784000	1
45.865000	132.250000	-10.222000	9.783700	1
45.829000	132.290000	-9.878600	9.784000	1
45.793000	132.320000	-8.494400	9.783800	1
45.758000	132.360000	-7.464500	9.783600	1
45.722000	132.400000	-6.094200	9.783900	1
45.686000	132.430000	-6.771500	9.783700	1
45.650000	132.470000	-7.465800	9.783600	1
45.614000	132.510000	-4.017800	9.783600	1
45.579000	132.540000	-7.802800	9.783800	1
47.880000	129.960000	-7.373500	10.542000	1
47.845000	130.000000	-10.137000	10.542000	1
47.811000	130.040000	-7.728400	10.542000	1
47.776000	130.080000	-8.419200	10.542000	1
47.741000	130.120000	-10.142000	10.542000	1
47.706000	130.160000	-8.420500	10.542000	1
47.671000	130.200000	-9.455000	10.542000	1
47.636000	130.240000	-8.765300	10.542000	1
47.601000	130.280000	-8.071700	10.542000	1
47.566000	130.320000	-4.291000	10.542000	1
47.531000	130.360000	-7.042100	10.541000	1
47.496000	130.400000	-7.042400	10.542000	1
47.461000	130.440000	-7.379200	10.542000	1
47.426000	130.470000	-7.039500	10.542000	1
47.391000	130.510000	-7.039700	10.542000	1
47.356000	130.550000	-8.424700	10.542000	1
47.321000	130.590000	-8.765600	10.541000	1
47.286000	130.630000	-8.757900	10.542000	1
47.251000	130.670000	-7.724900	10.541000	1
47.216000	130.710000	-6.694900	10.542000	1
47.181000	130.750000	-6.356600	10.542000	1
47.146000	130.790000	-0.172570	10.541000	1
47.111000	130.830000	-3.949500	10.542000	1
47.076000	130.870000	-7.380700	10.541000	1
47.040000	130.910000	-7.385100	10.541000	1
47.005000	130.940000	-8.071900	10.542000	1
46.970000	130.980000	-7.045500	10.541000	1
46.935000	131.020000	-7.385800	10.541000	1
46.899000	131.060000	-8.762600	10.542000	1
46.864000	131.100000	-7.386100	10.541000	1
46.829000	131.140000	-7.383000	10.542000	1
46.794000	131.180000	-4.649900	10.542000	1
46.758000	131.210000	-7.050700	10.541000	1
46.723000	131.250000	-4.986400	10.542000	1
46.688000	131.290000	-5.676800	10.542000	1
46.652000	131.330000	-6.361000	10.541000	1
46.617000	131.370000	-8.775900	10.542000	1
46.582000	131.410000	-5.323400	10.541000	1
46.546000	131.440000	-7.391700	10.541000	1
46.511000	131.480000	-6.357700	10.541000	1
46.475000	131.520000	-7.746300	10.541000	1
46.440000	131.560000	-7.392400	10.541000	1
46.405000	131.600000	-7.393300	10.541000	1
46.369000	131.630000	-5.336800	10.541000	1
46.334000	131.670000	-7.040600	10.541000	1
46.298000	131.710000	-7.748100	10.541000	1
46.263000	131.750000	-7.752100	10.541000	1
46.227000	131.790000	-8.446700	10.541000	1
46.192000	131.820000	-8.085400	10.541000	1
46.156000	131.860000	-8.085500	10.542000	1
46.120000	131.900000	-9.470400	10.541000	1
46.085000	131.940000	-7.750000	10.541000	1
46.049000	131.970000	-5.335700	10.541000	1
46.014000	132.010000	2.918500	10.541000	1
45.978000	132.050000	-3.264900	10.541000	1
45.942000	132.080000	-10.507000	10.541000	1
45.907000	132.120000	-10.149000	10.541000	1
45.871000	132.160000	-8.442400	10.541000	1
45.835000	132.200000	-9.813500	10.541000	1
45.800000	132.230000	-7.395100	10.541000	1
45.764000	132.270000	-6.376400	10.541000	1
45.728000	132.310000	-7.753500	10.541000	1
45.692000	132.340000	-6.715600	10.541000	1
45.657000	132.380000	-7.750100	10.541000	1
45.621000	132.420000	-7.396500	10.541000	1
45.585000	132.450000	-5.683100	10.541000	1
45.549000	132.490000	-4.993100	10.541000	1
45.513000	132.530000	-8.088100	10.541000	1
47.850000	129.900000	-8.156100	11.294000	1
47.815000	129.940000	-7.469700	11.294000	1
47.780000	129.980000	-9.542800	11.294000	1
47.745000	130.020000	-8.168800	11.294000	1
47.710000	130.060000	-10.230000	11.294000	1
47.676000	130.100000	-9.529100	11.294000	1
47.641000	130.140000	-8.850300	11.294000	1
47.606000	130.180000	-8.503500	11.294000	1
47.571000	130.220000	-7.813900	11.294000	1
47.536000	130.260000	-7.473800	11.294000	1
47.501000	130.300000	-7.810800	11.294000	1
47.466000	130.340000	-8.513000	11.294000	1
47.431000	130.380000	-7.475100	11.294000	1
47.396000	130.420000	-7.815800	11.294000	1
47.361000	130.460000	-8.152400	11.294000	1
47.326000	130.500000	-6.772400	11.294000	1
47.291000	130.540000	-7.463200	11.294000	1
47.256000	130.580000	-8.157500	11.294000	1
47.221000	130.620000	-7.117800	11.294000	1
47.186000	130.660000	-7.808300	11.294000	1
47.151000	130.700000	-6.085100	11.294000	1
47.116000	130.740000	-1.628600	11.294000	1
47.081000	130.770000	-2.995300	11.294000	1
47.045000	130.810000	-8.497300	11.294000	1
47.010000	130.850000	-9.530800	11.293000	1
46.975000	130.890000	-7.459900	11.294000	1
46.940000	130.930000	-7.807700	11.294000	1
46.905000	130.970000	-7.808000	11.294000	1
46.869000	131.010000	-7.471600	11.294000	1
46.834000	131.050000	-7.812000	11.294000	1
46.799000	131.080000	-8.852600	11.294000	1
46.764000	131.120000	-5.411500	11.294000	1
46.728000	131.160000	-4.024300	11.294000	1
46.693000	131.200000	-7.122600	11.294000	1
46.658000	131.240000	-5.760000	11.294000	1
46.623000	131.280000	-7.469300	11.294000	1
46.587000	131.310000	-1.285900	11.294000	1
46.552000	131.350000	-8.858000	11.294000	1
46.516000	131.390000	-4.028900	11.294000	1
46.481000	131.430000	-8.500300	11.294000	1
46.446000	131.470000	-6.093800	11.293000	1
46.410000	131.510000	-6.444100	11.294000	1
46.375000	131.540000	-8.509100	11.294000	1
46.339000	131.580000	-9.890200	11.293000	1
46.304000	131.620000	-9.886900	11.294000	1
46.268000	131.660000	-10.228000	11.293000	1
46.233000	131.690000	-9.551300	11.294000	1
46.197000	131.730000	-8.858800	11.294000	1
46.162000	131.770000	-8.855400	11.293000	1
46.126000	131.810000	-10.233000	11.294000	1
46.091000	131.840000	-9.210200	11.294000	1
46.055000	131.880000	-8.164500	11.293000	1
46.020000	131.920000	-7.478400	11.294000	1
45.984000	131.960000	-0.265000	11.293000	1
45.948000	131.990000	-2.325400	11.294000	1
45.913000	132.030000	-8.509800	11.293000	1
45.877000	132.070000	-9.873400	11.293000	1
45.841000	132.110000	-10.228000	11.294000	1
45.806000	132.140000	-10.572000	11.293000	1
45.770000	132.180000	-8.851500	11.294000	1
45.734000	132.220000	-9.202000	11.293000	1
45.699000	132.250000	-7.481600	11.293000	1
45.663000	132.290000	-7.477900	11.293000	1
45.627000	132.330000	-6.788100	11.293000	1
45.592000	132.360000	-7.815000	11.293000	1
45.556000	132.400000	-7.128900	11.293000	1
45.520000	132.440000	-7.475400	11.293000	1
45.484000	132.470000	-6.445800	11.293000	1
45.448000	132.510000	-7.820400	11.293000	1
47.819000	129.850000	-9.269700	12.049000	1
47.784000	129.890000	-9.247200	12.049000	1
47.749000	129.930000	-9.251600	12.049000	1
47.714000	129.970000	-7.198800	12.049000	1
47.680000	130.010000	-8.912300	12.049000	1
47.645000	130.050000	-8.570200	12.049000	1
47.610000	130.090000	-8.226500	12.049000	1
47.575000	130.130000	-8.227100	12.049000	1
47.540000	130.170000	-9.265600	12.048000	1
47.505000	130.210000	-7.533700	12.049000	1
47.470000	130.250000	-7.534900	12.048000	1
47.435000	130.290000	-7.202700	12.049000	1
47.400000	130.330000	-7.539500	12.049000	1
47.366000	130.370000	-7.893800	12.049000	1
47.331000	130.410000	-6.846100	12.049000	1
47.296000	130.450000	-7.890800	12.049000	1
47.261000	130.490000	-7.197200	12.048000	1
47.226000	130.520000	-7.201300	12.049000	1
47.191000	130.560000	-8.565100	12.048000	1
47.156000	130.600000	-8.232600	12.049000	1
47.120000	130.640000	-6.164600	12.049000	1
47.085000	130.680000	-5.478800	12.048000	1
47.050000	130.720000	1.395500	12.049000	1
47.015000	130.760000	-7.193300	12.048000	1
46.980000	130.800000	-7.541400	12.048000	1
46.945000	130.840000	-9.258300	12.049000	1
46.910000	130.880000	-6.175000	12.048000	1
46.874000	130.910000	-7.205400	12.048000	1
46.839000	130.950000	-8.576000	12.049000	1
46.804000	130.990000	-6.167600	12.048000	1
46.769000	131.030000	-6.515400	12.048000	1
46.734000	131.070000	-6.175500	12.048000	1
46.698000	131.110000	-5.833100	12.048000	1
46.663000	131.150000	-1.701000	12.049000	1
46.628000	131.180000	-4.119100	12.048000	1
46.592000	131.220000	-6.864500	12.048000	1
46.557000	131.260000	-6.516800	12.048000	1
46.522000	131.300000	-6.849600	12.048000	1
46.486000	131.340000	-8.589500	12.048000	1
46.451000	131.380000	-8.245600	12.048000	1
46.416000	131.410000	-7.898300	12.048000	1
46.380000	131.450000	-8.925200	12.048000	1
46.345000	131.490000	-7.906500	12.048000	1
46.309000	131.530000	-9.269900	12.048000	1
46.274000	131.570000	-8.929900	12.048000	1
46.238000	131.600000	-9.278300	12.048000	1
46.203000	131.640000	-8.584200	12.048000	1
46.168000	131.680000	-9.973200	12.048000	1
46.132000	131.720000	-5.834300	12.048000	1
46.097000	131.750000	-8.589400	12.048000	1
46.061000	131.790000	-7.894100	12.048000	1
46.025000	131.830000	-7.208100	12.048000	1
45.990000	131.870000	-7.212100	12.048000	1
45.954000	131.900000	-1.719100	12.048000	1
45.919000	131.940000	-6.862700	12.048000	1
45.883000	131.980000	-8.243800	12.048000	1
45.847000	132.020000	-7.907600	12.048000	1
45.812000	132.050000	-10.313000	12.048000	1
45.776000	132.090000	-10.661000	12.048000	1
45.740000	132.130000	-8.245400	12.048000	1
45.705000	132.160000	-8.581900	12.048000	1
45.669000	132.200000	-7.902000	12.048000	1
45.633000	132.240000	-8.246300	12.048000	1
45.598000	132.270000	-8.583200	12.048000	1
45.562000	132.310000	-8.243100	12.048000	1
45.526000	132.350000	-7.899400	12.048000	1
45.490000	132.380000	-5.156400	12.048000	1
45.455000	132.420000	-7.213400	12.048000	1
47.787000	129.790000	-7.515400	12.809000	1
47.753000	129.830000	-6.131200	12.809000	1
47.718000	129.870000	-8.197000	12.809000	1
47.683000	129.910000	-7.501900	12.809000	1
47.648000	129.950000	-7.495000	12.809000	1
47.614000	129.990000	-6.809000	12.809000	1
47.579000	130.030000	-7.499500	12.809000	1
47.544000	130.070000	-7.503900	12.809000	1
47.509000	130.110000	-7.158000	12.809000	1
47.474000	130.150000	-7.504700	12.809000	1
47.439000	130.190000	-7.845300	12.809000	1
47.404000	130.230000	-7.509100	12.809000	1
47.370000	130.270000	-5.785300	12.809000	1
47.335000	130.310000	-3.023700	12.809000	1
47.300000	130.350000	-6.466900	12.809000	1
47.265000	130.390000	-6.813600	12.809000	1
47.230000	130.430000	-7.840900	12.809000	1
47.195000	130.470000	-8.527600	12.809000	1
47.160000	130.510000	-8.532100	12.809000	1
47.125000	130.550000	-8.876400	12.809000	1
47.090000	130.590000	-8.869400	12.809000	1
47.055000	130.630000	-0.967580	12.808000	1
47.020000	130.670000	0.400790	12.809000	1
46.984000	130.700000	-7.164800	12.809000	1
46.949000	130.740000	-7.507700	12.808000	1
46.914000	130.780000	-6.119500	12.809000	1
46.879000	130.820000	-7.504000	12.809000	1
46.844000	130.860000	-7.841200	12.808000	1
46.809000	130.900000	-7.504700	12.809000	1
46.773000	130.940000	-5.784400	12.809000	1
46.738000	130.980000	-0.615860	12.809000	1
46.703000	131.010000	-7.845200	12.809000	1
46.668000	131.050000	-7.849300	12.808000	1
46.632000	131.090000	-5.792300	12.809000	1
46.597000	131.130000	-3.370500	12.809000	1
46.562000	131.170000	-6.823000	12.809000	1
46.527000	131.210000	-7.861300	12.809000	1
46.491000	131.240000	-7.167400	12.808000	1
46.456000	131.280000	-7.168100	12.809000	1
46.421000	131.320000	-7.164600	12.808000	1
46.385000	131.360000	-8.195300	12.808000	1
46.350000	131.400000	-7.157500	12.809000	1
46.314000	131.440000	-7.852000	12.808000	1
46.279000	131.470000	-8.879100	12.808000	1
46.244000	131.510000	-8.542900	12.808000	1
46.208000	131.550000	-8.200700	12.808000	1
46.173000	131.590000	-8.193200	12.808000	1
46.137000	131.620000	-8.547700	12.808000	1
46.102000	131.660000	-9.578600	12.808000	1
46.066000	131.700000	-7.846600	12.809000	1
46.031000	131.740000	-8.541400	12.808000	1
45.995000	131.770000	-7.859000	12.808000	1
45.960000	131.810000	-7.851700	12.808000	1
45.924000	131.850000	-7.165800	12.808000	1
45.889000	131.890000	-8.192700	12.809000	1
45.853000	131.920000	-9.574000	12.808000	1
45.817000	131.960000	-9.918200	12.808000	1
45.782000	132.000000	-8.891700	12.808000	1
45.746000	132.040000	-8.888200	12.808000	1
45.711000	132.070000	-5.439300	12.808000	1
45.675000	132.110000	-8.198400	12.808000	1
45.639000	132.150000	-6.828200	12.808000	1
45.604000	132.180000	-8.199300	12.808000	1
45.568000	132.220000	-7.855700	12.808000	1
45.532000	132.260000	-6.821900	12.808000	1
45.496000	132.290000	-6.826100	12.808000	1
45.461000	132.330000	-6.822500	12.808000	1
47.756000	129.740000	-7.923100	13.567000	1
47.721000	129.780000	-9.994500	13.568000	1
47.687000	129.820000	-9.304800	13.567000	1
47.652000	129.860000	-9.290000	13.567000	1
47.617000	129.900000	-8.260000	13.567000	1
47.583000	129.940000	-6.539700	13.567000	1
47.548000	129.980000	-7.566600	13.568000	1
47.513000	130.020000	-7.216300	13.567000	1
47.478000	130.060000	-7.568200	13.567000	1
47.443000	130.100000	-6.874500	13.568000	1
47.408000	130.140000	-7.897800	13.567000	1
47.373000	130.180000	-6.192800	13.567000	1
47.338000	130.220000	-4.121000	13.567000	1
47.304000	130.260000	-1.374900	13.567000	1
47.269000	130.300000	-5.155900	13.568000	1
47.234000	130.340000	-7.223300	13.567000	1
47.199000	130.380000	-5.847000	13.567000	1
47.164000	130.410000	-8.254700	13.567000	1
47.129000	130.450000	-6.180500	13.567000	1
47.094000	130.490000	-7.902400	13.567000	1
47.059000	130.530000	-7.226200	13.567000	1
47.024000	130.570000	-2.413000	13.567000	1
46.989000	130.610000	-5.846500	13.567000	1
46.954000	130.650000	-8.257700	13.567000	1
46.918000	130.690000	-7.900200	13.567000	1
46.883000	130.730000	-7.219800	13.567000	1
46.848000	130.770000	-7.915700	13.567000	1
46.813000	130.810000	-7.227800	13.567000	1
46.778000	130.840000	-7.579200	13.567000	1
46.743000	130.880000	-8.266000	13.567000	1
46.708000	130.920000	-7.250900	13.567000	1
46.672000	130.960000	-7.909000	13.567000	1
46.637000	131.000000	-5.848200	13.567000	1
46.602000	131.040000	-5.173300	13.567000	1
46.567000	131.080000	-6.538500	13.567000	1
46.531000	131.110000	-5.523700	13.567000	1
46.496000	131.150000	-7.588500	13.567000	1
46.461000	131.190000	-7.245000	13.567000	1
46.425000	131.230000	-7.585200	13.567000	1
46.390000	131.270000	-7.245300	13.567000	1
46.355000	131.300000	-7.582100	13.567000	1
46.319000	131.340000	-7.918800	13.567000	1
46.284000	131.380000	-7.575500	13.567000	1
46.249000	131.420000	-7.912100	13.567000	1
46.213000	131.460000	-7.568500	13.567000	1
46.178000	131.490000	-8.270600	13.566000	1
46.142000	131.530000	-6.546200	13.567000	1
46.107000	131.570000	-7.233300	13.567000	1
46.072000	131.610000	-9.302300	13.567000	1
46.036000	131.640000	-7.237500	13.567000	1
46.001000	131.680000	-8.956500	13.567000	1
45.965000	131.720000	-7.914800	13.567000	1
45.930000	131.760000	-7.578700	13.567000	1
45.894000	131.790000	-7.923100	13.567000	1
45.858000	131.830000	-8.266500	13.567000	1
45.823000	131.870000	-9.649200	13.567000	1
45.787000	131.910000	-8.951400	13.567000	1
45.752000	131.940000	-9.981400	13.567000	1
45.716000	131.980000	-8.952200	13.566000	1
45.680000	132.020000	-8.612200	13.567000	1
45.645000	132.050000	-7.926000	13.566000	1
45.609000	132.090000	-6.548000	13.566000	1
45.574000	132.130000	-7.231000	13.567000	1
45.538000	132.170000	-7.242700	13.566000	1
45.502000	132.200000	-8.954200	13.566000	1
45.466000	132.240000	-6.889400	13.566000	1
45.431000	132.280000	-6.882600	13.566000	1
47.725000	129.680000	-9.035900	14.319000	1
47.690000	129.720000	-7.678100	14.320000	1
47.656000	129.760000	-6.308200	14.319000	1
47.621000	129.800000	-8.354400	14.319000	1
47.586000	129.840000	-7.660700	14.319000	1
47.551000	129.880000	-8.691900	14.319000	1
47.517000	129.920000	-7.654000	14.319000	1
47.482000	129.960000	-7.654600	14.319000	1
47.447000	130.000000	-7.322400	14.319000	1
47.412000	130.040000	-7.651600	14.319000	1
47.377000	130.080000	-8.014100	14.319000	1
47.342000	130.120000	-8.339400	14.319000	1
47.308000	130.160000	-8.015000	14.319000	1
47.273000	130.200000	-5.936900	14.319000	1
47.238000	130.240000	-3.872900	14.319000	1
47.203000	130.280000	-7.318200	14.319000	1
47.168000	130.320000	-8.693100	14.319000	1
47.133000	130.360000	-8.342000	14.319000	1
47.098000	130.400000	-8.010200	14.319000	1
47.063000	130.440000	-7.656400	14.319000	1
47.028000	130.480000	-8.350900	14.319000	1
46.993000	130.520000	-8.018900	14.319000	1
46.958000	130.560000	-2.502800	14.319000	1
46.923000	130.600000	-7.654600	14.319000	1
46.888000	130.630000	-8.008800	14.318000	1
46.853000	130.670000	-8.012600	14.319000	1
46.818000	130.710000	-8.685600	14.319000	1
46.782000	130.750000	-8.700700	14.319000	1
46.747000	130.790000	-8.696900	14.319000	1
46.712000	130.830000	-9.391500	14.319000	1
46.677000	130.870000	-8.032200	14.319000	1
46.642000	130.910000	-8.379900	14.319000	1
46.607000	130.940000	-8.032400	14.319000	1
46.571000	130.980000	-6.643900	14.319000	1
46.536000	131.020000	-8.025400	14.319000	1
46.501000	131.060000	-4.244100	14.319000	1
46.466000	131.100000	-6.297400	14.319000	1
46.430000	131.140000	-9.049000	14.318000	1
46.395000	131.170000	-8.703100	14.319000	1
46.360000	131.210000	-8.022800	14.319000	1
46.324000	131.250000	-9.053800	14.318000	1
46.289000	131.290000	-8.707400	14.319000	1
46.254000	131.330000	-9.398400	14.318000	1
46.218000	131.360000	-9.745300	14.318000	1
46.183000	131.400000	-8.700900	14.319000	1
46.148000	131.440000	-9.055400	14.318000	1
46.112000	131.480000	-9.392400	14.319000	1
46.077000	131.520000	-8.350800	14.318000	1
46.041000	131.550000	-8.011000	14.318000	1
46.006000	131.590000	-8.362800	14.319000	1
45.970000	131.630000	-9.053600	14.318000	1
45.935000	131.670000	-9.061700	14.318000	1
45.899000	131.700000	-9.752500	14.318000	1
45.864000	131.740000	-8.368200	14.318000	1
45.828000	131.780000	-9.403000	14.319000	1
45.793000	131.820000	-8.028700	14.318000	1
45.757000	131.850000	-8.021300	14.318000	1
45.722000	131.890000	-9.056200	14.318000	1
45.686000	131.930000	-7.328400	14.318000	1
45.650000	131.960000	-7.328700	14.318000	1
45.615000	132.000000	-7.332900	14.318000	1
45.579000	132.040000	-8.031300	14.318000	1
45.544000	132.070000	-5.949100	14.318000	1
45.508000	132.110000	-4.582800	14.318000	1
45.472000	132.150000	-9.066700	14.318000	1
45.437000	132.190000	-7.342000	14.318000	1
45.401000	132.220000	-5.610400	14.318000	1
47.693000	129.630000	-9.073400	15.080000	1
47.658000	129.670000	-7.016200	15.081000	1
47.624000	129.710000	-8.395000	15.080000	1
47.589000	129.750000	-8.040100	15.080000	1
47.554000	129.790000	-8.029800	15.080000	1
47.520000	129.830000	-8.026600	15.080000	1
47.485000	129.870000	-8.382200	15.081000	1
47.450000	129.910000	-7.691100	15.080000	1
47.415000	129.950000	-7.349100	15.080000	1
47.381000	129.990000	-9.058900	15.081000	1
47.346000	130.030000	-5.975500	15.080000	1
47.311000	130.070000	-7.689100	15.080000	1
47.276000	130.110000	-7.347000	15.080000	1
47.241000	130.150000	-8.716700	15.080000	1
47.206000	130.190000	-8.382000	15.080000	1
47.171000	130.230000	-9.404400	15.080000	1
47.136000	130.270000	-8.032000	15.080000	1
47.102000	130.300000	-5.269900	15.080000	1
47.067000	130.340000	-8.029400	15.080000	1
47.032000	130.380000	-5.618500	15.080000	1
46.997000	130.420000	-8.026600	15.080000	1
46.962000	130.460000	-8.370600	15.080000	1
46.927000	130.500000	-6.313400	15.080000	1
46.892000	130.540000	-3.559000	15.080000	1
46.856000	130.580000	-8.034700	15.080000	1
46.821000	130.620000	-8.371000	15.080000	1
46.786000	130.660000	-8.378900	15.080000	1
46.751000	130.700000	-7.702500	15.080000	1
46.716000	130.730000	-8.379700	15.080000	1
46.681000	130.770000	-9.062700	15.080000	1
46.646000	130.810000	-9.055200	15.080000	1
46.611000	130.850000	-7.345500	15.080000	1
46.575000	130.890000	-9.066800	15.080000	1
46.540000	130.930000	-8.039600	15.080000	1
46.505000	130.970000	-8.737900	15.080000	1
46.470000	131.000000	-8.726600	15.080000	1
46.435000	131.040000	-8.040400	15.080000	1
46.399000	131.080000	-7.010300	15.080000	1
46.364000	131.120000	-9.436900	15.080000	1
46.329000	131.160000	-9.433900	15.080000	1
46.293000	131.190000	-9.427200	15.080000	1
46.258000	131.230000	-10.092000	15.080000	1
46.223000	131.270000	-9.752400	15.080000	1
46.188000	131.310000	-9.073700	15.080000	1
46.152000	131.350000	-8.383400	15.080000	1
46.117000	131.380000	-9.070400	15.079000	1
46.081000	131.420000	-8.380200	15.080000	1
46.046000	131.460000	-7.700200	15.080000	1
46.011000	131.500000	-8.377100	15.079000	1
45.975000	131.540000	-8.377300	15.080000	1
45.940000	131.570000	-7.701400	15.079000	1
45.904000	131.610000	-9.076800	15.080000	1
45.869000	131.650000	-9.768100	15.080000	1
45.833000	131.690000	-9.772200	15.079000	1
45.798000	131.720000	-8.383700	15.080000	1
45.762000	131.760000	-9.413200	15.079000	1
45.727000	131.800000	-8.738300	15.079000	1
45.691000	131.830000	-8.738400	15.079000	1
45.655000	131.870000	-6.320200	15.079000	1
45.620000	131.910000	-6.674400	15.079000	1
45.584000	131.950000	-8.045700	15.079000	1
45.549000	131.980000	-8.049800	15.079000	1
45.513000	132.020000	-7.015700	15.079000	1
45.477000	132.060000	-8.383500	15.079000	1
45.442000	132.090000	-8.738000	15.079000	1
45.406000	132.130000	-7.013500	15.079000	1
45.370000	132.170000	-7.342600	15.079000	1
47.661000	129.570000	-7.755900	15.837000	1
47.627000	129.610000	-8.446600	15.837000	1
47.592000	129.650000	-6.711200	15.836000	1
47.557000	129.690000	-6.707700	15.837000	1
47.523000	129.730000	-8.075400	15.836000	1
47.488000	129.770000	-8.785100	15.836000	1
47.453000	129.810000	-8.437700	15.837000	1
47.419000	129.850000	-9.121400	15.836000	1
47.384000	129.890000	-5.337200	15.836000	1
47.349000	129.930000	-6.386000	15.837000	1
47.314000	129.970000	-6.704400	15.836000	1
47.279000	130.010000	-8.079400	15.836000	1
47.245000	130.050000	-8.777800	15.836000	1
47.210000	130.090000	-8.430400	15.836000	1
47.175000	130.130000	-8.782300	15.837000	1
47.140000	130.170000	-3.257700	15.836000	1
47.105000	130.210000	-8.783000	15.836000	1
47.070000	130.250000	-5.688000	15.836000	1
47.035000	130.290000	-4.998400	15.836000	1
47.000000	130.330000	-9.119600	15.836000	1
46.965000	130.370000	-9.471300	15.836000	1
46.930000	130.410000	-8.434200	15.836000	1
46.895000	130.440000	-8.087500	15.836000	1
46.860000	130.480000	-2.939800	15.836000	1
46.825000	130.520000	-7.053800	15.836000	1
46.790000	130.560000	-7.403900	15.836000	1
46.755000	130.600000	-7.408100	15.836000	1
46.720000	130.640000	-9.140700	15.836000	1
46.685000	130.680000	-8.085000	15.836000	1
46.650000	130.720000	-7.756100	15.836000	1
46.615000	130.760000	-8.786800	15.836000	1
46.580000	130.790000	-9.156500	15.836000	1
46.544000	130.830000	-9.489100	15.836000	1
46.509000	130.870000	-7.058900	15.836000	1
46.474000	130.910000	-8.101100	15.836000	1
46.439000	130.950000	-8.086500	15.836000	1
46.404000	130.990000	-7.413600	15.836000	1
46.368000	131.020000	-9.142500	15.836000	1
46.333000	131.060000	-9.812400	15.836000	1
46.298000	131.100000	-8.785000	15.836000	1
46.263000	131.140000	-9.154800	15.836000	1
46.227000	131.180000	-9.820400	15.836000	1
46.192000	131.220000	-8.103200	15.836000	1
46.157000	131.250000	-9.140500	15.836000	1
46.121000	131.290000	-8.786700	15.836000	1
46.086000	131.330000	-9.477900	15.835000	1
46.051000	131.370000	-9.822300	15.836000	1
46.015000	131.400000	-9.126900	15.836000	1
45.980000	131.440000	-8.780900	15.836000	1
45.944000	131.480000	-7.067800	15.836000	1
45.909000	131.520000	-9.143600	15.836000	1
45.874000	131.560000	-9.828100	15.836000	1
45.838000	131.590000	-9.140500	15.836000	1
45.803000	131.630000	-9.488800	15.836000	1
45.767000	131.670000	-9.148400	15.836000	1
45.732000	131.700000	-8.104500	15.835000	1
45.696000	131.740000	-8.108300	15.836000	1
45.661000	131.780000	-8.113000	15.836000	1
45.625000	131.820000	-5.701100	15.835000	1
45.589000	131.850000	-6.030200	15.836000	1
45.554000	131.890000	-1.555600	15.835000	1
45.518000	131.930000	-7.072800	15.835000	1
45.483000	131.960000	-8.457600	15.835000	1
45.447000	132.000000	-9.144500	15.835000	1
45.411000	132.040000	-8.104700	15.835000	1
45.376000	132.080000	-7.070100	15.835000	1
47.630000	129.520000	-7.885200	16.590000	1
47.595000	129.560000	-6.518600	16.591000	1
47.560000	129.600000	-9.611400	16.590000	1
47.526000	129.640000	-8.939100	16.590000	1
47.491000	129.680000	-8.566700	16.590000	1
47.456000	129.720000	-8.563600	16.590000	1
47.422000	129.760000	-8.914000	16.591000	1
47.387000	129.800000	-8.587100	16.590000	1
47.352000	129.840000	-7.209200	16.590000	1
47.317000	129.880000	-8.588000	16.591000	1
47.283000	129.920000	-8.584900	16.590000	1
47.248000	129.960000	-7.550900	16.590000	1
47.213000	130.000000	-8.234000	16.590000	1
47.178000	130.040000	-9.265400	16.590000	1
47.143000	130.070000	-8.571400	16.590000	1
47.108000	130.110000	-8.572500	16.590000	1
47.074000	130.150000	-7.535000	16.590000	1
47.039000	130.190000	-7.875400	16.590000	1
47.004000	130.230000	-8.909000	16.590000	1
46.969000	130.270000	-8.566700	16.590000	1
46.934000	130.310000	-8.566800	16.590000	1
46.899000	130.350000	-8.917700	16.590000	1
46.864000	130.390000	-6.846100	16.590000	1
46.829000	130.430000	-2.721300	16.590000	1
46.794000	130.470000	-5.118400	16.590000	1
46.759000	130.510000	-8.235100	16.590000	1
46.724000	130.550000	-9.266500	16.590000	1
46.689000	130.580000	-8.217500	16.590000	1
46.654000	130.620000	-8.228700	16.590000	1
46.619000	130.660000	-7.886400	16.590000	1
46.583000	130.700000	-9.954000	16.590000	1
46.548000	130.740000	-8.229000	16.590000	1
46.513000	130.780000	-9.615300	16.590000	1
46.478000	130.820000	-9.607600	16.590000	1
46.443000	130.850000	-8.927200	16.590000	1
46.408000	130.890000	-9.623300	16.590000	1
46.373000	130.930000	-8.935300	16.590000	1
46.337000	130.970000	-8.931500	16.590000	1
46.302000	131.010000	-8.238000	16.590000	1
46.267000	131.050000	-7.544400	16.590000	1
46.232000	131.080000	-7.563200	16.590000	1
46.196000	131.120000	-8.948000	16.590000	1
46.161000	131.160000	-9.606300	16.589000	1
46.126000	131.200000	-9.614100	16.590000	1
46.090000	131.240000	-7.889400	16.590000	1
46.055000	131.270000	-9.278600	16.589000	1
46.020000	131.310000	-6.855600	16.590000	1
45.984000	131.350000	-7.550100	16.589000	1
45.949000	131.390000	-8.248800	16.589000	1
45.914000	131.420000	-8.237800	16.590000	1
45.878000	131.460000	-7.559700	16.589000	1
45.843000	131.500000	-9.614000	16.589000	1
45.807000	131.540000	-9.266700	16.589000	1
45.772000	131.570000	-9.961200	16.589000	1
45.736000	131.610000	-8.930800	16.590000	1
45.701000	131.650000	-9.271500	16.589000	1
45.665000	131.690000	-9.615600	16.589000	1
45.630000	131.720000	-8.241500	16.589000	1
45.594000	131.760000	-8.245600	16.589000	1
45.559000	131.800000	-7.555200	16.589000	1
45.523000	131.840000	-3.796800	16.589000	1
45.488000	131.870000	-7.212700	16.589000	1
45.452000	131.910000	-8.595000	16.589000	1
45.416000	131.950000	-8.588100	16.589000	1
45.381000	131.980000	-9.271700	16.589000	1
45.345000	132.020000	-8.589000	16.589000	1
45.310000	132.060000	-6.856900	16.589000	1
46.552000	130.640000	-8.969000	17.354000	1
46.516000	130.680000	-8.969000	17.354000	1
46.481000	130.720000	-9.305700	17.354000	1
46.446000	130.760000	-8.961800	17.354000	1
46.411000	130.800000	-10.334000	17.354000	1
46.376000	130.840000	-9.302800	17.354000	1
46.341000	130.870000	-8.626500	17.354000	1
46.306000	130.910000	-8.265000	17.354000	1
46.270000	130.950000	-8.963300	17.354000	1
46.235000	130.990000	-8.967500	17.354000	1
46.200000	131.030000	-9.990800	17.354000	1
46.165000	131.070000	-7.932800	17.354000	1
46.129000	131.100000	-8.281100	17.354000	1
46.094000	131.140000	-9.655000	17.354000	1
46.059000	131.180000	-8.964600	17.354000	1
46.024000	131.220000	-8.274800	17.354000	1
45.988000	131.250000	-6.206400	17.354000	1
45.953000	131.290000	-8.973900	17.354000	1
45.918000	131.330000	-9.990700	17.354000	1
45.882000	131.370000	-8.623100	17.354000	1
45.847000	131.410000	-8.623700	17.354000	1
45.811000	131.440000	-10.343000	17.354000	1
45.776000	131.480000	-8.274400	17.354000	1
45.740000	131.520000	-10.000000	17.354000	1
45.705000	131.560000	-8.976500	17.354000	1
45.669000	131.590000	-8.629400	17.354000	1
45.634000	131.630000	-8.279400	17.354000	1
45.599000	131.670000	-7.582300	17.354000	1
45.563000	131.700000	-8.627200	17.353000	1
45.528000	131.740000	-8.280700	17.354000	1
45.492000	131.780000	-1.748700	17.354000	1
45.456000	131.820000	-7.937800	17.353000	1
45.421000	131.850000	-7.934200	17.353000	1
45.385000	131.890000	-7.592200	17.354000	1
45.350000	131.930000	-9.664100	17.353000	1
45.314000	131.960000	-7.589000	17.353000	1
45.278000	132.000000	-7.245500	17.353000	1
47.564000	129.400000	-7.009800	18.115000	1
47.530000	129.440000	-8.391500	18.115000	1
47.495000	129.480000	-7.324600	18.115000	1
47.461000	129.520000	-8.369800	18.115000	1
47.426000	129.560000	-8.710700	18.115000	1
47.391000	129.600000	-8.714800	18.114000	1
47.357000	129.640000	-8.390300	18.115000	1
47.322000	129.680000	-8.708900	18.114000	1
47.287000	129.720000	-9.785100	18.114000	1
47.253000	129.760000	-9.068900	18.115000	1
47.218000	129.800000	-7.363100	18.114000	1
47.183000	129.840000	-8.385800	18.115000	1
47.148000	129.880000	-8.386200	18.115000	1
47.114000	129.920000	-5.284500	18.114000	1
47.079000	129.960000	-7.700000	18.115000	1
47.044000	130.000000	-9.762700	18.114000	1
47.009000	130.040000	-8.391500	18.114000	1
46.974000	130.080000	-9.072200	18.114000	1
46.939000	130.120000	-8.718400	18.114000	1
46.905000	130.160000	-7.691400	18.114000	1
46.870000	130.200000	-8.733700	18.114000	1
46.835000	130.240000	-7.699400	18.114000	1
46.800000	130.280000	-4.601700	18.114000	1
46.765000	130.310000	-6.303900	18.114000	1
46.730000	130.350000	-7.696400	18.114000	1
46.695000	130.390000	-7.005900	18.114000	1
46.660000	130.430000	-8.040500	18.114000	1
46.625000	130.470000	-8.048000	18.114000	1
46.590000	130.510000	-7.707900	18.114000	1
46.555000	130.550000	-7.704600	18.114000	1
46.520000	130.590000	-7.354700	18.114000	1
46.485000	130.630000	-8.388500	18.114000	1
46.450000	130.660000	-8.384600	18.114000	1
46.414000	130.700000	-8.038100	18.114000	1
46.379000	130.740000	-7.347900	18.114000	1
46.344000	130.780000	-8.388800	18.114000	1
46.309000	130.820000	-7.702000	18.114000	1
46.274000	130.860000	-8.729200	18.114000	1
46.239000	130.890000	-8.744200	18.114000	1
46.203000	130.930000	-8.400900	18.114000	1
46.168000	130.970000	-9.439400	18.114000	1
46.133000	131.010000	-9.428500	18.114000	1
46.098000	131.050000	-9.421600	18.114000	1
46.062000	131.080000	-8.738800	18.114000	1
46.027000	131.120000	-9.425500	18.114000	1
45.992000	131.160000	-8.735900	18.113000	1
45.957000	131.200000	-9.080100	18.114000	1
45.921000	131.240000	-9.763600	18.114000	1
45.886000	131.270000	-8.740400	18.114000	1
45.851000	131.310000	-8.744800	18.114000	1
45.815000	131.350000	-9.074400	18.114000	1
45.780000	131.390000	-9.436300	18.114000	1
45.744000	131.420000	-8.405800	18.114000	1
45.709000	131.460000	-9.767000	18.114000	1
45.674000	131.500000	-9.080400	18.114000	1
45.638000	131.540000	-8.053400	18.113000	1
45.603000	131.570000	-8.740400	18.114000	1
45.567000	131.610000	-9.771800	18.114000	1
45.532000	131.650000	-7.005200	18.113000	1
45.496000	131.690000	-7.710700	18.114000	1
45.461000	131.720000	-7.715200	18.114000	1
45.425000	131.760000	-7.704200	18.113000	1
45.390000	131.800000	-7.704500	18.113000	1
45.354000	131.830000	-6.689400	18.113000	1
45.319000	131.870000	-9.756900	18.113000	1
45.283000	131.910000	-8.741400	18.113000	1
45.247000	131.940000	-9.439400	18.113000	1
45.212000	131.980000	-7.031600	18.113000	1