La	Lo	Sig	Theta	Ice
64.387000	130.150000	-4.834000	-18.181000	1
66.189000	149.630000	-7.108700	-17.425000	1
66.191000	149.740000	-6.418300	-17.426000	1
66.194000	149.850000	-6.425700	-17.425000	1
66.196000	149.960000	-6.077700	-17.425000	1
66.199000	150.070000	-5.733500	-17.426000	1
66.201000	150.170000	-6.073600	-17.426000	1
66.203000	150.280000	-5.733300	-17.425000	1
66.205000	150.390000	-6.417300	-17.426000	1
66.207000	150.500000	-5.386400	-17.426000	1
66.209000	150.610000	-6.409600	-17.426000	1
66.211000	150.720000	-4.688900	-17.425000	1
66.213000	150.830000	-5.736400	-17.426000	1
66.214000	150.940000	-5.035000	-17.425000	1
66.216000	151.040000	-5.038900	-17.425000	1
66.218000	151.150000	-3.314400	-17.425000	1
66.219000	151.260000	-5.038900	-17.425000	1
66.220000	151.370000	-6.076900	-17.424000	1
66.222000	151.480000	-5.729300	-17.425000	1
66.223000	151.590000	-5.736700	-17.425000	1
66.224000	151.700000	-6.073500	-17.425000	1
66.225000	151.810000	-5.733300	-17.425000	1
66.226000	151.920000	-7.444300	-17.426000	1
66.227000	152.020000	-7.100800	-17.426000	1
66.228000	152.130000	-7.104300	-17.426000	1
66.229000	152.240000	-5.387200	-17.426000	1
66.229000	152.350000	-1.613700	-17.426000	1
66.230000	152.460000	-4.364500	-17.425000	1
66.230000	152.570000	-3.670400	-17.426000	1
66.231000	152.680000	-5.741400	-17.425000	1
66.231000	152.790000	-4.024500	-17.424000	1
66.231000	152.900000	-6.417900	-17.425000	1
66.231000	153.010000	-8.135400	-17.426000	1
66.146000	149.970000	-6.041600	-16.662000	1
66.148000	150.080000	-5.358600	-16.663000	1
66.150000	150.190000	-5.702600	-16.663000	1
66.152000	150.290000	-4.676100	-16.663000	1
66.155000	150.400000	-4.664900	-16.663000	1
66.157000	150.510000	-6.383400	-16.663000	1
66.159000	150.620000	-5.708300	-16.663000	1
66.160000	150.730000	-5.010500	-16.663000	1
66.162000	150.840000	-6.047200	-16.663000	1
66.164000	150.950000	-5.353000	-16.663000	1
66.165000	151.050000	-5.017900	-16.662000	1
66.167000	151.160000	-4.333800	-16.663000	1
66.168000	151.270000	-4.666500	-16.662000	1
66.170000	151.380000	-5.685900	-16.662000	1
66.171000	151.490000	-5.704300	-16.662000	1
66.172000	151.600000	-5.360300	-16.663000	1
66.173000	151.710000	-6.054400	-16.662000	1
66.174000	151.810000	-6.394200	-16.663000	1
66.175000	151.920000	-6.053900	-16.663000	1
66.176000	152.030000	-6.737800	-16.663000	1
66.177000	152.140000	-6.050000	-16.663000	1
66.100000	150.200000	-6.595900	-15.905000	1
66.103000	150.300000	-4.534800	-15.905000	1
66.105000	150.410000	-5.916400	-15.905000	1
66.107000	150.520000	-5.568700	-15.905000	1
66.109000	150.630000	-5.568500	-15.905000	1
66.110000	150.740000	-2.814000	-15.905000	1
66.112000	150.850000	-4.537900	-15.905000	1
66.114000	150.950000	-3.496400	-15.905000	1
66.115000	151.060000	-4.882000	-15.904000	1
66.117000	151.170000	-4.874300	-15.905000	1
66.118000	151.280000	-5.572200	-15.904000	1
66.120000	151.390000	-4.870800	-15.904000	1
66.121000	151.500000	-6.254900	-15.904000	1
66.122000	151.600000	-5.221700	-15.905000	1
66.123000	151.710000	-5.218200	-15.904000	1
66.124000	151.820000	-4.877700	-15.904000	1
66.125000	151.930000	-5.575200	-15.905000	1
66.126000	152.040000	-7.295800	-15.905000	1
66.049000	150.100000	-5.842200	-15.149000	1
66.051000	150.210000	-5.152000	-15.149000	1
66.053000	150.310000	-5.152000	-15.149000	1
66.055000	150.420000	-4.804500	-15.149000	1
66.057000	150.530000	-5.148300	-15.149000	1
66.059000	150.640000	-5.144700	-15.149000	1
66.061000	150.750000	-5.155900	-15.149000	1
66.063000	150.850000	-5.838600	-15.149000	1
66.064000	150.960000	-3.428100	-15.149000	1
66.066000	151.070000	-4.804800	-15.148000	1
66.067000	151.180000	-5.492600	-15.149000	1
66.069000	151.290000	-4.454800	-15.148000	1
66.070000	151.400000	-5.835300	-15.148000	1
66.071000	151.500000	-5.490600	-15.148000	1
66.073000	151.610000	-3.779900	-15.148000	1
66.074000	151.720000	-4.810300	-15.148000	1
66.075000	151.830000	-5.486500	-15.148000	1
66.076000	151.940000	-6.541600	-15.149000	1
66.077000	152.040000	-5.840000	-15.149000	1
66.078000	152.150000	-3.790600	-15.149000	1
66.078000	152.260000	-7.206700	-15.149000	1
66.079000	152.370000	-6.870200	-15.149000	1
66.079000	152.480000	-3.444300	-15.148000	1
66.080000	152.590000	-0.353630	-15.149000	1
66.080000	152.690000	-6.537700	-15.149000	1
66.081000	152.800000	-7.218500	-15.147000	1
66.006000	150.430000	-4.079100	-14.394000	1
66.008000	150.540000	-5.785600	-14.395000	1
66.010000	150.650000	-5.105300	-14.395000	1
66.012000	150.750000	-3.384900	-14.394000	1
66.014000	150.860000	-5.105200	-14.395000	1
66.015000	150.970000	-4.762500	-14.395000	1
66.017000	151.080000	-4.759000	-14.394000	1
66.018000	151.190000	-4.758800	-14.395000	1
66.020000	151.290000	-6.146800	-14.394000	1
66.021000	151.400000	-5.449200	-14.394000	1
66.022000	151.510000	-5.448900	-14.394000	1
66.024000	151.620000	-4.758600	-14.394000	1
66.025000	151.730000	-5.452700	-14.394000	1
66.026000	151.830000	-4.429700	-14.394000	1
66.027000	151.940000	-6.840200	-14.395000	1
66.028000	152.050000	-0.301140	-14.395000	1
66.028000	152.160000	-0.988860	-14.395000	1
66.029000	152.270000	-6.501400	-14.395000	1
66.030000	152.380000	-2.708900	-14.395000	1
66.030000	152.480000	-6.153800	-14.394000	1
66.031000	152.590000	-2.716600	-14.395000	1
66.031000	152.700000	-7.863300	-14.395000	1
65.957000	150.440000	-6.436700	-13.637000	1
65.959000	150.550000	-5.052100	-13.637000	1
65.961000	150.660000	-4.719400	-13.637000	1
65.963000	150.760000	-3.681700	-13.637000	1
65.965000	150.870000	-5.051800	-13.637000	1
65.966000	150.980000	-5.051700	-13.637000	1
65.968000	151.090000	-4.025500	-13.636000	1
65.969000	151.190000	-5.409200	-13.637000	1
65.971000	151.300000	-5.059400	-13.637000	1
65.972000	151.410000	-4.375600	-13.636000	1
65.973000	151.520000	-5.749500	-13.636000	1
65.975000	151.630000	-5.405500	-13.637000	1
65.976000	151.730000	-5.401900	-13.636000	1
65.977000	151.840000	-5.055400	-13.636000	1
65.978000	151.950000	-5.077600	-13.637000	1
65.979000	152.060000	-6.096600	-13.637000	1
65.979000	152.160000	-4.378400	-13.637000	1
65.980000	152.270000	-3.691800	-13.638000	1
65.981000	152.380000	-5.752200	-13.638000	1
65.981000	152.490000	-4.733600	-13.637000	1
65.982000	152.600000	-3.001800	-13.637000	1
65.982000	152.700000	-7.129300	-13.637000	1
65.982000	152.810000	-6.783400	-13.636000	1
65.906000	150.340000	-5.952800	-12.877000	1
65.908000	150.450000	-5.612600	-12.877000	1
65.910000	150.560000	-4.235700	-12.878000	1
65.912000	150.660000	-3.555500	-12.878000	1
65.914000	150.770000	-3.888000	-12.878000	1
65.916000	150.880000	-4.918000	-12.878000	1
65.918000	150.990000	-3.895200	-12.878000	1
65.919000	151.090000	-3.551700	-12.877000	1
65.921000	151.200000	-4.914200	-12.878000	1
65.922000	151.310000	-5.254400	-12.877000	1
65.923000	151.420000	-5.262100	-12.877000	1
65.925000	151.520000	-4.231700	-12.877000	1
65.926000	151.630000	-3.551400	-12.877000	1
65.927000	151.740000	-5.265900	-12.877000	1
65.928000	151.850000	-6.646400	-12.877000	1
65.929000	151.950000	-6.646400	-12.878000	1
65.930000	152.060000	-2.865500	-12.878000	1
65.931000	152.170000	-6.292700	-12.877000	1
65.931000	152.280000	-7.329300	-12.878000	1
65.932000	152.390000	-7.333000	-12.878000	1
65.932000	152.490000	-1.141700	-12.877000	1
65.933000	152.600000	-4.926200	-12.878000	1
65.933000	152.710000	-6.658000	-12.878000	1
65.933000	152.820000	-6.643500	-12.876000	1
65.934000	152.920000	-5.270300	-12.877000	1
65.934000	153.030000	-5.262700	-12.878000	1
65.934000	153.140000	-6.991200	-12.876000	1
65.856000	150.240000	-6.309100	-12.117000	1
65.858000	150.350000	-3.908300	-12.117000	1
65.860000	150.460000	-5.282400	-12.117000	1
65.862000	150.570000	-3.911800	-12.118000	1
65.864000	150.670000	-4.926800	-12.118000	1
65.866000	150.780000	-2.867800	-12.117000	1
65.867000	150.890000	-4.244000	-12.118000	1
65.869000	150.990000	-3.217400	-12.118000	1
65.870000	151.100000	-4.244200	-12.117000	1
65.872000	151.210000	-4.591500	-12.118000	1
65.873000	151.320000	-4.941600	-12.117000	1
65.875000	151.420000	-4.591800	-12.117000	1
65.876000	151.530000	-4.247900	-12.117000	1
65.877000	151.640000	-5.285400	-12.117000	1
65.878000	151.750000	-5.625500	-12.117000	1
65.879000	151.850000	-5.277700	-12.117000	1
65.880000	151.960000	-7.338100	-12.118000	1
65.881000	152.070000	-1.848000	-12.118000	1
65.882000	152.180000	-4.591000	-12.117000	1
65.670000	146.210000	-7.999800	-11.364000	1
65.675000	146.310000	-6.279100	-11.364000	1
65.680000	146.420000	-6.955400	-11.364000	1
65.684000	146.520000	-6.619000	-11.364000	1
65.689000	146.630000	-5.240800	-11.364000	1
65.694000	146.740000	-4.558100	-11.364000	1
65.699000	146.840000	-5.592100	-11.364000	1
65.703000	146.950000	-7.323700	-11.364000	1
65.708000	147.050000	-7.327100	-11.364000	1
65.712000	147.160000	-7.319400	-11.364000	1
65.812000	150.470000	-4.530700	-11.364000	1
65.814000	150.570000	-3.500400	-11.364000	1
65.816000	150.680000	-4.878200	-11.364000	1
65.818000	150.790000	-3.154300	-11.364000	1
65.819000	150.900000	-3.154200	-11.364000	1
65.821000	151.000000	-3.155900	-11.364000	1
65.823000	151.110000	-4.190800	-11.364000	1
65.824000	151.220000	-1.091900	-11.364000	1
65.825000	151.320000	-3.502300	-11.364000	1
65.827000	151.430000	-4.196300	-11.363000	1
65.828000	151.540000	-4.868800	-11.363000	1
65.829000	151.650000	-3.849600	-11.364000	1
65.830000	151.750000	-4.540000	-11.363000	1
65.831000	151.860000	-6.267900	-11.363000	1
65.617000	146.120000	-7.694700	-10.603000	1
65.622000	146.220000	-6.992900	-10.604000	1
65.627000	146.330000	-7.336700	-10.603000	1
65.632000	146.430000	-4.932100	-10.603000	1
65.637000	146.540000	-6.298600	-10.603000	1
65.642000	146.640000	-8.030200	-10.604000	1
65.646000	146.750000	-6.659700	-10.604000	1
65.651000	146.860000	-3.219000	-10.603000	1
65.656000	146.960000	-2.532300	-10.603000	1
65.660000	147.070000	-6.316000	-10.604000	1
65.664000	147.170000	-7.013400	-10.603000	1
65.764000	150.480000	-4.906600	-10.603000	1
65.766000	150.580000	-3.883700	-10.604000	1
65.768000	150.690000	-4.917500	-10.603000	1
65.769000	150.800000	-4.227500	-10.603000	1
65.771000	150.900000	-3.189500	-10.604000	1
65.773000	151.010000	-3.533200	-10.604000	1
65.774000	151.120000	-3.537300	-10.603000	1
65.776000	151.220000	-1.823000	-10.603000	1
65.777000	151.330000	-3.197000	-10.603000	1
65.779000	151.440000	-4.227300	-10.603000	1
65.780000	151.540000	-3.879600	-10.603000	1
65.781000	151.650000	-5.607500	-10.603000	1
65.782000	151.760000	-4.223800	-10.602000	1
65.783000	151.870000	-3.205200	-10.602000	1
65.784000	151.970000	-2.178700	-10.603000	1
65.785000	152.080000	-3.205100	-10.603000	1
65.786000	152.190000	-7.341300	-10.603000	1
65.786000	152.290000	-6.307100	-10.604000	1
65.787000	152.400000	-3.537500	-10.604000	1
65.788000	152.510000	-2.167700	-10.603000	1
65.714000	150.380000	-2.827600	-9.846800	1
65.716000	150.480000	-3.857700	-9.846700	1
65.718000	150.590000	-2.143300	-9.847300	1
65.720000	150.700000	-4.551100	-9.847300	1
65.722000	150.800000	-3.861100	-9.846800	1
65.724000	150.910000	-1.460500	-9.847300	1
65.725000	151.020000	-1.800300	-9.847600	1
65.727000	151.120000	-4.207200	-9.846700	1
65.728000	151.230000	-3.173000	-9.847200	1
65.730000	151.340000	-3.180500	-9.847100	1
65.731000	151.440000	-3.524500	-9.846500	1
65.732000	151.550000	-3.520700	-9.846500	1
65.733000	151.660000	-4.206800	-9.846800	1
65.734000	151.760000	-4.210700	-9.846300	1
65.735000	151.870000	-2.834300	-9.846100	1
65.736000	151.980000	-1.803700	-9.846900	1
65.737000	152.090000	-1.807300	-9.847100	1
65.738000	152.190000	-3.523900	-9.846700	1
65.739000	152.300000	-3.867400	-9.847300	1
65.658000	149.960000	-4.915900	-9.092300	1
65.660000	150.070000	-3.191900	-9.092100	1
65.663000	150.170000	-4.221700	-9.092600	1
65.665000	150.280000	-3.537600	-9.092500	1
65.667000	150.390000	-3.881400	-9.092400	1
65.669000	150.490000	-1.821100	-9.092200	1
65.671000	150.600000	-4.221000	-9.092900	1
65.673000	150.710000	-3.187000	-9.092900	1
65.674000	150.810000	-2.847100	-9.092400	1
65.676000	150.920000	-3.536800	-9.092900	1
65.678000	151.020000	-2.152700	-9.093300	1
65.679000	151.130000	-2.850600	-9.092400	1
65.681000	151.240000	-1.470200	-9.092800	1
65.682000	151.340000	-4.220500	-9.092700	1
65.683000	151.450000	-4.567000	-9.092200	1
65.685000	151.560000	-4.570700	-9.092100	1
65.686000	151.660000	-4.224200	-9.092500	1
65.687000	151.770000	-3.876700	-9.091900	1
65.688000	151.880000	-2.514100	-9.091700	1
65.689000	151.980000	-1.819900	-9.092400	1
65.690000	152.090000	-1.819600	-9.092700	1
65.691000	152.200000	-3.880000	-9.092200	1
65.691000	152.300000	-0.450660	-9.092800	1
65.692000	152.410000	-0.106540	-9.093600	1
65.692000	152.520000	-0.800770	-9.092700	1
65.693000	152.620000	-5.600000	-9.092900	1
65.693000	152.730000	-4.577200	-9.093300	1
65.693000	152.840000	-2.861500	-9.091800	1
65.694000	152.940000	-4.231500	-9.092000	1
65.694000	153.050000	-3.883700	-9.092600	1
65.694000	153.160000	-5.275800	-9.091500	1
65.598000	149.440000	-3.994100	-8.336200	1
65.601000	149.540000	-3.303900	-8.336600	1
65.603000	149.650000	-2.967900	-8.335900	1
65.606000	149.760000	-5.020500	-8.336100	1
65.608000	149.860000	-5.020400	-8.336300	1
65.611000	149.970000	-3.640300	-8.336000	1
65.613000	150.080000	-3.636700	-8.335700	1
65.615000	150.180000	-1.918100	-8.336300	1
65.618000	150.290000	-2.611900	-8.336200	1
65.620000	150.390000	-2.615500	-8.336100	1
65.622000	150.500000	-1.241600	-8.335800	1
65.624000	150.610000	-3.301400	-8.336500	1
65.625000	150.710000	-3.297500	-8.336600	1
65.627000	150.820000	-1.921300	-8.336000	1
65.629000	150.930000	-2.957300	-8.336600	1
65.631000	151.030000	-2.610800	-8.337000	1
65.632000	151.140000	-0.550950	-8.336100	1
65.634000	151.240000	-2.267000	-8.336500	1
65.635000	151.350000	-1.240700	-8.336500	1
65.636000	151.460000	-2.607200	-8.336000	1
65.637000	151.560000	-3.301100	-8.335800	1
65.639000	151.670000	-4.334600	-8.336200	1
65.548000	149.340000	-3.021900	-7.579600	1
65.551000	149.450000	-4.394500	-7.579500	1
65.554000	149.550000	-1.984000	-7.580000	1
65.556000	149.660000	-4.730800	-7.579300	1
65.559000	149.770000	-3.693100	-7.579500	1
65.561000	149.870000	-4.726800	-7.579600	1
65.564000	149.980000	-1.279200	-7.579400	1
65.566000	150.080000	-4.037000	-7.579100	1
65.568000	150.190000	-2.312900	-7.579600	1
65.570000	150.300000	-0.942790	-7.579500	1
65.572000	150.400000	-2.999300	-7.579400	1
65.574000	150.510000	-1.973100	-7.579100	1
65.576000	150.610000	-3.352900	-7.579800	1
65.578000	150.720000	-3.004700	-7.579900	1
65.580000	150.830000	0.085267	-7.579300	1
65.582000	150.930000	-2.314500	-7.579900	1
65.583000	151.040000	-1.974100	-7.580300	1
65.585000	151.150000	-0.250680	-7.579500	1
65.586000	151.250000	-1.287900	-7.579900	1
65.588000	151.360000	-1.630400	-7.579900	1
65.589000	151.460000	-3.354400	-7.579400	1
65.590000	151.570000	-1.284300	-7.579200	1
65.591000	151.680000	-1.287800	-7.579500	1
65.592000	151.780000	-5.418400	-7.579000	1
65.593000	151.890000	-4.038300	-7.578600	1
65.594000	151.990000	-0.951280	-7.579300	1
65.595000	152.100000	-0.611000	-7.579700	1
65.596000	152.210000	-0.947520	-7.579100	1
65.597000	152.310000	-1.641000	-7.579700	1
65.597000	152.420000	-1.297900	-7.580600	1
65.496000	149.140000	-8.204800	-6.825600	1
65.499000	149.250000	-1.666400	-6.825400	1
65.501000	149.350000	0.397450	-6.825300	1
65.504000	149.460000	-3.042700	-6.825200	1
65.507000	149.560000	-2.688500	-6.825600	1
65.509000	149.670000	-4.751600	-6.824900	1
65.512000	149.780000	-3.724900	-6.825100	1
65.514000	149.880000	-3.720900	-6.825300	1
65.517000	149.990000	-4.404700	-6.825000	1
65.519000	150.090000	-4.061100	-6.824700	1
65.521000	150.200000	-3.720800	-6.825200	1
65.524000	150.300000	-0.970670	-6.825200	1
65.526000	150.410000	-0.970750	-6.825000	1
65.528000	150.520000	-1.647300	-6.824700	1
65.530000	150.620000	-1.647000	-6.825400	1
65.531000	150.730000	-2.340700	-6.825500	1
65.533000	150.830000	-1.647300	-6.824900	1
65.535000	150.940000	-3.030700	-6.825500	1
65.537000	151.050000	-1.310400	-6.826000	1
65.538000	151.150000	-0.970830	-6.825100	1
65.539000	151.260000	1.099400	-6.825500	1
65.541000	151.360000	-0.276910	-6.825500	1
65.542000	151.470000	-2.681000	-6.825100	1
65.543000	151.580000	-3.371300	-6.824800	1
65.545000	151.680000	-3.722600	-6.825200	1
65.546000	151.790000	-5.436600	-6.824700	1
63.672000	130.840000	-4.209800	-6.069500	1
65.346000	146.420000	-5.913300	-6.070900	1
65.351000	146.530000	-3.853000	-6.070700	1
65.356000	146.630000	-2.822700	-6.070900	1
65.360000	146.730000	-0.422340	-6.071000	1
65.365000	146.840000	-2.132200	-6.071100	1
65.370000	146.940000	-0.762260	-6.070500	1
65.374000	147.050000	-7.636300	-6.070800	1
65.379000	147.150000	-4.209200	-6.070800	1
65.383000	147.260000	-3.866300	-6.071000	1
65.387000	147.360000	-9.722200	-6.070400	1
65.463000	149.680000	-2.803500	-6.070300	1
65.465000	149.780000	-3.493300	-6.070400	1
65.468000	149.890000	-3.139300	-6.070600	1
65.470000	150.000000	-2.799200	-6.070300	1
65.472000	150.100000	-2.803000	-6.070000	1
65.475000	150.210000	-1.768900	-6.070400	1
65.477000	150.310000	-0.742530	-6.070400	1
65.479000	150.420000	-1.082600	-6.070300	1
65.481000	150.520000	-1.429200	-6.070000	1
65.483000	150.630000	-1.078800	-6.070600	1
65.485000	150.740000	-2.458800	-6.070800	1
65.486000	150.840000	-0.739140	-6.070100	1
65.488000	150.950000	-2.108900	-6.070700	1
65.490000	151.050000	-0.398530	-6.071200	1
65.491000	151.160000	-1.075300	-6.070400	1
65.493000	151.260000	-0.738830	-6.070700	1
65.494000	151.370000	-0.398780	-6.070800	1
65.495000	151.480000	-1.079100	-6.070500	1
65.497000	151.580000	-3.833200	-6.070100	1
65.498000	151.690000	-0.739240	-6.070500	1
65.499000	151.790000	-2.464700	-6.070100	1
63.628000	130.880000	-7.135800	-5.314500	1
65.424000	150.000000	-3.661700	-5.315200	1
65.426000	150.110000	-0.925230	-5.315000	1
65.428000	150.210000	-1.601300	-5.315300	1
65.430000	150.320000	-1.264900	-5.315300	1
65.432000	150.430000	-0.231260	-5.315200	1
65.434000	150.530000	0.118490	-5.314900	1
65.436000	150.640000	2.518900	-5.315500	1
65.438000	150.740000	0.798950	-5.315700	1
65.440000	150.850000	0.458510	-5.315000	1
65.441000	150.950000	0.458830	-5.315600	1
65.443000	151.060000	-0.570880	-5.316100	1
65.445000	151.160000	-1.261400	-5.315400	1
65.446000	151.270000	0.118810	-5.315600	1
65.447000	151.380000	1.148900	-5.315800	1
65.449000	151.480000	-2.295100	-5.315400	1
65.450000	151.590000	-1.601700	-5.315100	1
65.451000	151.690000	-1.265300	-5.315400	1
65.452000	151.800000	-0.582840	-5.315000	1
65.453000	151.900000	-3.671000	-5.314500	1
65.454000	152.010000	-3.330600	-5.315000	1
65.455000	152.120000	-1.270100	-5.315400	1
65.456000	152.220000	-0.244050	-5.314800	1
65.375000	149.910000	-1.744400	-4.560500	1
65.377000	150.010000	-2.084300	-4.560300	1
65.379000	150.120000	0.669220	-4.560000	1
65.382000	150.220000	0.669430	-4.560300	1
65.384000	150.330000	1.349500	-4.560400	1
65.386000	150.430000	-0.714190	-4.560300	1
65.388000	150.540000	-0.360920	-4.559900	1
65.390000	150.640000	1.009500	-4.560500	1
65.391000	150.750000	-1.050400	-4.560700	1
65.393000	150.850000	-0.020899	-4.560000	1
65.395000	150.960000	-0.360570	-4.560600	1
65.397000	151.070000	0.669840	-4.561100	1
65.398000	151.170000	0.319330	-4.560400	1
65.399000	151.280000	0.319450	-4.560600	1
65.401000	151.380000	1.009600	-4.560800	1
65.402000	151.490000	-0.020672	-4.560600	1
65.403000	151.590000	-0.361060	-4.560200	1
65.404000	151.700000	-1.748100	-4.560500	1
65.405000	151.800000	1.000400	-4.560200	1
65.406000	151.910000	-2.780100	-4.559600	1
65.407000	152.010000	-4.836300	-4.560000	1
65.202000	146.360000	-8.585700	-3.805000	1
65.207000	146.470000	-5.821000	-3.805100	1
65.212000	146.570000	-3.410900	-3.804700	1
65.217000	146.670000	-2.380500	-3.805000	1
65.222000	146.780000	-1.350200	-3.805100	1
65.226000	146.880000	-2.719900	-3.805300	1
65.231000	146.990000	-0.320080	-3.804600	1
65.235000	147.090000	-0.659700	-3.804900	1
65.240000	147.190000	-3.073100	-3.804900	1
65.244000	147.300000	-7.196500	-3.805200	1
65.248000	147.400000	-8.917200	-3.804500	1
65.331000	150.020000	-0.301770	-3.804500	1
65.333000	150.130000	-0.638520	-3.804200	1
65.335000	150.230000	-2.358400	-3.804500	1
65.337000	150.340000	-0.641730	-3.804600	1
65.339000	150.440000	0.731730	-3.804500	1
65.341000	150.550000	-0.298650	-3.804100	1
65.343000	150.650000	1.081800	-3.804600	1
65.345000	150.760000	0.391910	-3.804900	1
65.347000	150.860000	1.081400	-3.804200	1
65.348000	150.970000	0.731730	-3.804700	1
65.350000	151.070000	2.452200	-3.805300	1
65.351000	151.180000	0.731650	-3.804600	1
65.353000	151.280000	1.081700	-3.804800	1
65.354000	151.390000	1.421900	-3.805000	1
65.356000	151.490000	1.771700	-3.804800	1
65.357000	151.600000	-1.330200	-3.804400	1
65.358000	151.700000	-1.336800	-3.804700	1
65.359000	151.810000	-2.366900	-3.804400	1
65.360000	151.910000	-6.144100	-3.803800	1
65.284000	150.030000	0.138670	-3.048400	1
65.286000	150.130000	-0.538230	-3.048100	1
65.289000	150.240000	-1.228100	-3.048300	1
65.291000	150.340000	0.142030	-3.048400	1
65.293000	150.450000	0.142000	-3.048400	1
65.295000	150.550000	0.491600	-3.047900	1
65.297000	150.660000	1.522000	-3.048400	1
65.299000	150.760000	1.860500	-3.048700	1
65.300000	150.870000	2.550000	-3.048000	1
65.302000	150.970000	1.860400	-3.048500	1
65.304000	151.080000	3.241000	-3.049100	1
65.305000	151.180000	2.210600	-3.048500	1
65.306000	151.290000	3.920700	-3.048600	1
65.308000	151.390000	2.891000	-3.048900	1
65.309000	151.500000	3.241000	-3.048700	1
65.310000	151.600000	-2.262800	-3.048300	1
65.311000	151.710000	-1.572500	-3.048500	1
65.312000	151.810000	-3.989200	-3.048400	1
65.120000	146.600000	-4.554500	-2.297000	1
65.125000	146.700000	-3.524000	-2.297300	1
65.130000	146.810000	-1.463700	-2.297400	1
65.134000	146.910000	-0.433220	-2.297700	1
65.139000	147.010000	1.286500	-2.297000	1
65.143000	147.120000	-0.433180	-2.297200	1
65.148000	147.220000	0.946980	-2.297200	1
65.152000	147.320000	-8.679400	-2.297600	1
65.156000	147.430000	-9.726300	-2.296800	1
65.160000	147.530000	-7.665000	-2.297100	1
65.165000	147.640000	-8.354700	-2.297300	1
65.236000	149.930000	-3.506800	-2.297000	1
65.238000	150.040000	-1.789800	-2.296900	1
65.240000	150.140000	-0.066681	-2.296600	1
65.243000	150.250000	1.993600	-2.296800	1
65.245000	150.350000	2.333900	-2.296900	1
65.247000	150.460000	4.054000	-2.296800	1
65.249000	150.560000	2.333700	-2.296300	1
65.251000	150.670000	5.434300	-2.296800	1
65.252000	150.770000	7.494600	-2.297200	1
65.254000	150.870000	6.114100	-2.296400	1
65.256000	150.980000	3.024500	-2.296900	1
65.257000	151.080000	2.685100	-2.297500	1
65.259000	151.190000	2.684700	-2.297000	1
65.260000	151.290000	4.744800	-2.297000	1
65.262000	151.400000	3.365200	-2.297400	1
65.263000	151.500000	3.025100	-2.297300	1
65.264000	151.610000	0.274750	-2.296700	1
65.265000	151.710000	-3.848200	-2.297000	1
65.266000	151.820000	-0.418110	-2.296900	1
63.413000	131.070000	-3.856300	-1.541500	1
63.429000	131.160000	-1.786800	-1.540600	1
65.079000	146.720000	2.686400	-1.542200	1
65.083000	146.820000	-3.840600	-1.542300	1
65.088000	146.920000	3.040000	-1.542600	1
65.093000	147.030000	5.439800	-1.541900	1
65.097000	147.130000	0.980060	-1.542200	1
65.102000	147.230000	-1.089900	-1.542100	1
65.106000	147.340000	-2.462300	-1.542600	1
65.110000	147.440000	-5.215800	-1.541700	1
65.114000	147.540000	-8.661500	-1.542000	1
65.118000	147.650000	-0.750780	-1.542200	1
65.189000	149.940000	-0.727470	-1.542000	1
65.192000	150.040000	0.305560	-1.541800	1
65.194000	150.150000	1.335500	-1.541600	1
65.196000	150.250000	0.995760	-1.541700	1
65.198000	150.360000	2.026000	-1.541800	1
65.200000	150.460000	1.676100	-1.541800	1
65.202000	150.570000	5.115900	-1.541300	1
65.204000	150.670000	3.056300	-1.541700	1
65.206000	150.780000	6.836700	-1.542100	1
65.208000	150.880000	4.776300	-1.541300	1
65.209000	150.990000	3.056600	-1.541700	1
65.211000	151.090000	3.397200	-1.542400	1
65.212000	151.190000	5.456900	-1.541900	1
65.214000	151.300000	4.426900	-1.541900	1
65.215000	151.400000	5.117200	-1.542300	1
65.217000	151.510000	4.427200	-1.542300	1
65.218000	151.610000	5.116900	-1.541700	1
65.219000	151.720000	6.837200	-1.542000	1
65.220000	151.820000	4.427200	-1.541900	1
65.221000	151.930000	2.026800	-1.541100	1
63.370000	131.110000	10.236000	-0.792930	1
63.386000	131.200000	10.576000	-0.792020	1
63.402000	131.290000	17.796000	-0.792700	1
63.417000	131.380000	14.016000	-0.792580	1
63.433000	131.470000	13.326000	-0.792840	1
63.448000	131.570000	9.206000	-0.792240	1
63.464000	131.660000	0.266300	-0.792910	1
63.479000	131.750000	-3.853900	-0.792520	1
63.495000	131.840000	3.366500	-0.793110	1
63.510000	131.930000	3.366200	-0.792280	1
63.525000	132.030000	7.486400	-0.792620	1
63.540000	132.120000	4.396500	-0.792810	1
65.028000	146.630000	3.018500	-0.793190	1
65.033000	146.730000	6.121600	-0.793510	1
65.038000	146.830000	3.371800	-0.793560	1
65.042000	146.940000	5.432200	-0.793920	1
65.047000	147.040000	8.522100	-0.793190	1
65.051000	147.140000	2.682300	-0.793460	1
65.056000	147.250000	6.122500	-0.793420	1
65.060000	147.350000	-2.127300	-0.793860	1
65.064000	147.450000	-8.663200	-0.793030	1
65.152000	150.370000	2.697300	-0.793110	1
65.154000	150.470000	4.067500	-0.793110	1
65.156000	150.570000	6.817400	-0.792590	1
65.158000	150.680000	8.537700	-0.793000	1
65.160000	150.780000	5.448000	-0.793410	1
65.162000	150.890000	5.787700	-0.792660	1
65.163000	150.990000	7.167900	-0.792960	1
65.165000	151.100000	5.101000	-0.793710	1
65.166000	151.200000	6.820900	-0.793230	1
65.168000	151.310000	7.170900	-0.793160	1
65.169000	151.410000	5.101100	-0.793610	1
65.170000	151.510000	5.791100	-0.793560	1
65.172000	151.620000	7.171000	-0.793050	1
65.173000	151.720000	8.201200	-0.793260	1
65.174000	151.830000	8.881300	-0.793230	1
65.175000	151.930000	1.321000	-0.792480	1
63.327000	131.140000	18.667000	0.118850	1
63.343000	131.240000	21.417000	0.118290	1
63.359000	131.330000	22.107000	0.118400	1
63.374000	131.420000	21.077000	0.118640	1
63.390000	131.510000	21.417000	0.118490	1
63.405000	131.600000	20.384000	0.118470	1
63.421000	131.690000	13.514000	0.118630	1
63.436000	131.790000	9.383800	0.118310	1
63.452000	131.880000	6.293900	0.118910	1
63.467000	131.970000	8.013900	0.118490	1
63.482000	132.060000	10.414000	0.118380	1
63.497000	132.150000	5.601400	0.118840	1
65.104000	150.270000	1.843900	0.118900	1
65.106000	150.370000	3.564100	0.118670	1
65.108000	150.480000	21.434000	0.118710	1
65.110000	150.580000	11.814000	0.118720	1
65.112000	150.680000	10.094000	0.118600	1
65.114000	150.790000	8.374600	0.119000	1
65.116000	150.890000	10.435000	0.118660	1
65.117000	151.000000	10.435000	0.118350	1
65.119000	151.100000	7.684800	0.119100	1
65.120000	151.210000	12.155000	0.118510	1
65.122000	151.310000	9.064900	0.118470	1
65.123000	151.410000	8.714900	0.118770	1
65.124000	151.520000	10.435000	0.118510	1
65.125000	151.620000	15.595000	0.118600	1
65.127000	151.730000	11.125000	0.118720	1
65.128000	151.830000	20.065000	0.118440	1
65.129000	151.940000	-1.247400	0.118610	1
65.129000	152.040000	-0.214690	0.118490	1
63.284000	131.180000	16.721000	0.732650	1
63.300000	131.270000	8.471500	0.733480	1
63.315000	131.360000	8.471300	0.732840	1
63.331000	131.460000	10.191000	0.733030	1
63.347000	131.550000	13.971000	0.732640	1
63.362000	131.640000	16.722000	0.733340	1
63.378000	131.730000	9.161400	0.732680	1
63.393000	131.820000	7.101600	0.732980	1
63.408000	131.910000	0.571380	0.732500	1
63.423000	132.010000	6.411800	0.733270	1
63.439000	132.100000	-0.118360	0.732930	1
63.454000	132.190000	-4.928500	0.732870	1
65.053000	150.070000	1.618900	0.732470	1
65.056000	150.170000	1.961800	0.732620	1
65.058000	150.280000	2.652100	0.732780	1
65.060000	150.380000	2.652100	0.732580	1
65.062000	150.480000	6.772300	0.732570	1
65.064000	150.590000	6.432700	0.733140	1
65.066000	150.690000	11.583000	0.732740	1
65.068000	150.800000	5.402600	0.732400	1
65.069000	150.900000	5.402900	0.733060	1
65.071000	151.000000	4.372900	0.732760	1
65.072000	151.110000	6.772700	0.732180	1
65.074000	151.210000	8.832800	0.732390	1
65.075000	151.320000	4.372900	0.732560	1
65.077000	151.420000	5.052800	0.732130	1
65.078000	151.520000	6.772700	0.731980	1
65.079000	151.630000	9.523000	0.732560	1
65.080000	151.730000	8.495800	0.732460	1
65.081000	151.840000	7.463100	0.732240	1
65.082000	151.940000	7.466200	0.733130	1
65.083000	152.040000	-3.539200	0.733080	1
63.241000	131.220000	-1.802700	1.487600	1
63.256000	131.310000	-1.122100	1.488500	1
63.272000	131.400000	0.257590	1.487900	1
63.288000	131.490000	-3.869500	1.488000	1
63.303000	131.580000	-1.459600	1.487600	1
63.319000	131.680000	9.537800	1.488400	1
63.334000	131.770000	10.227000	1.487700	1
63.349000	131.860000	3.347600	1.488000	1
63.365000	131.950000	1.627200	1.487500	1
63.380000	132.040000	-6.962500	1.488300	1
63.395000	132.140000	-6.272500	1.488000	1
63.410000	132.230000	-5.932500	1.487900	1
65.005000	149.970000	-0.054643	1.487500	1
65.007000	150.080000	1.655600	1.487500	1
65.009000	150.180000	2.005800	1.487700	1
65.011000	150.280000	3.726100	1.487800	1
65.013000	150.390000	-0.740990	1.487700	1
65.015000	150.490000	0.979170	1.487600	1
65.017000	150.590000	0.979670	1.488200	1
65.019000	150.700000	4.069600	1.487800	1
65.021000	150.800000	2.689400	1.487500	1
65.023000	150.910000	3.729900	1.488100	1
65.024000	151.010000	3.039900	1.487900	1
65.026000	151.110000	6.129500	1.487300	1
65.027000	151.220000	6.129600	1.487500	1
65.029000	151.320000	4.759800	1.487700	1
65.030000	151.420000	5.439500	1.487200	1
65.031000	151.530000	4.759400	1.487000	1
65.033000	151.630000	5.439900	1.487600	1
65.034000	151.740000	4.069900	1.487500	1
65.035000	151.840000	4.069800	1.487300	1
65.036000	151.940000	5.440500	1.488100	1
65.036000	152.050000	-2.799500	1.488200	1
63.198000	131.260000	-5.360200	2.236600	1
63.214000	131.350000	-2.256200	2.237600	1
63.229000	131.440000	-2.946600	2.237000	1
63.245000	131.530000	-4.326600	2.237100	1
63.260000	131.620000	-4.326800	2.236700	1
63.276000	131.710000	0.833920	2.237400	1
63.291000	131.800000	2.893500	2.236800	1
63.306000	131.900000	6.676900	2.237100	1
63.322000	131.990000	2.896500	2.236500	1
63.337000	132.080000	-5.693100	2.237300	1
63.352000	132.170000	-6.726500	2.237100	1
64.956000	149.880000	1.551900	2.236700	1
64.959000	149.980000	-0.518060	2.236600	1
64.961000	150.080000	-1.548000	2.236600	1
64.963000	150.190000	0.525300	2.236800	1
64.965000	150.290000	-1.204600	2.237000	1
64.967000	150.390000	1.555400	2.236800	1
64.969000	150.500000	0.865330	2.236700	1
64.971000	150.600000	4.305800	2.237300	1
64.973000	150.700000	0.175430	2.237000	1
64.975000	150.810000	0.526480	2.236600	1
64.977000	150.910000	2.587100	2.237300	1
64.978000	151.010000	3.957100	2.237100	1
64.980000	151.120000	5.336600	2.236500	1
64.981000	151.220000	4.646700	2.236600	1
64.983000	151.330000	2.927000	2.236900	1
64.984000	151.430000	3.616600	2.236400	1
64.985000	151.530000	2.236400	2.236200	1
64.986000	151.640000	2.586900	2.236700	1
64.988000	151.740000	1.897000	2.236700	1
64.989000	151.840000	1.206800	2.236300	1
64.990000	151.950000	2.237600	2.237200	1
63.155000	131.290000	-6.789500	2.992800	1
63.170000	131.390000	-4.728600	2.993800	1
63.186000	131.480000	-7.129200	2.993200	1
63.201000	131.570000	-6.449000	2.993300	1
63.217000	131.660000	-7.479400	2.992900	1
63.232000	131.750000	-6.098600	2.993700	1
63.248000	131.840000	-5.069000	2.993000	1
63.263000	131.930000	-4.378700	2.993300	1
63.278000	132.020000	3.181100	2.992700	1
63.293000	132.120000	2.155100	2.993500	1
63.308000	132.210000	-5.401900	2.993300	1
63.324000	132.300000	-4.378500	2.993200	1
63.339000	132.390000	1.128100	2.992800	1
63.353000	132.480000	1.468700	2.993500	1
63.368000	132.580000	-5.758100	2.993400	1
63.383000	132.670000	-5.758000	2.993300	1
63.398000	132.760000	-5.068300	2.992700	1
63.412000	132.850000	-5.408000	2.993000	1
64.910000	149.880000	-0.919120	2.993000	1
64.912000	149.990000	-2.289000	2.992900	1
64.914000	150.090000	-0.568800	2.992900	1
64.917000	150.190000	-1.948600	2.993000	1
64.919000	150.300000	0.465180	2.993300	1
64.921000	150.400000	1.155200	2.993100	1
64.923000	150.500000	0.805120	2.993000	1
64.925000	150.610000	-0.914540	2.993600	1
64.927000	150.710000	-1.594800	2.993300	1
64.929000	150.810000	0.114850	2.992900	1
64.930000	150.920000	0.115320	2.993600	1
64.932000	151.020000	2.185200	2.993500	1
64.933000	151.120000	1.834700	2.992800	1
64.935000	151.230000	1.838000	2.992900	1
64.936000	151.330000	1.158100	2.993200	1
64.938000	151.430000	1.497700	2.992700	1
64.939000	151.540000	0.117340	2.992400	1
64.940000	151.640000	0.467660	2.993000	1
64.941000	151.750000	0.117510	2.993000	1
64.942000	151.850000	0.117030	2.992600	1
64.943000	151.950000	-0.223660	2.993500	1
64.944000	152.060000	0.463250	2.993600	1
64.945000	152.160000	2.526200	2.993100	1
64.945000	152.260000	1.156800	2.993700	1
63.111000	131.330000	-6.833800	3.747800	1
63.127000	131.420000	-6.829500	3.748800	1
63.143000	131.510000	-6.483300	3.748200	1
63.158000	131.600000	-6.143100	3.748300	1
63.174000	131.690000	-5.450000	3.747900	1
63.189000	131.790000	-7.513000	3.748700	1
63.204000	131.880000	-7.860000	3.748000	1
63.219000	131.970000	-5.109400	3.748300	1
63.235000	132.060000	-4.759800	3.747700	1
63.250000	132.150000	-1.328900	3.748500	1
64.866000	149.990000	-3.369200	3.747900	1
64.868000	150.100000	-3.029000	3.747900	1
64.870000	150.200000	-2.678800	3.748000	1
64.872000	150.300000	-2.674900	3.748300	1
64.875000	150.410000	-1.644900	3.748100	1
64.877000	150.510000	-3.024800	3.748100	1
64.878000	150.610000	-2.674200	3.748600	1
64.880000	150.720000	-1.644300	3.748400	1
64.882000	150.820000	-0.264460	3.748000	1
64.884000	150.920000	0.769570	3.748600	1
64.885000	151.030000	1.456100	3.748600	1
64.887000	151.130000	1.115500	3.747900	1
64.888000	151.230000	0.428900	3.748000	1
64.890000	151.340000	-1.290900	3.748300	1
64.891000	151.440000	1.115200	3.747800	1
64.892000	151.540000	0.424840	3.747500	1
64.894000	151.650000	-0.951470	3.748000	1
64.895000	151.750000	-1.295000	3.748000	1
64.896000	151.850000	-0.955550	3.747600	1
64.897000	151.960000	-0.261570	3.748500	1
64.897000	152.060000	-1.291600	3.748700	1
64.898000	152.160000	-1.292100	3.748100	1
64.899000	152.270000	0.078284	3.748800	1
64.900000	152.370000	0.428450	3.749100	1
63.068000	131.370000	-8.036200	4.501400	1
63.084000	131.460000	-7.685300	4.502400	1
63.099000	131.550000	-6.995500	4.501900	1
63.115000	131.640000	-7.681900	4.502000	1
63.130000	131.730000	-7.342300	4.501500	1
63.145000	131.820000	-8.035300	4.502300	1
63.161000	131.910000	-7.342000	4.501700	1
63.176000	132.000000	-6.651700	4.502000	1
63.191000	132.100000	-6.312000	4.501300	1
63.206000	132.190000	-5.621300	4.502100	1
63.221000	132.280000	-6.651400	4.502000	1
63.236000	132.370000	-6.991400	4.501900	1
63.251000	132.460000	-6.651600	4.501400	1
63.266000	132.550000	-5.961000	4.502100	1
63.281000	132.650000	-4.927200	4.502100	1
64.822000	150.100000	-4.217200	4.501600	1
64.824000	150.210000	-1.816900	4.501700	1
64.826000	150.310000	-0.436390	4.502000	1
64.828000	150.410000	0.593680	4.501800	1
64.830000	150.520000	-1.479800	4.501700	1
64.832000	150.620000	-0.095726	4.502300	1
64.834000	150.720000	0.594250	4.502100	1
64.836000	150.820000	-1.816100	4.501700	1
64.837000	150.930000	-1.475600	4.502300	1
64.839000	151.030000	-0.095439	4.502300	1
64.841000	151.130000	-1.476000	4.501700	1
64.842000	151.240000	-1.125900	4.501600	1
64.843000	151.340000	-1.125600	4.502100	1
64.845000	151.440000	-0.785910	4.501600	1
64.846000	151.550000	-1.126200	4.501200	1
64.847000	151.650000	-1.812300	4.501700	1
64.848000	151.750000	0.587000	4.501800	1
64.849000	151.860000	-1.480000	4.501200	1
64.850000	151.960000	-2.156100	4.502100	1
64.851000	152.060000	-1.126000	4.502300	1
64.852000	152.170000	-2.153000	4.501800	1
64.853000	152.270000	-2.152700	4.502400	1
64.853000	152.370000	0.594060	4.502800	1
64.854000	152.480000	-0.093151	4.501800	1
64.854000	152.580000	-4.224100	4.501700	1
64.771000	149.910000	-4.399000	5.256600	1
64.773000	150.010000	-1.648700	5.256500	1
64.775000	150.110000	-2.678600	5.256500	1
64.777000	150.210000	-4.395000	5.256500	1
64.780000	150.320000	-3.024400	5.256900	1
64.782000	150.420000	-3.708000	5.256700	1
64.784000	150.520000	-2.674200	5.256700	1
64.785000	150.620000	-2.333800	5.257200	1
64.787000	150.730000	-2.673800	5.257100	1
64.789000	150.830000	-2.674000	5.256600	1
64.791000	150.930000	-2.333600	5.257200	1
64.792000	151.040000	-2.333500	5.257300	1
64.794000	151.140000	-0.963800	5.256600	1
64.795000	151.240000	-1.303800	5.256600	1
64.797000	151.350000	-2.333600	5.257000	1
64.798000	151.450000	-0.963780	5.256500	1
64.799000	151.550000	-1.644100	5.256100	1
64.801000	151.650000	-2.333800	5.256600	1
64.802000	151.760000	-2.333600	5.256700	1
64.803000	151.860000	3.498900	5.256100	1
64.804000	151.960000	2.472900	5.256900	1
64.804000	152.070000	-0.273500	5.257200	1
64.805000	152.170000	-1.304000	5.256700	1
64.806000	152.270000	-1.993800	5.257300	1
64.807000	152.380000	-3.023600	5.257700	1
64.807000	152.480000	-3.704300	5.256800	1
64.808000	152.580000	-0.274270	5.256700	1
64.808000	152.680000	-1.994200	5.257100	1
64.808000	152.790000	1.448900	5.256200	1
64.809000	152.890000	-2.328000	5.255600	1
62.981000	131.440000	-8.380400	6.010200	1
62.997000	131.530000	-8.039700	6.011100	1
63.012000	131.620000	-8.039900	6.010700	1
63.028000	131.710000	-8.720100	6.010800	1
63.043000	131.800000	-7.350000	6.010300	1
63.058000	131.890000	-7.005700	6.011100	1
63.074000	131.990000	-8.036200	6.010600	1
63.089000	132.080000	-8.716200	6.010800	1
63.104000	132.170000	-7.686200	6.010200	1
63.119000	132.260000	-6.655500	6.010900	1
63.134000	132.350000	-8.039400	6.010800	1
63.149000	132.440000	-8.039300	6.010700	1
63.164000	132.530000	-7.005600	6.010300	1
63.179000	132.620000	-7.345200	6.010800	1
63.193000	132.720000	-8.038900	6.010900	1
63.208000	132.810000	-8.038800	6.010800	1
63.223000	132.900000	-8.031600	6.010300	1
63.237000	132.990000	-7.005000	6.010400	1
64.731000	150.220000	-1.474000	6.010500	1
64.733000	150.320000	-2.839900	6.010900	1
64.735000	150.430000	-3.187200	6.010700	1
64.737000	150.530000	-3.179800	6.010700	1
64.739000	150.630000	-4.223200	6.011200	1
64.741000	150.730000	-3.179300	6.011100	1
64.743000	150.840000	-2.499500	6.010700	1
64.744000	150.940000	-2.149100	6.011200	1
64.746000	151.040000	-2.839100	6.011300	1
64.747000	151.140000	-1.809300	6.010700	1
64.749000	151.250000	-2.145700	6.010600	1
64.750000	151.350000	-1.469000	6.011100	1
64.752000	151.450000	-1.469300	6.010600	1
64.753000	151.560000	-1.809600	6.010100	1
64.754000	151.660000	-1.809300	6.010600	1
64.755000	151.760000	-1.119000	6.010700	1
64.756000	151.860000	-3.869500	6.010100	1
64.757000	151.970000	-5.249200	6.010900	1
64.758000	152.070000	-3.540000	6.011200	1
64.759000	152.170000	-2.156700	6.010700	1
64.759000	152.280000	-1.469100	6.011300	1
64.760000	152.380000	-2.498900	6.011800	1
64.760000	152.480000	-4.219600	6.010900	1
64.761000	152.580000	-4.556100	6.010800	1
64.761000	152.690000	-3.529500	6.011200	1
64.762000	152.790000	-1.813700	6.010300	1
64.762000	152.890000	-1.120400	6.009700	1
62.937000	131.480000	-7.290900	6.762200	1
62.953000	131.570000	-8.670800	6.763100	1
62.968000	131.660000	-7.980800	6.762800	1
62.984000	131.750000	-7.980600	6.762800	1
62.999000	131.840000	-7.980900	6.762300	1
63.015000	131.930000	-7.976800	6.763100	1
63.030000	132.020000	-7.636800	6.762600	1
63.045000	132.110000	-7.640400	6.762800	1
63.060000	132.200000	-8.317100	6.762200	1
63.075000	132.290000	-7.636400	6.762900	1
63.090000	132.380000	-7.976400	6.762800	1
63.105000	132.480000	-7.980100	6.762700	1
63.120000	132.570000	-8.320300	6.762300	1
63.135000	132.660000	-7.636000	6.762800	1
63.149000	132.750000	-7.975800	6.762900	1
63.164000	132.840000	-7.635700	6.762800	1
63.179000	132.930000	-8.666100	6.762400	1
63.193000	133.030000	-7.285800	6.762400	1
64.686000	150.330000	-4.174300	6.763000	1
64.688000	150.430000	-4.864300	6.762800	1
64.690000	150.530000	-4.514200	6.762700	1
64.692000	150.640000	-3.830000	6.763200	1
64.694000	150.740000	-2.109900	6.763200	1
64.696000	150.840000	-1.763700	6.762700	1
64.698000	150.940000	-1.079700	6.763200	1
64.699000	151.050000	-3.139700	6.763400	1
64.701000	151.150000	-1.759900	6.762800	1
64.702000	151.250000	-2.450000	6.762700	1
64.704000	151.350000	-2.109600	6.763200	1
64.705000	151.460000	-3.140000	6.762800	1
64.706000	151.560000	-3.480300	6.762200	1
64.707000	151.660000	-2.446200	6.762600	1
64.708000	151.760000	-1.759600	6.762800	1
64.709000	151.870000	-0.733600	6.762100	1
64.710000	151.970000	-2.113100	6.762900	1
64.711000	152.070000	-1.419300	6.763300	1
64.712000	152.180000	-4.177300	6.762800	1
64.713000	152.280000	-3.487100	6.763300	1
64.713000	152.380000	-6.226100	6.763800	1
64.714000	152.480000	-3.830000	6.763100	1
64.714000	152.590000	-3.476400	6.762900	1
64.715000	152.690000	0.296540	6.763300	1
64.715000	152.790000	-1.424000	6.762500	1
62.893000	131.510000	-8.847900	7.521800	1
62.909000	131.600000	-7.477100	7.522700	1
62.924000	131.690000	-7.817300	7.522400	1
62.940000	131.790000	-8.507500	7.522400	1
62.955000	131.880000	-7.473700	7.521900	1
62.970000	131.970000	-8.511000	7.522700	1
62.986000	132.060000	-8.163700	7.522200	1
63.001000	132.150000	-7.477000	7.522400	1
63.016000	132.240000	-8.503700	7.521800	1
63.031000	132.330000	-8.166800	7.522400	1
63.046000	132.420000	-8.503100	7.522400	1
63.061000	132.510000	-8.503300	7.522300	1
63.076000	132.600000	-8.163100	7.521900	1
63.090000	132.690000	-7.472600	7.522400	1
63.105000	132.780000	-8.166200	7.522500	1
63.120000	132.880000	-7.812400	7.522500	1
63.134000	132.970000	-7.472400	7.522000	1
64.639000	150.340000	-2.634300	7.522600	1
64.641000	150.440000	-2.280500	7.522400	1
64.643000	150.540000	-4.000600	7.522400	1
64.645000	150.640000	-2.276300	7.522800	1
64.647000	150.740000	-1.940000	7.522900	1
64.649000	150.850000	-0.566340	7.522400	1
64.650000	150.950000	-0.566050	7.522900	1
64.652000	151.050000	-0.909650	7.523100	1
64.654000	151.150000	-1.936300	7.522500	1
64.655000	151.260000	-0.910000	7.522300	1
64.656000	151.360000	-2.279800	7.522900	1
64.658000	151.460000	-0.216110	7.522500	1
64.659000	151.560000	-3.316600	7.521900	1
64.660000	151.670000	-1.599900	7.522300	1
64.661000	151.770000	-1.932300	7.522500	1
64.662000	151.870000	-6.070700	7.521800	1
62.849000	131.550000	-7.790400	8.275200	1
62.865000	131.640000	-7.793800	8.276000	1
62.880000	131.730000	-7.790000	8.275800	1
62.896000	131.820000	-8.470200	8.275800	1
62.911000	131.910000	-7.790300	8.275300	1
62.926000	132.000000	-8.473800	8.276100	1
62.941000	132.090000	-8.473900	8.275600	1
62.957000	132.180000	-8.820000	8.275800	1
62.972000	132.270000	-8.130000	8.275200	1
62.987000	132.360000	-7.789500	8.275800	1
63.002000	132.460000	-7.099200	8.275800	1
63.016000	132.550000	-8.133100	8.275800	1
63.031000	132.640000	-7.443000	8.275300	1
63.046000	132.730000	-8.125400	8.275700	1
63.061000	132.820000	-8.469000	8.275900	1
63.075000	132.910000	-7.788800	8.275900	1
64.592000	150.340000	-1.576900	8.276100	1
64.594000	150.440000	-0.202920	8.275900	1
64.596000	150.550000	-2.953000	8.275800	1
64.598000	150.650000	-2.266400	8.276200	1
64.600000	150.750000	-2.262600	8.276300	1
64.602000	150.850000	-0.882650	8.275900	1
64.603000	150.950000	-1.916200	8.276300	1
64.605000	151.060000	-0.542200	8.276600	1
64.607000	151.160000	-2.602600	8.276100	1
64.608000	151.260000	-2.595200	8.275800	1
64.609000	151.360000	-2.602400	8.276300	1
64.611000	151.470000	-1.572500	8.276000	1
64.612000	151.570000	-1.572800	8.275400	1
64.613000	151.670000	-0.882490	8.275700	1
64.614000	151.770000	-5.360500	8.276000	1
64.615000	151.870000	-5.703500	8.275200	1
64.616000	151.980000	-2.266800	8.275900	1
64.617000	152.080000	-7.077500	8.276300	1
64.618000	152.180000	0.475630	8.275900	1
62.805000	131.590000	-8.731200	9.034100	1
62.820000	131.680000	-7.700300	9.034900	1
62.836000	131.770000	-8.394500	9.034700	1
62.851000	131.860000	-7.700400	9.034700	1
62.867000	131.950000	-8.387000	9.034200	1
62.882000	132.040000	-7.006200	9.035000	1
62.897000	132.130000	-7.696500	9.034600	1
62.912000	132.220000	-7.356100	9.034700	1
62.927000	132.310000	-8.040300	9.034100	1
62.942000	132.400000	-7.356100	9.034700	1
62.957000	132.490000	-7.692200	9.034800	1
62.972000	132.580000	-8.386000	9.034700	1
62.987000	132.670000	-7.359600	9.034200	1
63.001000	132.760000	-8.726000	9.034600	1
63.016000	132.850000	-8.725700	9.034900	1
63.031000	132.950000	-7.699100	9.034800	1
63.045000	133.040000	-8.721800	9.034400	1
63.060000	133.130000	-7.695200	9.034200	1
64.545000	150.350000	-5.278800	9.035100	1
64.547000	150.450000	-0.106880	9.034900	1
64.549000	150.550000	0.240760	9.034800	1
64.551000	150.650000	-1.469100	9.035200	1
64.553000	150.760000	-0.792690	9.035300	1
64.554000	150.860000	-1.476700	9.034900	1
64.556000	150.960000	-1.822900	9.035300	1
64.558000	151.060000	-3.185400	9.035600	1
64.559000	151.160000	-2.509400	9.035100	1
64.561000	151.270000	-1.469500	9.034800	1
64.562000	151.370000	-0.099261	9.035300	1
64.563000	151.470000	-2.513400	9.035000	1
64.564000	151.570000	-2.850100	9.034300	1
64.566000	151.670000	-4.224000	9.034700	1
62.761000	131.620000	-8.045900	9.788500	1
62.776000	131.710000	-7.695500	9.789200	1
62.791000	131.800000	-7.699200	9.789000	1
62.807000	131.890000	-9.416300	9.789000	1
62.822000	131.980000	-7.019300	9.788500	1
62.837000	132.070000	-7.695200	9.789300	1
62.852000	132.160000	-9.075800	9.788900	1
62.867000	132.250000	-9.075800	9.789100	1
62.883000	132.340000	-7.018800	9.788500	1
62.897000	132.430000	-8.045000	9.789000	1
62.912000	132.530000	-9.415400	9.789100	1
62.927000	132.620000	-8.742600	9.789000	1
62.942000	132.710000	-7.354700	9.788500	1
62.957000	132.800000	-9.418800	9.788900	1
62.971000	132.890000	-8.737700	9.789200	1
62.986000	132.980000	-8.047400	9.789100	1
63.000000	133.070000	-8.383800	9.788700	1
63.015000	133.160000	-8.043500	9.788600	1
64.499000	150.450000	-2.172200	9.789200	1
64.501000	150.560000	-1.142200	9.789200	1
64.503000	150.660000	-1.138500	9.789500	1
64.505000	150.760000	-1.482300	9.789700	1
64.507000	150.860000	-3.212800	9.789300	1
64.509000	150.960000	-1.832600	9.789700	1
64.510000	151.070000	-3.885200	9.790000	1
64.512000	151.170000	-3.213000	9.789500	1
64.513000	151.270000	-1.139200	9.789200	1
64.514000	151.370000	-2.523000	9.789800	1
64.516000	151.470000	-0.460510	9.789500	1
64.517000	151.580000	-2.867400	9.788700	1
64.518000	151.680000	-3.889900	9.789100	1
64.519000	151.780000	-5.271400	9.789400	1
64.520000	151.880000	-2.872700	9.788500	1
64.445000	150.160000	-5.570000	10.547000	1
64.448000	150.260000	-4.539800	10.547000	1
64.450000	150.360000	-5.568000	10.547000	1
64.452000	150.460000	-5.217900	10.547000	1
64.454000	150.560000	1.316700	10.547000	1
64.456000	150.660000	0.626870	10.547000	1
64.457000	150.770000	-0.735510	10.547000	1
64.459000	150.870000	-2.813400	10.547000	1
64.461000	150.970000	-2.459400	10.547000	1
64.462000	151.070000	-2.115400	10.548000	1
64.464000	151.170000	-2.108100	10.547000	1
64.465000	151.270000	-1.425700	10.547000	1
64.467000	151.380000	-4.518200	10.548000	1
64.468000	151.480000	-3.145600	10.547000	1
64.469000	151.580000	-5.900300	10.547000	1
64.470000	151.680000	-3.497200	10.547000	1
64.471000	151.780000	-2.451700	10.547000	1
64.472000	151.880000	-2.813300	10.546000	1
64.473000	151.990000	-4.179400	10.547000	1
64.404000	150.470000	-4.949500	11.300000	1
64.406000	150.570000	-3.586700	11.300000	1
64.408000	150.670000	-3.228900	11.300000	1
64.410000	150.770000	-2.198600	11.300000	1
64.411000	150.870000	-1.153500	11.300000	1
64.413000	150.970000	-2.191000	11.300000	1
64.415000	151.070000	-3.213400	11.300000	1
64.416000	151.180000	-4.257500	11.300000	1
64.418000	151.280000	-2.544900	11.300000	1
64.419000	151.380000	-5.295000	11.300000	1
64.420000	151.480000	-4.268700	11.300000	1
64.422000	151.580000	-3.571300	11.299000	1
64.423000	151.680000	-5.971700	11.300000	1
64.424000	151.790000	-6.669100	11.300000	1
64.425000	151.890000	-3.563700	11.299000	1
64.426000	151.990000	-5.623900	11.299000	1
64.426000	152.090000	-5.634900	11.300000	1
64.427000	152.190000	-4.601000	11.300000	1
64.428000	152.290000	-2.536700	11.300000	1
64.428000	152.390000	-3.906600	11.301000	1
64.429000	152.500000	-6.317200	11.300000	1
64.430000	152.600000	-3.922100	11.300000	1
64.430000	152.700000	-5.298400	11.301000	1
64.430000	152.800000	-5.975000	11.300000	1
64.431000	152.900000	-7.002200	11.299000	1
64.354000	150.370000	-4.339400	12.055000	1
64.356000	150.470000	-5.029400	12.055000	1
64.358000	150.570000	-6.399700	12.055000	1
64.360000	150.670000	-4.002700	12.055000	1
64.362000	150.780000	-0.898340	12.055000	1
64.363000	150.880000	0.475450	12.055000	1
64.365000	150.980000	-2.947200	12.055000	1
64.367000	151.080000	-3.637100	12.056000	1
64.368000	151.180000	-3.644700	12.055000	1
64.370000	151.280000	-3.297300	12.055000	1
64.371000	151.380000	-3.308400	12.055000	1
64.372000	151.480000	-3.640900	12.055000	1
64.373000	151.590000	-5.353900	12.054000	1
64.375000	151.690000	-5.357600	12.055000	1
64.301000	150.170000	-5.672900	12.815000	1
64.303000	150.280000	-2.232200	12.815000	1
64.305000	150.380000	-3.608300	12.816000	1
64.307000	150.480000	-4.989700	12.815000	1
64.309000	150.580000	-6.725400	12.815000	1
64.311000	150.680000	-4.993600	12.815000	1
64.313000	150.780000	-4.986100	12.816000	1
64.315000	150.880000	-3.612200	12.816000	1
64.316000	150.980000	-4.281000	12.816000	1
64.318000	151.080000	-5.668800	12.816000	1
64.319000	151.180000	-2.910800	12.816000	1
64.321000	151.290000	-0.850770	12.815000	1
64.322000	151.390000	-6.016700	12.816000	1
64.324000	151.490000	-6.710800	12.816000	1
64.325000	151.590000	-3.601500	12.815000	1
64.326000	151.690000	-3.941600	12.815000	1
64.327000	151.790000	-3.247800	12.816000	1
62.535000	131.800000	-7.811700	13.573000	1
64.201000	150.090000	-5.845800	14.326000	1
64.204000	150.190000	-5.501800	14.326000	1
64.206000	150.290000	-4.475300	14.326000	1
64.208000	150.390000	-2.754600	14.327000	1
64.210000	150.490000	-4.130900	14.326000	1
64.212000	150.590000	-7.558100	14.326000	1
64.214000	150.690000	-9.290700	14.326000	1
64.215000	150.790000	-5.157000	14.327000	1
64.217000	150.890000	-5.493400	14.327000	1
64.219000	150.990000	-3.765300	14.327000	1
64.220000	151.090000	-6.175800	14.327000	1
64.222000	151.190000	-4.795300	14.327000	1
64.223000	151.290000	-4.115400	14.327000	1
64.225000	151.390000	-7.546200	14.327000	1
64.226000	151.490000	-6.160500	14.327000	1
64.227000	151.600000	-5.485700	14.326000	1
64.228000	151.700000	-6.172200	14.326000	1
64.102000	150.100000	-8.693600	15.845000	1
64.105000	150.200000	-7.300300	15.845000	1
64.107000	150.300000	-6.613700	15.844000	1
64.109000	150.400000	-9.021100	15.845000	1
64.111000	150.500000	-8.322800	15.845000	1
64.113000	150.600000	-7.999000	15.845000	1
64.115000	150.700000	-5.919000	15.844000	1
64.116000	150.800000	-7.639500	15.845000	1
64.118000	150.900000	-6.945500	15.845000	1
64.120000	151.000000	-7.291900	15.845000	1
64.121000	151.100000	-7.291500	15.845000	1
64.123000	151.200000	-6.945100	15.845000	1
64.124000	151.300000	-7.972200	15.845000	1
64.126000	151.400000	-7.964600	15.845000	1
64.127000	151.500000	-7.628000	15.845000	1
64.128000	151.600000	-6.597400	15.845000	1
64.129000	151.700000	-6.930200	15.845000	1
64.130000	151.800000	-6.257100	15.845000	1
64.131000	151.900000	-7.287800	15.844000	1
64.132000	152.000000	-7.975500	15.844000	1
64.133000	152.100000	-6.600900	15.845000	1
64.134000	152.200000	-5.914600	15.845000	1
64.134000	152.300000	-6.945200	15.844000	1
64.135000	152.410000	-8.329500	15.845000	1
64.135000	152.510000	-7.635500	15.846000	1
64.136000	152.610000	-7.628200	15.845000	1
64.136000	152.710000	-4.891900	15.846000	1
64.137000	152.810000	-6.276400	15.846000	1
64.137000	152.910000	-6.949600	15.844000	1
64.137000	153.010000	-7.969100	15.845000	1
64.137000	153.110000	-7.296300	15.845000	1
64.137000	153.210000	-5.222000	15.844000	1
64.137000	153.310000	-7.293000	15.844000	1
64.137000	153.410000	-7.637000	15.845000	1
64.137000	153.510000	-7.629700	15.844000	1
64.136000	153.610000	-7.973500	15.846000	1
64.136000	153.710000	-7.976800	15.846000	1
64.136000	153.810000	-5.569000	15.844000	1
64.135000	153.910000	-6.266300	15.845000	1
64.135000	154.010000	-7.641400	15.846000	1
64.134000	154.110000	-6.936000	15.844000	1
64.133000	154.210000	-7.282300	15.845000	1
64.132000	154.310000	-6.595700	15.845000	1
64.032000	149.300000	-6.744500	16.599000	1
64.035000	149.400000	-7.767400	16.599000	1
64.038000	149.500000	-7.778400	16.599000	1
64.040000	149.600000	-7.771000	16.599000	1
64.043000	149.700000	-5.709900	16.599000	1
64.045000	149.800000	-7.094100	16.599000	1
64.048000	149.900000	-5.380700	16.599000	1
64.050000	150.000000	-7.445500	16.599000	1
64.053000	150.100000	-7.777800	16.599000	1
64.055000	150.200000	-8.829700	16.599000	1
64.057000	150.300000	-9.830800	16.598000	1
64.059000	150.400000	-7.763000	16.599000	1
64.061000	150.500000	-6.732600	16.599000	1
64.063000	150.600000	-8.815000	16.599000	1
64.065000	150.700000	-8.120900	16.599000	1
64.067000	150.800000	-7.763100	16.599000	1
64.068000	150.900000	-8.120900	16.599000	1
64.070000	151.000000	-7.766800	16.599000	1
64.071000	151.100000	-7.079000	16.600000	1
64.073000	151.200000	-7.423100	16.600000	1
64.074000	151.300000	-6.729100	16.599000	1
64.076000	151.400000	-7.755900	16.600000	1
64.077000	151.500000	-7.084400	16.600000	1
64.078000	151.600000	-7.084400	16.599000	1
64.079000	151.710000	-5.363800	16.599000	1
64.080000	151.810000	-5.699800	16.599000	1
64.081000	151.910000	-6.723000	16.599000	1
64.082000	152.010000	-7.757400	16.598000	1
64.083000	152.110000	-6.730200	16.599000	1
64.084000	152.210000	-5.695900	16.599000	1
64.085000	152.310000	-7.091600	16.599000	1
64.085000	152.410000	-7.431500	16.599000	1
64.086000	152.510000	-7.416700	16.600000	1
64.086000	152.610000	-7.757200	16.599000	1
64.086000	152.710000	-5.355800	16.600000	1
64.087000	152.810000	-7.416700	16.600000	1
63.990000	149.610000	-8.492100	17.364000	1
63.992000	149.710000	-7.827800	17.364000	1
63.995000	149.810000	-6.091600	17.364000	1
63.997000	149.910000	-7.487100	17.363000	1
64.000000	150.010000	-9.197400	17.364000	1
64.002000	150.110000	-7.805200	17.364000	1
64.004000	150.210000	-8.845600	17.364000	1
64.006000	150.310000	-9.196900	17.363000	1
64.008000	150.410000	-6.777500	17.364000	1
64.010000	150.510000	-6.418800	17.364000	1
64.012000	150.610000	-9.193100	17.364000	1
64.014000	150.710000	-8.845000	17.363000	1
64.016000	150.810000	-6.803200	17.364000	1
64.018000	150.910000	-6.433200	17.364000	1
64.019000	151.010000	-7.112300	17.364000	1
64.021000	151.110000	-6.769300	17.364000	1
64.022000	151.210000	-5.727300	17.364000	1
64.024000	151.310000	-7.108100	17.364000	1
64.025000	151.410000	-7.463300	17.364000	1
64.026000	151.510000	-7.455700	17.365000	1
64.027000	151.610000	-7.111900	17.364000	1
64.029000	151.710000	-6.776500	17.364000	1
64.030000	151.810000	-6.772900	17.364000	1
64.031000	151.910000	-7.127100	17.363000	1
64.031000	152.010000	-8.143200	17.363000	1
64.032000	152.110000	-6.758500	17.364000	1
64.033000	152.210000	-6.773600	17.364000	1
64.034000	152.310000	-5.747000	17.363000	1
64.034000	152.410000	-7.812000	17.364000	1
64.035000	152.510000	-8.491400	17.365000	1
64.035000	152.610000	-8.151300	17.364000	1
64.036000	152.710000	-7.453600	17.365000	1
64.036000	152.810000	-7.457200	17.365000	1
64.036000	152.910000	-8.849600	17.364000	1
64.036000	153.010000	-7.132300	17.364000	1
64.036000	153.110000	-8.155800	17.364000	1
64.037000	153.210000	-6.775300	17.363000	1
64.036000	153.310000	-5.744800	17.363000	1
64.036000	153.410000	-8.835900	17.364000	1
64.036000	153.510000	-8.493400	17.363000	1
64.036000	153.610000	-8.149100	17.365000	1
64.035000	153.710000	-8.145000	17.366000	1
64.035000	153.810000	-7.473500	17.364000	1
64.035000	153.910000	-7.466000	17.364000	1
63.944000	149.810000	-5.160000	18.124000	1
63.946000	149.910000	-6.895700	18.124000	1
63.949000	150.010000	-6.877300	18.124000	1
63.951000	150.110000	-7.582200	18.124000	1
63.953000	150.210000	-9.307600	18.124000	1
63.955000	150.310000	-7.911300	18.124000	1
63.957000	150.410000	-7.593100	18.124000	1
63.959000	150.510000	-8.590600	18.124000	1
63.961000	150.610000	-8.253700	18.124000	1
63.963000	150.710000	-8.601300	18.124000	1
63.965000	150.810000	-9.621000	18.124000	1
63.967000	150.910000	-6.536000	18.124000	1
63.968000	151.010000	-6.532000	18.124000	1
63.970000	151.110000	-5.841600	18.125000	1
63.971000	151.210000	-4.468300	18.125000	1
63.973000	151.310000	-5.512400	18.124000	1
63.974000	151.410000	-3.437900	18.125000	1
63.975000	151.510000	-6.542600	18.125000	1
63.976000	151.610000	-7.223000	18.124000	1
63.978000	151.710000	-6.188900	18.124000	1
63.979000	151.810000	-7.569600	18.125000	1
63.980000	151.910000	-8.249300	18.124000	1
63.981000	152.010000	-7.219300	18.124000	1
63.981000	152.110000	-8.252600	18.124000	1
63.982000	152.210000	-6.871500	18.124000	1