La	Lo	Sig	Theta	Ice
65.784000	150.460000	-6.482600	-18.183000	1
65.775000	150.570000	-5.451700	-18.184000	1
65.766000	150.670000	-6.121000	-18.182000	1
65.757000	150.770000	-6.489400	-18.183000	1
65.748000	150.880000	-5.105200	-18.183000	1
65.739000	150.980000	-5.101600	-18.183000	1
65.730000	151.090000	-5.451700	-18.183000	1
65.720000	151.190000	-5.791800	-18.183000	1
65.711000	151.300000	-6.485800	-18.183000	1
65.702000	151.400000	-6.478700	-18.183000	1
65.692000	151.510000	-6.139400	-18.183000	1
65.682000	151.610000	-5.463100	-18.182000	1
65.673000	151.710000	-5.792000	-18.183000	1
65.663000	151.820000	-6.833800	-18.183000	1
65.653000	151.920000	-7.181400	-18.183000	1
65.643000	152.030000	-6.493500	-18.183000	1
65.633000	152.130000	-8.218300	-18.183000	1
63.341000	166.630000	-6.494100	-18.181000	1
63.321000	166.720000	-6.838100	-18.181000	1
63.301000	166.800000	-9.260600	-18.182000	1
63.281000	166.890000	-10.280000	-18.181000	1
63.261000	166.980000	-9.940300	-18.181000	1
63.241000	167.060000	-9.256000	-18.181000	1
63.221000	167.150000	-7.530200	-18.181000	1
63.200000	167.240000	-6.491800	-18.181000	1
63.180000	167.320000	-4.792900	-18.182000	1
63.160000	167.410000	-5.823400	-18.181000	1
63.139000	167.500000	-3.736200	-18.181000	1
63.119000	167.580000	-4.090800	-18.182000	1
63.098000	167.670000	-6.497700	-18.181000	1
63.078000	167.750000	-6.841600	-18.181000	1
63.057000	167.840000	-7.535100	-18.181000	1
63.036000	167.920000	-7.523900	-18.181000	1
63.015000	168.010000	-7.534700	-18.181000	1
62.995000	168.100000	-9.256400	-18.181000	1
62.974000	168.180000	-7.541800	-18.181000	1
62.953000	168.270000	-7.191200	-18.181000	1
65.751000	150.230000	-6.080800	-17.425000	1
65.742000	150.340000	-5.733100	-17.425000	1
65.734000	150.440000	-6.073400	-17.425000	1
65.725000	150.550000	-5.035000	-17.426000	1
65.716000	150.650000	-6.073000	-17.425000	1
65.707000	150.750000	-5.378800	-17.425000	1
65.698000	150.860000	-5.046000	-17.426000	1
65.689000	150.960000	-5.728900	-17.425000	1
65.680000	151.070000	-4.352100	-17.425000	1
65.670000	151.170000	-5.729000	-17.425000	1
65.661000	151.280000	-4.695900	-17.425000	1
65.651000	151.380000	-6.076700	-17.425000	1
65.642000	151.480000	-5.732800	-17.425000	1
65.632000	151.590000	-5.393900	-17.425000	1
65.623000	151.690000	-6.413200	-17.426000	1
65.613000	151.800000	-6.767000	-17.425000	1
65.603000	151.900000	-5.744100	-17.425000	1
65.593000	152.000000	-4.699800	-17.425000	1
65.583000	152.110000	-5.740200	-17.425000	1
65.573000	152.210000	-8.495600	-17.425000	1
63.452000	165.880000	-9.536900	-17.424000	1
63.433000	165.970000	-8.506200	-17.424000	1
63.413000	166.060000	-6.094100	-17.424000	1
63.394000	166.150000	-5.418400	-17.424000	1
63.374000	166.230000	-4.372800	-17.424000	1
63.354000	166.320000	-4.047500	-17.424000	1
63.334000	166.410000	-4.719900	-17.424000	1
63.315000	166.500000	-4.723300	-17.424000	1
63.295000	166.580000	-6.115000	-17.424000	1
63.275000	166.670000	-6.107200	-17.424000	1
63.255000	166.760000	-9.564100	-17.424000	1
63.235000	166.840000	-9.187500	-17.424000	1
63.215000	166.930000	-7.462100	-17.423000	1
63.195000	167.020000	-9.881500	-17.424000	1
63.174000	167.100000	-8.159600	-17.423000	1
63.154000	167.190000	-8.148100	-17.424000	1
63.134000	167.280000	-7.124200	-17.424000	1
63.114000	167.360000	-3.682700	-17.424000	1
63.093000	167.450000	-2.991000	-17.424000	1
63.073000	167.530000	-4.020800	-17.424000	1
63.052000	167.620000	-5.752200	-17.424000	1
63.032000	167.710000	-7.451900	-17.424000	1
63.011000	167.790000	-7.454900	-17.424000	1
62.990000	167.880000	-7.118400	-17.424000	1
62.969000	167.960000	-8.506300	-17.423000	1
62.949000	168.050000	-9.182900	-17.424000	1
62.928000	168.130000	-8.170600	-17.423000	1
62.907000	168.220000	-6.799500	-17.423000	1
65.709000	150.110000	-6.736200	-16.662000	1
65.701000	150.210000	-5.694200	-16.663000	1
65.692000	150.320000	-4.331100	-16.662000	1
65.683000	150.420000	-5.690300	-16.662000	1
65.675000	150.530000	-5.003300	-16.663000	1
65.666000	150.630000	-6.044000	-16.662000	1
65.657000	150.730000	-5.007400	-16.662000	1
65.648000	150.840000	-5.693600	-16.663000	1
65.639000	150.940000	-4.667100	-16.662000	1
65.629000	151.050000	-5.349900	-16.662000	1
65.620000	151.150000	-5.010900	-16.663000	1
65.611000	151.250000	-5.357300	-16.663000	1
65.602000	151.360000	-6.387900	-16.662000	1
65.592000	151.460000	-5.697400	-16.663000	1
65.582000	151.570000	-5.361400	-16.662000	1
65.573000	151.670000	-5.003600	-16.663000	1
65.563000	151.770000	-7.074500	-16.663000	1
63.425000	165.750000	-8.819700	-16.661000	1
63.406000	165.840000	-6.755600	-16.661000	1
63.386000	165.920000	-8.135700	-16.661000	1
63.367000	166.010000	-5.395300	-16.661000	1
63.347000	166.100000	-8.131400	-16.661000	1
63.327000	166.190000	-8.135300	-16.661000	1
63.308000	166.280000	-6.421400	-16.661000	1
63.288000	166.360000	-6.749900	-16.661000	1
63.268000	166.450000	-8.459600	-16.661000	1
63.248000	166.540000	-9.486800	-16.661000	1
63.229000	166.620000	-9.501000	-16.661000	1
63.209000	166.710000	-6.401300	-16.661000	1
63.189000	166.800000	-9.493000	-16.661000	1
63.169000	166.880000	-9.164000	-16.661000	1
63.148000	166.970000	-9.148300	-16.661000	1
63.128000	167.060000	-8.461600	-16.661000	1
63.108000	167.140000	-7.082700	-16.661000	1
63.088000	167.230000	-3.312000	-16.661000	1
63.068000	167.320000	-6.399000	-16.661000	1
63.047000	167.400000	-4.330400	-16.661000	1
63.027000	167.490000	-5.360400	-16.661000	1
63.006000	167.570000	-5.371500	-16.661000	1
62.986000	167.660000	-6.393900	-16.661000	1
62.965000	167.740000	-7.431900	-16.661000	1
62.944000	167.830000	-8.812700	-16.661000	1
62.924000	167.910000	-7.427700	-16.661000	1
62.903000	168.000000	-9.156400	-16.661000	1
65.660000	150.090000	-5.221000	-15.904000	1
65.651000	150.190000	-6.947600	-15.905000	1
65.643000	150.300000	-4.869200	-15.904000	1
65.634000	150.400000	-3.846200	-15.904000	1
65.625000	150.510000	-3.509400	-15.905000	1
65.616000	150.610000	-5.209000	-15.904000	1
65.607000	150.710000	-5.902800	-15.904000	1
65.598000	150.820000	-5.902600	-15.905000	1
65.589000	150.920000	-4.876100	-15.904000	1
65.580000	151.030000	-5.906500	-15.904000	1
65.571000	151.130000	-5.555000	-15.905000	1
65.562000	151.230000	-4.185800	-15.905000	1
65.552000	151.340000	-4.872400	-15.904000	1
65.543000	151.440000	-6.260200	-15.905000	1
65.533000	151.540000	-5.562800	-15.904000	1
65.524000	151.650000	-6.252900	-15.905000	1
65.514000	151.750000	-5.581400	-15.905000	1
65.504000	151.850000	-5.910300	-15.904000	1
65.494000	151.960000	-7.287300	-15.905000	1
65.484000	152.060000	-5.925200	-15.904000	1
65.474000	152.160000	-7.648600	-15.904000	1
63.083000	167.010000	-9.373000	-15.903000	1
63.063000	167.100000	-6.971800	-15.903000	1
63.042000	167.180000	-5.233100	-15.903000	1
63.022000	167.270000	-5.579300	-15.903000	1
63.002000	167.360000	-4.881400	-15.903000	1
62.981000	167.440000	-5.224900	-15.903000	1
62.961000	167.530000	-6.268700	-15.903000	1
62.940000	167.610000	-6.608600	-15.903000	1
62.920000	167.700000	-6.271900	-15.903000	1
62.899000	167.780000	-7.309900	-15.903000	1
62.878000	167.870000	-7.648400	-15.903000	1
62.858000	167.950000	-8.328400	-15.903000	1
62.837000	168.040000	-7.324000	-15.903000	1
62.816000	168.120000	-5.931800	-15.903000	1
65.602000	150.170000	-5.140300	-15.148000	1
65.594000	150.280000	-4.453800	-15.148000	1
65.585000	150.380000	-4.458700	-15.148000	1
65.576000	150.490000	-4.464500	-15.149000	1
65.567000	150.590000	-6.182800	-15.148000	1
65.558000	150.690000	-4.801000	-15.148000	1
65.549000	150.800000	-5.141000	-15.149000	1
65.540000	150.900000	-6.869100	-15.148000	1
65.531000	151.000000	-5.842300	-15.148000	1
65.522000	151.110000	-5.492200	-15.148000	1
65.513000	151.210000	-5.835000	-15.148000	1
65.503000	151.320000	-4.122000	-15.148000	1
65.494000	151.420000	-5.144700	-15.149000	1
65.484000	151.520000	-6.186500	-15.148000	1
65.475000	151.630000	-6.179000	-15.149000	1
65.465000	151.730000	-4.458300	-15.149000	1
65.455000	151.830000	-5.503800	-15.148000	1
65.445000	151.940000	-7.574700	-15.148000	1
65.436000	152.040000	-4.462100	-15.148000	1
65.426000	152.140000	-5.838800	-15.148000	1
65.415000	152.240000	-4.122000	-15.148000	1
65.405000	152.350000	-3.435500	-15.148000	1
65.395000	152.450000	-4.812300	-15.148000	1
65.385000	152.550000	-6.880500	-15.148000	1
65.375000	152.650000	-7.217000	-15.148000	1
65.364000	152.760000	-6.529100	-15.149000	1
65.354000	152.860000	-7.567100	-15.148000	1
63.314000	165.750000	-7.577800	-15.147000	1
63.295000	165.840000	-9.302700	-15.147000	1
63.275000	165.920000	-9.298600	-15.147000	1
63.256000	166.010000	-8.962700	-15.147000	1
63.236000	166.100000	-8.276000	-15.147000	1
63.217000	166.190000	-8.951600	-15.147000	1
63.197000	166.270000	-8.603500	-15.147000	1
63.177000	166.360000	-8.260400	-15.147000	1
63.157000	166.450000	-7.225700	-15.147000	1
63.138000	166.530000	-8.602400	-15.147000	1
63.118000	166.620000	-8.270800	-15.147000	1
63.098000	166.710000	-5.511700	-15.147000	1
63.078000	166.790000	-7.593300	-15.147000	1
63.058000	166.880000	-5.503500	-15.147000	1
63.038000	166.970000	-6.197100	-15.147000	1
63.018000	167.050000	-5.856600	-15.147000	1
62.997000	167.140000	-4.135500	-15.147000	1
62.977000	167.220000	-4.818000	-15.147000	1
62.957000	167.310000	-6.542200	-15.147000	1
62.936000	167.390000	-5.497600	-15.147000	1
62.916000	167.480000	-5.161000	-15.147000	1
62.895000	167.570000	-5.160800	-15.147000	1
62.875000	167.650000	-6.537300	-15.147000	1
62.854000	167.740000	-6.880800	-15.147000	1
62.834000	167.820000	-7.911300	-15.147000	1
62.813000	167.910000	-8.612700	-15.147000	1
62.792000	167.990000	-6.186100	-15.147000	1
65.588000	149.740000	-8.552000	-14.394000	1
65.579000	149.840000	-7.509900	-14.394000	1
65.571000	149.950000	-4.414600	-14.395000	1
65.562000	150.050000	-5.792500	-14.394000	1
65.554000	150.150000	-4.758000	-14.394000	1
65.545000	150.260000	-4.757900	-14.394000	1
65.536000	150.360000	-3.383700	-14.394000	1
65.528000	150.470000	-5.454900	-14.395000	1
65.519000	150.570000	-5.107500	-14.394000	1
65.510000	150.670000	-3.723300	-14.394000	1
65.501000	150.780000	-6.133800	-14.395000	1
65.492000	150.880000	-6.481400	-14.394000	1
65.483000	150.980000	-6.473900	-14.394000	1
65.474000	151.090000	-4.073300	-14.394000	1
65.464000	151.190000	-6.133800	-14.394000	1
65.455000	151.290000	-4.077000	-14.394000	1
65.446000	151.400000	-3.726900	-14.394000	1
65.436000	151.500000	-5.787600	-14.394000	1
65.426000	151.600000	-5.783800	-14.394000	1
65.417000	151.710000	-6.148900	-14.395000	1
65.407000	151.810000	-5.462500	-14.394000	1
65.397000	151.910000	-3.061800	-14.394000	1
65.387000	152.020000	-4.757300	-14.394000	1
65.377000	152.120000	-3.741900	-14.394000	1
65.367000	152.220000	-7.527100	-14.394000	1
65.357000	152.320000	-4.760900	-14.394000	1
65.347000	152.430000	-5.111100	-14.394000	1
65.337000	152.530000	-6.835600	-14.394000	1
65.326000	152.630000	-6.481800	-14.394000	1
63.327000	165.440000	-7.191000	-14.393000	1
63.308000	165.530000	-4.779800	-14.393000	1
63.288000	165.620000	-9.957700	-14.393000	1
63.269000	165.700000	-9.941900	-14.393000	1
63.250000	165.790000	-10.278000	-14.393000	1
63.230000	165.880000	-10.640000	-14.393000	1
63.211000	165.970000	-8.564500	-14.393000	1
63.191000	166.050000	-8.552700	-14.393000	1
63.172000	166.140000	-9.246500	-14.393000	1
63.152000	166.230000	-10.285000	-14.393000	1
63.132000	166.320000	-9.596300	-14.393000	1
63.113000	166.400000	-9.932600	-14.393000	1
63.093000	166.490000	-8.555100	-14.393000	1
63.073000	166.580000	-7.885500	-14.393000	1
62.984000	166.490000	-6.994100	-12.876000	1
62.964000	166.570000	-6.665100	-12.876000	1
62.944000	166.660000	-4.242800	-12.876000	1
62.924000	166.750000	-3.212100	-12.876000	1
62.904000	166.830000	-3.913300	-12.876000	1
62.884000	166.920000	-3.573000	-12.876000	1
62.864000	167.000000	-4.583900	-12.876000	1
62.843000	167.090000	-4.598700	-12.876000	1
62.823000	167.170000	-4.240800	-12.876000	1
62.803000	167.260000	-6.304700	-12.876000	1
62.783000	167.340000	-6.646900	-12.876000	1
62.762000	167.430000	-7.684800	-12.876000	1
62.742000	167.510000	-7.688000	-12.876000	1
62.721000	167.600000	-7.351400	-12.876000	1
62.701000	167.680000	-5.630600	-12.876000	1
62.680000	167.770000	-5.634000	-12.876000	1
62.659000	167.850000	-6.306500	-12.876000	1
65.426000	149.890000	-6.646900	-12.118000	1
65.417000	149.990000	-6.314200	-12.117000	1
65.409000	150.100000	-4.935900	-12.117000	1
65.400000	150.200000	-3.909200	-12.117000	1
65.392000	150.310000	-4.241900	-12.117000	1
65.383000	150.410000	-5.965300	-12.118000	1
65.374000	150.510000	-5.969400	-12.117000	1
65.365000	150.620000	-5.969300	-12.117000	1
65.356000	150.720000	-5.969000	-12.118000	1
65.347000	150.820000	-4.935200	-12.117000	1
65.338000	150.920000	-4.585100	-12.117000	1
65.329000	151.030000	-4.584900	-12.117000	1
65.320000	151.130000	-4.581100	-12.117000	1
65.310000	151.230000	-4.938700	-12.117000	1
65.301000	151.340000	-3.554500	-12.117000	1
65.292000	151.440000	-4.245000	-12.117000	1
65.282000	151.540000	-3.908500	-12.117000	1
65.272000	151.640000	-4.942500	-12.118000	1
65.263000	151.750000	-3.218800	-12.117000	1
65.253000	151.850000	-4.245200	-12.117000	1
65.243000	151.950000	-6.653500	-12.117000	1
65.233000	152.050000	-6.649800	-12.117000	1
65.353000	150.180000	-4.194100	-11.364000	1
65.344000	150.290000	-5.564500	-11.363000	1
65.336000	150.390000	-6.253900	-11.364000	1
65.327000	150.490000	-5.224000	-11.363000	1
65.318000	150.600000	-4.190000	-11.363000	1
65.309000	150.700000	-5.907500	-11.364000	1
65.300000	150.800000	-3.847300	-11.364000	1
65.291000	150.900000	-5.563800	-11.363000	1
65.282000	151.010000	-3.843300	-11.364000	1
65.273000	151.110000	-4.189600	-11.364000	1
65.263000	151.210000	-5.219800	-11.364000	1
65.254000	151.310000	-4.529500	-11.364000	1
65.244000	151.420000	-4.873600	-11.363000	1
65.235000	151.520000	-3.839500	-11.364000	1
65.225000	151.620000	-1.440100	-11.364000	1
65.216000	151.720000	-1.444100	-11.363000	1
65.206000	151.830000	-5.897100	-11.364000	1
65.196000	151.930000	-6.598600	-11.364000	1
65.186000	152.030000	-7.625100	-11.364000	1
65.305000	150.160000	-4.578000	-10.603000	1
65.297000	150.270000	-5.250700	-10.602000	1
65.288000	150.370000	-5.607600	-10.604000	1
65.279000	150.470000	-5.603900	-10.603000	1
65.270000	150.580000	-4.909900	-10.603000	1
65.261000	150.680000	-2.499100	-10.603000	1
65.252000	150.780000	-2.170500	-10.603000	1
65.243000	150.880000	-2.853000	-10.603000	1
65.234000	150.990000	-5.249500	-10.603000	1
65.225000	151.090000	-4.573200	-10.603000	1
65.216000	151.190000	-4.227000	-10.603000	1
65.206000	151.290000	-5.260700	-10.603000	1
65.197000	151.400000	-4.227000	-10.603000	1
65.187000	151.500000	-3.529200	-10.603000	1
65.178000	151.600000	-5.599400	-10.603000	1
65.168000	151.700000	-4.576800	-10.603000	1
65.158000	151.800000	-4.226600	-10.603000	1
65.149000	151.910000	-6.629700	-10.603000	1
65.139000	152.010000	-6.973400	-10.603000	1
65.129000	152.110000	-7.663900	-10.602000	1
65.119000	152.210000	-4.230300	-10.603000	1
65.109000	152.310000	-2.513900	-10.603000	1
65.098000	152.410000	-2.514000	-10.603000	1
65.088000	152.520000	-1.143900	-10.603000	1
65.078000	152.620000	-1.837700	-10.603000	1
65.067000	152.720000	-5.264400	-10.603000	1
65.057000	152.820000	-7.675300	-10.603000	1
62.832000	166.440000	-8.005000	-10.602000	1
62.812000	166.530000	-5.955300	-10.602000	1
62.792000	166.610000	-5.264800	-10.602000	1
62.772000	166.700000	-2.177900	-10.602000	1
62.752000	166.780000	-2.856400	-10.601000	1
62.732000	166.870000	-2.867100	-10.602000	1
62.712000	166.960000	-3.203100	-10.602000	1
62.692000	167.040000	-4.583100	-10.602000	1
62.672000	167.130000	-5.952900	-10.602000	1
62.651000	167.210000	-5.620100	-10.602000	1
62.631000	167.300000	-5.266000	-10.602000	1
62.611000	167.380000	-4.239300	-10.602000	1
62.590000	167.460000	-6.299400	-10.602000	1
62.570000	167.550000	-6.299100	-10.602000	1
62.549000	167.630000	-6.645100	-10.602000	1
65.258000	150.150000	-6.964500	-9.846900	1
65.250000	150.250000	-5.576800	-9.846000	1
65.241000	150.350000	-3.852000	-9.847500	1
65.232000	150.450000	-3.175800	-9.846600	1
65.223000	150.560000	-2.489400	-9.846300	1
65.214000	150.660000	-3.851500	-9.847100	1
65.205000	150.760000	-1.108900	-9.846600	1
65.196000	150.860000	-3.515300	-9.846600	1
65.187000	150.970000	-4.891700	-9.846600	1
65.178000	151.070000	-3.851400	-9.846800	1
65.169000	151.170000	-4.545300	-9.846700	1
65.159000	151.270000	-3.515100	-9.847000	1
65.150000	151.380000	-4.549200	-9.846400	1
65.140000	151.480000	-3.518800	-9.846700	1
65.131000	151.580000	-4.545000	-9.847300	1
65.121000	151.680000	-4.895200	-9.846600	1
65.111000	151.780000	-3.855000	-9.846700	1
65.102000	151.890000	-1.454700	-9.846600	1
65.092000	151.990000	-0.772020	-9.846900	1
65.082000	152.090000	-6.613100	-9.846100	1
65.072000	152.190000	-5.571400	-9.846700	1
65.062000	152.290000	-3.178600	-9.846600	1
65.052000	152.390000	-4.552600	-9.846700	1
65.041000	152.490000	-5.239100	-9.846400	1
62.729000	166.660000	-6.280900	-9.845300	1
62.709000	166.740000	-5.246600	-9.845100	1
62.689000	166.830000	-4.215800	-9.845900	1
62.669000	166.910000	-3.865400	-9.845700	1
62.648000	167.000000	-5.585200	-9.845500	1
62.628000	167.080000	-5.946100	-9.845900	1
62.608000	167.170000	-5.259600	-9.845800	1
62.588000	167.250000	-2.501300	-9.845800	1
62.567000	167.340000	-4.561400	-9.845700	1
62.547000	167.420000	-5.595000	-9.845800	1
62.526000	167.500000	-4.910900	-9.845500	1
62.506000	167.590000	-5.940800	-9.845500	1
62.485000	167.670000	-6.628300	-9.845500	1
62.465000	167.760000	-6.284300	-9.845200	1
62.444000	167.840000	-6.287900	-9.845100	1
62.423000	167.920000	-6.283800	-9.845100	1
65.203000	150.230000	-5.599500	-9.091600	1
65.194000	150.330000	-4.568500	-9.093000	1
65.185000	150.440000	-4.908700	-9.092200	1
65.176000	150.540000	-3.874900	-9.091900	1
65.168000	150.640000	-2.508000	-9.092700	1
65.159000	150.740000	-3.878300	-9.092300	1
65.150000	150.840000	-5.598600	-9.092200	1
65.140000	150.950000	-2.157900	-9.092200	1
65.131000	151.050000	-3.878000	-9.092300	1
65.122000	151.150000	-3.187800	-9.092300	1
65.113000	151.250000	-4.217800	-9.092600	1
65.103000	151.360000	-3.187900	-9.092000	1
65.094000	151.460000	-3.537800	-9.092300	1
65.084000	151.560000	-3.874000	-9.092900	1
65.075000	151.660000	-4.908300	-9.092200	1
65.065000	151.760000	-4.564500	-9.092300	1
65.055000	151.860000	-4.904600	-9.092200	1
65.045000	151.970000	-2.844300	-9.092500	1
65.035000	152.070000	-3.534800	-9.091700	1
65.025000	152.170000	-4.572300	-9.092300	1
65.015000	152.270000	-2.169600	-9.092200	1
65.005000	152.370000	-6.292600	-9.092300	1
64.995000	152.470000	-5.942800	-9.092000	1
64.985000	152.570000	-5.266200	-9.092400	1
64.974000	152.670000	-5.946200	-9.092700	1
64.964000	152.770000	-4.576300	-9.092200	1
64.953000	152.870000	-2.856200	-9.092200	1
64.943000	152.980000	-3.546100	-9.092600	1
62.804000	166.100000	-6.656300	-9.091500	1
62.784000	166.190000	-3.200600	-9.091100	1
62.765000	166.270000	-3.565100	-9.091500	1
62.745000	166.360000	-4.594900	-9.091500	1
62.725000	166.440000	-4.594400	-9.091000	1
62.705000	166.530000	-6.646800	-9.091300	1
62.685000	166.610000	-4.232500	-9.091000	1
62.665000	166.700000	-4.922400	-9.090700	1
62.646000	166.780000	-3.551500	-9.091500	1
62.625000	166.870000	-4.921500	-9.091300	1
62.605000	166.950000	-3.891100	-9.091100	1
62.585000	167.040000	-4.230700	-9.091500	1
62.565000	167.120000	-3.211600	-9.091500	1
62.545000	167.210000	-4.230200	-9.091400	1
62.524000	167.290000	-5.273900	-9.091300	1
62.504000	167.380000	-5.273500	-9.091500	1
62.484000	167.460000	-4.923200	-9.091100	1
62.463000	167.540000	-4.919200	-9.091100	1
62.443000	167.630000	-5.952800	-9.091200	1
62.422000	167.710000	-5.956500	-9.090800	1
62.401000	167.800000	-4.582300	-9.090700	1
62.381000	167.880000	-5.268400	-9.090800	1
62.360000	167.960000	-5.612200	-9.090500	1
62.339000	168.050000	-6.302000	-9.090300	1
65.130000	150.520000	-4.329400	-8.335500	1
65.121000	150.620000	-4.332600	-8.336400	1
65.112000	150.720000	-5.359000	-8.335900	1
65.103000	150.830000	-3.985100	-8.335900	1
65.094000	150.930000	-3.638700	-8.335800	1
65.085000	151.030000	-3.638500	-8.336000	1
65.075000	151.130000	-3.294700	-8.335900	1
65.066000	151.230000	-4.328400	-8.336300	1
65.057000	151.330000	-2.958500	-8.335800	1
65.047000	151.440000	-1.578300	-8.335900	1
65.038000	151.540000	-3.298100	-8.336500	1
65.028000	151.640000	-3.992400	-8.335900	1
65.018000	151.740000	-4.328700	-8.336000	1
65.009000	151.840000	-3.298700	-8.335900	1
64.999000	151.940000	-3.985000	-8.336200	1
64.989000	152.040000	-1.242700	-8.335400	1
64.979000	152.150000	-1.578700	-8.336000	1
64.969000	152.250000	-4.325300	-8.335900	1
64.959000	152.350000	-6.735800	-8.335900	1
64.948000	152.450000	-5.026800	-8.335700	1
64.938000	152.550000	-2.973900	-8.336000	1
62.741000	166.140000	-4.014700	-8.334800	1
62.721000	166.230000	-3.660400	-8.335200	1
62.702000	166.310000	-2.622500	-8.335200	1
62.682000	166.400000	-2.626100	-8.334700	1
62.662000	166.490000	-5.035900	-8.335100	1
62.642000	166.570000	-2.285400	-8.334700	1
62.622000	166.660000	-5.368200	-8.334400	1
62.602000	166.740000	-4.341100	-8.335200	1
62.582000	166.830000	-2.974500	-8.335000	1
62.562000	166.910000	-5.724600	-8.334800	1
62.542000	167.000000	-4.344000	-8.335200	1
62.522000	167.080000	-3.657300	-8.335200	1
62.502000	167.160000	-4.687100	-8.335200	1
62.482000	167.250000	-5.727100	-8.335000	1
62.461000	167.330000	-5.719200	-8.335200	1
62.441000	167.420000	-5.726600	-8.334900	1
62.420000	167.500000	-4.682400	-8.334800	1
65.074000	150.600000	-4.028700	-7.579700	1
65.065000	150.700000	-3.356200	-7.579300	1
65.056000	150.810000	-4.722500	-7.579200	1
65.047000	150.910000	-2.662200	-7.579100	1
65.038000	151.010000	-4.382200	-7.579300	1
65.029000	151.110000	-1.631900	-7.579300	1
65.020000	151.210000	-1.631700	-7.579600	1
65.010000	151.310000	-1.631900	-7.579100	1
65.001000	151.420000	-2.665600	-7.579200	1
64.991000	151.520000	-3.351700	-7.579900	1
64.982000	151.620000	-3.689300	-7.579300	1
64.972000	151.720000	-4.383000	-7.579300	1
64.962000	151.820000	-4.386700	-7.579200	1
64.952000	151.920000	-3.352700	-7.579600	1
64.942000	152.020000	-5.063200	-7.578800	1
62.853000	165.410000	-7.485300	-7.578400	1
62.834000	165.500000	-5.768400	-7.578600	1
62.814000	165.580000	-7.488200	-7.578200	1
62.795000	165.670000	-5.085000	-7.578300	1
62.776000	165.760000	-5.778500	-7.578600	1
62.756000	165.840000	-5.778500	-7.578100	1
62.737000	165.930000	-6.124400	-7.578400	1
62.718000	166.010000	-4.407600	-7.578700	1
62.698000	166.100000	-2.001000	-7.578200	1
62.678000	166.190000	-6.119700	-7.578600	1
62.659000	166.270000	-7.504600	-7.578600	1
62.639000	166.360000	-6.463100	-7.578100	1
62.619000	166.440000	-5.761300	-7.578500	1
62.599000	166.530000	-3.704600	-7.578100	1
62.580000	166.610000	-4.044500	-7.577800	1
62.560000	166.700000	-3.363800	-7.578500	1
62.540000	166.780000	-3.363500	-7.578400	1
62.520000	166.870000	-5.077200	-7.578200	1
62.499000	166.950000	-2.680300	-7.578500	1
62.479000	167.040000	-4.740200	-7.578500	1
62.459000	167.120000	-5.076200	-7.578600	1
62.439000	167.210000	-4.045800	-7.578400	1
62.419000	167.290000	-3.705400	-7.578600	1
62.398000	167.370000	-4.391600	-7.578300	1
62.378000	167.460000	-5.765300	-7.578200	1
62.357000	167.540000	-5.074800	-7.578300	1
62.337000	167.620000	-5.428500	-7.577900	1
62.316000	167.710000	-5.074600	-7.577800	1
62.295000	167.790000	-5.779400	-7.577900	1
62.275000	167.880000	-8.869900	-7.577600	1
62.254000	167.960000	-6.809300	-7.577300	1
62.233000	168.040000	-8.189200	-7.577700	1
65.028000	150.580000	-4.751600	-6.825300	1
65.019000	150.680000	-3.725200	-6.824900	1
65.010000	150.790000	-4.401500	-6.824900	1
65.001000	150.890000	-2.681300	-6.824800	1
64.992000	150.990000	-3.721300	-6.824900	1
64.983000	151.090000	-0.624740	-6.824900	1
64.973000	151.190000	0.749230	-6.825200	1
64.964000	151.290000	-2.341100	-6.824800	1
64.955000	151.400000	-2.341000	-6.824800	1
64.945000	151.500000	-2.680600	-6.825500	1
64.935000	151.600000	-3.370800	-6.825000	1
64.926000	151.700000	-3.720800	-6.824900	1
64.916000	151.800000	-3.030700	-6.824900	1
64.906000	151.900000	-3.720500	-6.825300	1
64.896000	152.000000	-4.751000	-6.824400	1
64.886000	152.100000	-3.030600	-6.824900	1
64.876000	152.200000	-4.064500	-6.824800	1
64.866000	152.300000	-4.400800	-6.824900	1
64.856000	152.400000	-0.620670	-6.824700	1
64.846000	152.500000	-1.654300	-6.824900	1
64.836000	152.610000	-2.347900	-6.825300	1
64.825000	152.710000	-1.654400	-6.824900	1
64.815000	152.810000	-1.314500	-6.824800	1
64.804000	152.910000	-3.378100	-6.825200	1
64.794000	153.010000	-4.064500	-6.824900	1
64.783000	153.110000	-6.490000	-6.824300	1
64.772000	153.210000	-2.695100	-6.825500	1
64.272000	157.230000	-4.770200	-6.824900	1
64.258000	157.320000	-6.483400	-6.824600	1
64.245000	157.420000	-4.069400	-6.824600	1
64.231000	157.510000	-9.925500	-6.824900	1
64.217000	157.610000	-9.585900	-6.824500	1
64.203000	157.710000	-6.831300	-6.825000	1
64.189000	157.800000	-7.869500	-6.824500	1
64.175000	157.900000	-9.933900	-6.824900	1
64.161000	157.990000	-6.145600	-6.824900	1
64.147000	158.090000	-4.434600	-6.824800	1
64.133000	158.180000	-4.098400	-6.824600	1
62.376000	167.250000	-4.413300	-6.824300	1
62.356000	167.330000	-5.099500	-6.824000	1
62.335000	167.410000	-4.763000	-6.823900	1
62.315000	167.500000	-6.486500	-6.824100	1
62.294000	167.580000	-5.102600	-6.823600	1
62.274000	167.660000	-6.143700	-6.823500	1
62.253000	167.750000	-5.105800	-6.823600	1
62.232000	167.830000	-6.833400	-6.823300	1
62.212000	167.910000	-4.090400	-6.823000	1
62.191000	168.000000	-3.746100	-6.823400	1
65.017000	150.160000	-5.214900	-6.069500	1
65.008000	150.260000	-4.860300	-6.070800	1
65.000000	150.360000	-4.864000	-6.070300	1
64.991000	150.460000	-4.860400	-6.069700	1
64.982000	150.560000	-2.803300	-6.070500	1
64.973000	150.670000	-2.803400	-6.070200	1
64.964000	150.770000	-3.139700	-6.070200	1
64.955000	150.870000	-2.109600	-6.070000	1
64.946000	150.970000	-3.493200	-6.070200	1
64.937000	151.070000	0.640730	-6.070100	1
64.927000	151.170000	1.320900	-6.070400	1
64.918000	151.270000	-2.803100	-6.070100	1
64.909000	151.370000	-3.139300	-6.070100	1
64.899000	151.480000	-0.742360	-6.070700	1
64.889000	151.580000	-3.489100	-6.070300	1
64.880000	151.680000	-4.522800	-6.070200	1
64.870000	151.780000	-5.892900	-6.070100	1
62.554000	166.270000	-4.878700	-6.069100	1
62.534000	166.360000	-2.474300	-6.069500	1
62.514000	166.440000	-4.190600	-6.069200	1
62.494000	166.530000	-3.844200	-6.068700	1
62.474000	166.610000	-3.503500	-6.069400	1
62.455000	166.700000	-4.533300	-6.069400	1
62.434000	166.780000	-2.126600	-6.069200	1
62.414000	166.870000	-4.192600	-6.069500	1
62.394000	166.950000	-5.222400	-6.069500	1
62.374000	167.040000	-5.562100	-6.069600	1
62.354000	167.120000	-3.841800	-6.069400	1
62.334000	167.200000	-4.531400	-6.069700	1
62.313000	167.290000	-3.497500	-6.069400	1
62.293000	167.370000	-5.561200	-6.069200	1
62.273000	167.450000	-4.194300	-6.069400	1
62.252000	167.540000	-4.534400	-6.068900	1
62.232000	167.620000	-5.908100	-6.068800	1
62.211000	167.700000	-1.451000	-6.068900	1
62.190000	167.790000	-1.790900	-6.068600	1
62.170000	167.870000	-4.537400	-6.068300	1
62.149000	167.950000	-4.880600	-6.068700	1
62.128000	168.040000	-5.570700	-6.068300	1
65.013000	149.630000	-2.305300	-5.314900	1
65.005000	149.730000	-4.021000	-5.315900	1
64.996000	149.830000	-4.707600	-5.315200	1
64.988000	149.930000	-3.670800	-5.315200	1
64.979000	150.040000	-4.710500	-5.315400	1
64.971000	150.140000	-4.017200	-5.314400	1
64.962000	150.240000	-4.016200	-5.315700	1
64.953000	150.340000	-2.986200	-5.315300	1
64.945000	150.440000	-0.926300	-5.314600	1
64.936000	150.540000	-2.982100	-5.315400	1
64.927000	150.650000	-1.955700	-5.315100	1
64.918000	150.750000	-2.985800	-5.315100	1
64.909000	150.850000	-2.982200	-5.314900	1
64.900000	150.950000	-2.985600	-5.315100	1
64.891000	151.050000	0.798250	-5.315000	1
64.881000	151.150000	-0.231560	-5.315300	1
64.872000	151.250000	-2.631800	-5.315000	1
64.863000	151.350000	-3.321800	-5.314900	1
64.853000	151.460000	-0.231090	-5.315600	1
64.844000	151.560000	-1.605000	-5.315200	1
64.834000	151.660000	-1.261300	-5.315100	1
64.824000	151.760000	0.451560	-5.315000	1
64.814000	151.860000	-4.018300	-5.315500	1
62.589000	165.890000	-5.401700	-5.314600	1
62.570000	165.980000	-5.061800	-5.314100	1
62.550000	166.060000	-1.621000	-5.314500	1
62.531000	166.150000	-4.027100	-5.314700	1
62.511000	166.230000	-4.717200	-5.314100	1
62.491000	166.320000	-0.242760	-5.314500	1
62.472000	166.400000	-1.612700	-5.314100	1
62.452000	166.490000	-1.612700	-5.313700	1
62.432000	166.570000	-6.422400	-5.314400	1
62.412000	166.660000	-5.059200	-5.314300	1
62.392000	166.740000	-4.719000	-5.314100	1
62.372000	166.820000	-5.745000	-5.314400	1
62.352000	166.910000	-5.744700	-5.314400	1
62.332000	166.990000	-6.084300	-5.314600	1
62.312000	167.080000	-4.024000	-5.314300	1
62.291000	167.160000	-3.673500	-5.314600	1
62.271000	167.240000	-4.717100	-5.314300	1
62.251000	167.330000	-3.340500	-5.314100	1
62.230000	167.410000	-2.657300	-5.314400	1
62.210000	167.490000	-3.007300	-5.313900	1
62.189000	167.580000	-2.653500	-5.313700	1
62.169000	167.660000	-5.407100	-5.313800	1
62.148000	167.740000	-4.723300	-5.313600	1
62.127000	167.830000	-3.679500	-5.313200	1
62.107000	167.910000	-4.722700	-5.313700	1
62.086000	167.990000	-4.722800	-5.313200	1
62.065000	168.080000	-3.682400	-5.313300	1
62.044000	168.160000	-4.372300	-5.313300	1
62.023000	168.240000	-3.342200	-5.313000	1
62.566000	165.760000	-5.541200	-4.559400	1
62.547000	165.850000	-6.230800	-4.559800	1
62.527000	165.930000	-0.044067	-4.559200	1
62.508000	166.020000	-4.160200	-4.559600	1
62.488000	166.100000	-4.509800	-4.559800	1
62.469000	166.190000	-2.782600	-4.559200	1
62.449000	166.270000	-3.122000	-4.559600	1
62.429000	166.360000	-3.812000	-4.559200	1
62.409000	166.440000	-4.152100	-4.558700	1
62.390000	166.530000	-4.154900	-4.559400	1
62.370000	166.610000	-6.564800	-4.559400	1
62.350000	166.700000	-6.564700	-4.559200	1
62.330000	166.780000	-6.224200	-4.559400	1
62.310000	166.870000	-4.503700	-4.559500	1
62.290000	166.950000	-1.749500	-4.559700	1
62.270000	167.030000	-1.063000	-4.559400	1
62.249000	167.120000	-0.722440	-4.559700	1
62.229000	167.200000	-4.499000	-4.559500	1
62.209000	167.280000	-3.472400	-4.559200	1
62.188000	167.370000	-4.842000	-4.559500	1
62.168000	167.450000	-5.535700	-4.559000	1
62.147000	167.530000	-1.758900	-4.558800	1
62.127000	167.620000	-0.728550	-4.558900	1
62.106000	167.700000	-3.125000	-4.558700	1
62.086000	167.780000	-3.478600	-4.558300	1
62.065000	167.870000	-3.478100	-4.558800	1
62.044000	167.950000	-7.258600	-4.558300	1
64.896000	149.900000	-0.986890	-3.804400	1
64.887000	150.000000	-1.676400	-3.804700	1
64.879000	150.100000	-2.364200	-3.803600	1
64.870000	150.200000	-2.703100	-3.804900	1
64.862000	150.300000	-2.363100	-3.804600	1
64.853000	150.410000	-1.673500	-3.803800	1
64.844000	150.510000	0.047275	-3.804500	1
64.835000	150.610000	-1.329300	-3.804300	1
64.826000	150.710000	-0.979240	-3.804300	1
64.817000	150.810000	-0.639360	-3.804100	1
64.808000	150.910000	0.730900	-3.804300	1
64.799000	151.010000	-1.332600	-3.804200	1
64.790000	151.110000	0.731190	-3.804500	1
64.780000	151.210000	0.731160	-3.804300	1
64.771000	151.310000	0.731070	-3.804100	1
64.762000	151.410000	0.728310	-3.804800	1
64.752000	151.510000	0.731640	-3.804500	1
64.742000	151.620000	1.421600	-3.804300	1
64.733000	151.720000	-0.298350	-3.804300	1
64.723000	151.820000	-3.048000	-3.804800	1
64.713000	151.920000	-4.762100	-3.803900	1
64.703000	152.020000	-5.801900	-3.804300	1
64.693000	152.120000	-1.331700	-3.804200	1
64.683000	152.220000	3.138400	-3.804200	1
64.673000	152.320000	-3.051800	-3.804100	1
64.663000	152.420000	-3.051800	-3.804200	1
64.653000	152.520000	-2.021300	-3.804800	1
64.642000	152.610000	0.728460	-3.804400	1
64.632000	152.710000	0.044774	-3.804100	1
62.639000	165.210000	-4.435900	-3.803500	1
62.620000	165.290000	-4.785900	-3.803900	1
62.601000	165.380000	-4.106000	-3.803500	1
62.581000	165.470000	-4.102400	-3.803500	1
62.562000	165.550000	-4.778500	-3.803900	1
62.543000	165.640000	-5.472200	-3.803300	1
62.524000	165.720000	-6.848500	-3.803500	1
62.504000	165.810000	-3.404200	-3.804000	1
62.485000	165.890000	-3.744400	-3.803400	1
62.465000	165.980000	-4.773900	-3.803800	1
62.446000	166.060000	-0.309770	-3.804000	1
62.426000	166.150000	0.720150	-3.803400	1
62.407000	166.230000	-2.369400	-3.803800	1
62.387000	166.320000	-4.432900	-3.803500	1
62.367000	166.400000	-6.156600	-3.802900	1
62.347000	166.490000	-2.032100	-3.803600	1
62.328000	166.570000	-1.338300	-3.803600	1
62.308000	166.660000	-1.678100	-3.803400	1
62.288000	166.740000	-0.647710	-3.803600	1
62.268000	166.820000	-2.367400	-3.803700	1
62.248000	166.910000	-1.676900	-3.803900	1
62.227000	166.990000	-5.117100	-3.803600	1
62.207000	167.070000	-4.426500	-3.804000	1
62.187000	167.160000	-5.463400	-3.803700	1
62.167000	167.240000	-2.720200	-3.803400	1
62.146000	167.330000	-4.436200	-3.803700	1
62.126000	167.410000	-2.376300	-3.803200	1
62.105000	167.490000	-4.092800	-3.803000	1
62.085000	167.570000	-2.712400	-3.803100	1
62.064000	167.660000	-4.432400	-3.802900	1
64.841000	149.980000	-1.232200	-3.048600	1
64.833000	150.080000	-0.542830	-3.047500	1
64.824000	150.180000	1.858300	-3.048700	1
64.816000	150.290000	1.518300	-3.048500	1
64.807000	150.390000	-0.892270	-3.047700	1
64.798000	150.490000	0.138460	-3.048400	1
64.789000	150.590000	-0.541570	-3.048200	1
64.780000	150.690000	0.138560	-3.048200	1
64.771000	150.790000	0.491790	-3.047900	1
64.762000	150.890000	-0.537950	-3.048100	1
64.753000	150.990000	0.142160	-3.048100	1
64.744000	151.090000	1.862400	-3.048300	1
64.735000	151.190000	0.492400	-3.048200	1
64.725000	151.290000	-0.201180	-3.047900	1
64.716000	151.390000	1.859500	-3.048700	1
64.706000	151.490000	0.142570	-3.048400	1
64.697000	151.590000	1.181800	-3.048100	1
64.687000	151.690000	-0.538140	-3.048100	1
64.677000	151.790000	1.859100	-3.048700	1
64.667000	151.890000	0.825190	-3.047800	1
64.658000	151.990000	-1.927900	-3.048100	1
62.500000	165.600000	-6.747900	-3.047300	1
62.481000	165.680000	-7.774300	-3.047400	1
62.462000	165.770000	-4.680000	-3.047900	1
62.442000	165.850000	3.230000	-3.047300	1
62.423000	165.940000	1.853900	-3.047700	1
62.403000	166.020000	0.484340	-3.047900	1
62.384000	166.110000	-5.019300	-3.047300	1
62.364000	166.190000	-3.988700	-3.047700	1
62.345000	166.280000	-6.398800	-3.047400	1
62.325000	166.360000	-7.775800	-3.046900	1
62.305000	166.440000	-5.361500	-3.047500	1
62.285000	166.530000	-6.051200	-3.047500	1
62.265000	166.610000	-3.990900	-3.047300	1
62.245000	166.700000	-0.897070	-3.047500	1
62.225000	166.780000	1.513300	-3.047600	1
62.205000	166.860000	3.233800	-3.047800	1
62.185000	166.950000	-3.989700	-3.047500	1
62.165000	167.030000	-2.969100	-3.047900	1
62.145000	167.120000	-1.939000	-3.047600	1
62.125000	167.200000	-0.212250	-3.047300	1
62.104000	167.280000	-1.581700	-3.047600	1
62.084000	167.370000	-3.299000	-3.047100	1
62.063000	167.450000	-2.958500	-3.046900	1
62.043000	167.530000	-5.715000	-3.047000	1
62.022000	167.610000	-4.681500	-3.046800	1
64.796000	149.960000	-0.757980	-2.297100	1
64.787000	150.060000	0.621400	-2.296000	1
64.779000	150.170000	-0.067612	-2.297100	1
64.770000	150.270000	-2.127600	-2.297000	1
64.761000	150.370000	-0.068068	-2.296100	1
64.753000	150.470000	-2.127500	-2.296800	1
64.744000	150.570000	-0.064256	-2.296700	1
64.735000	150.670000	0.965900	-2.296700	1
64.726000	150.770000	1.305800	-2.296400	1
64.717000	150.870000	3.366100	-2.296600	1
64.708000	150.970000	3.716200	-2.296500	1
64.698000	151.070000	2.336400	-2.296700	1
64.689000	151.170000	2.686500	-2.296700	1
64.680000	151.270000	3.366200	-2.296300	1
64.670000	151.370000	1.656800	-2.297100	1
64.661000	151.470000	0.276610	-2.296800	1
64.651000	151.570000	1.996400	-2.296500	1
64.642000	151.670000	0.963230	-2.296500	1
64.632000	151.770000	0.963700	-2.297100	1
64.622000	151.870000	3.023100	-2.296300	1
64.612000	151.970000	-4.536900	-2.296600	1
64.122000	156.190000	-6.264500	-2.296200	1
64.109000	156.280000	-2.823800	-2.296900	1
64.096000	156.380000	-0.077676	-2.295900	1
64.083000	156.480000	0.613090	-2.296900	1
64.070000	156.570000	0.609580	-2.296500	1
64.057000	156.670000	-2.830600	-2.296300	1
64.044000	156.760000	-3.180400	-2.296800	1
64.030000	156.860000	-1.110400	-2.296600	1
64.017000	156.950000	-0.077346	-2.296600	1
64.003000	157.050000	-1.107400	-2.296700	1
63.990000	157.140000	-0.767630	-2.296400	1
63.976000	157.240000	-5.581100	-2.296400	1
63.963000	157.330000	-3.517700	-2.296600	1
63.949000	157.430000	0.262150	-2.296300	1
63.935000	157.520000	-4.210900	-2.296700	1
62.204000	166.660000	4.396800	-2.295900	1
62.184000	166.740000	4.394000	-2.296100	1
62.164000	166.820000	1.644500	-2.296300	1
62.143000	166.910000	-3.515700	-2.295900	1
62.123000	166.990000	-2.138300	-2.296300	1
62.103000	167.070000	1.295100	-2.296200	1
62.083000	167.160000	-0.078125	-2.295800	1
62.063000	167.240000	-2.134500	-2.296100	1
62.042000	167.320000	-0.424560	-2.295600	1
62.022000	167.410000	1.295500	-2.295400	1
62.001000	167.490000	-1.457400	-2.295500	1
61.981000	167.570000	0.612790	-2.295300	1
61.960000	167.650000	-1.107300	-2.294800	1
61.940000	167.740000	-0.079738	-2.295300	1
61.919000	167.820000	-0.079844	-2.294900	1
61.898000	167.900000	-0.432640	-2.295000	1
61.877000	167.980000	-2.142400	-2.295000	1
61.857000	168.070000	-7.642800	-2.294700	1
64.750000	149.950000	-4.503000	-1.542000	1
64.742000	150.050000	-7.949600	-1.541000	1
64.733000	150.150000	-1.075500	-1.542000	1
64.724000	150.250000	2.364700	-1.542000	1
64.716000	150.350000	2.024200	-1.541100	1
64.707000	150.450000	0.304770	-1.541700	1
64.698000	150.550000	1.677800	-1.541600	1
64.689000	150.650000	2.027900	-1.541600	1
64.680000	150.750000	3.397900	-1.541300	1
64.671000	150.850000	5.808100	-1.541500	1
64.662000	150.950000	5.118200	-1.541500	1
64.653000	151.050000	3.748400	-1.541600	1
64.644000	151.150000	5.458500	-1.541700	1
64.634000	151.250000	3.748300	-1.541200	1
64.625000	151.350000	-0.724180	-1.542000	1
64.615000	151.450000	-0.724290	-1.541800	1
64.606000	151.550000	2.028500	-1.541400	1
64.596000	151.650000	2.368500	-1.541400	1
64.586000	151.750000	3.398900	-1.542100	1
64.577000	151.850000	-1.411700	-1.541300	1
64.567000	151.950000	1.675700	-1.541500	1
62.161000	166.610000	5.798700	-1.540900	1
62.142000	166.700000	7.169100	-1.541000	1
62.122000	166.780000	6.829500	-1.541300	1
62.101000	166.860000	6.139500	-1.540900	1
62.081000	166.950000	1.327100	-1.541300	1
62.061000	167.030000	-0.392810	-1.541200	1
62.041000	167.110000	4.417200	-1.540700	1
62.021000	167.200000	4.767700	-1.541100	1
62.000000	167.280000	0.297590	-1.540600	1
61.980000	167.360000	-5.892500	-1.540300	1
61.960000	167.450000	-0.392020	-1.540400	1
61.939000	167.530000	3.048200	-1.540200	1
61.918000	167.610000	1.325200	-1.539700	1
61.898000	167.690000	-1.084200	-1.540300	1
61.877000	167.780000	-1.424300	-1.539800	1
61.857000	167.860000	-0.393960	-1.539900	1
61.836000	167.940000	0.986360	-1.539900	1
61.815000	168.020000	2.356400	-1.539700	1
61.794000	168.100000	0.983740	-1.539800	1
64.670000	150.330000	4.065200	-0.792370	1
64.661000	150.430000	3.725600	-0.792960	1
64.653000	150.530000	1.315600	-0.792890	1
64.644000	150.630000	5.788500	-0.792950	1
64.635000	150.730000	8.538400	-0.792660	1
64.626000	150.830000	7.848600	-0.792820	1
64.617000	150.930000	7.168600	-0.792770	1
64.607000	151.030000	5.788800	-0.792890	1
64.598000	151.130000	7.848900	-0.792980	1
64.589000	151.230000	6.818800	-0.792510	1
64.579000	151.330000	3.036600	-0.793230	1
64.570000	151.430000	2.699400	-0.793070	1
64.560000	151.530000	3.729400	-0.792730	1
64.551000	151.630000	4.759500	-0.792700	1
64.541000	151.730000	4.760000	-0.793370	1
64.531000	151.830000	1.669700	-0.792600	1
64.521000	151.930000	-2.802900	-0.792780	1
62.120000	166.570000	11.623000	-0.792160	1
62.100000	166.660000	10.590000	-0.792300	1
62.080000	166.740000	8.530100	-0.792610	1
62.060000	166.820000	10.590000	-0.792210	1
62.040000	166.910000	8.190600	-0.792610	1
62.020000	166.990000	6.470800	-0.792500	1
61.999000	167.070000	6.808100	-0.792040	1
61.979000	167.150000	-0.061517	-0.792420	1
61.959000	167.240000	-6.254400	-0.791910	1
61.938000	167.320000	-2.814100	-0.791600	1
61.918000	167.400000	-1.441100	-0.791640	1
64.616000	150.410000	6.313000	0.118460	1
64.607000	150.510000	6.653100	0.118290	1
64.598000	150.610000	8.713200	0.118160	1
64.589000	150.710000	16.623000	0.118750	1
64.580000	150.810000	8.713500	0.118640	1
64.571000	150.910000	7.003600	0.118580	1
64.562000	151.010000	7.003700	0.118870	1
64.553000	151.110000	13.186000	0.118540	1
64.544000	151.210000	16.286000	0.118670	1
64.534000	151.310000	4.933900	0.118900	1
64.525000	151.410000	5.283900	0.118570	1
64.515000	151.510000	5.626600	0.118410	1
64.506000	151.610000	12.507000	0.118020	1
64.496000	151.710000	0.123960	0.118380	1
64.486000	151.810000	12.847000	0.118360	1
64.476000	151.910000	-1.598600	0.118060	1
62.078000	166.530000	19.709000	0.117760	1
62.058000	166.610000	17.649000	0.118160	1
62.038000	166.700000	9.749400	0.118000	1
62.018000	166.780000	16.280000	0.118220	1
61.998000	166.860000	14.897000	0.118150	1
61.978000	166.950000	17.988000	0.118040	1
61.958000	167.030000	12.148000	0.118100	1
61.937000	167.110000	20.738000	0.117740	1
61.917000	167.200000	-5.724500	0.117370	1
61.897000	167.280000	-5.034200	0.117160	1
61.876000	167.360000	6.646200	0.116640	1
61.856000	167.440000	-1.943600	0.116790	1
61.836000	167.530000	3.216600	0.116240	1
61.815000	167.610000	9.746900	0.116150	1
61.794000	167.690000	-2.285500	0.116310	1
61.774000	167.770000	10.087000	0.115650	1
61.753000	167.850000	0.114990	0.116020	1
61.732000	167.940000	-6.415000	0.115870	1
61.711000	168.020000	2.172800	0.115490	1
61.691000	168.100000	-6.067300	0.116060	1
61.670000	168.180000	-6.759800	0.116010	1
61.649000	168.260000	-6.069600	0.115900	1
61.628000	168.340000	12.140000	0.116140	1
61.607000	168.420000	13.170000	0.116280	1
64.579000	150.290000	-0.442080	0.733110	1
64.570000	150.390000	4.708000	0.732740	1
64.562000	150.490000	8.830700	0.732680	1
64.553000	150.590000	8.490800	0.732530	1
64.544000	150.690000	8.831100	0.733100	1
64.535000	150.790000	9.871000	0.732900	1
64.526000	150.890000	8.151100	0.732930	1
64.516000	150.990000	3.681200	0.732980	1
64.507000	151.090000	7.463900	0.732620	1
64.498000	151.190000	9.874300	0.733320	1
64.489000	151.290000	6.771500	0.732620	1
64.479000	151.390000	5.401700	0.732570	1
64.470000	151.490000	2.992000	0.732950	1
64.460000	151.590000	2.994700	0.732840	1
64.450000	151.690000	2.654400	0.732180	1
64.441000	151.790000	4.022100	0.732960	1
62.036000	166.490000	12.265000	0.733290	1
62.016000	166.570000	9.865500	0.733260	1
61.996000	166.650000	6.765500	0.732810	1
61.976000	166.740000	7.116000	0.733360	1
61.956000	166.820000	8.146100	0.732890	1
61.936000	166.900000	7.453700	0.732880	1
61.916000	166.990000	-0.795850	0.733500	1
61.896000	167.070000	3.334200	0.732910	1
61.875000	167.150000	0.584630	0.733350	1
61.855000	167.240000	-1.825000	0.733660	1
61.835000	167.320000	0.585170	0.733440	1
64.524000	150.370000	-4.185600	1.487900	1
64.516000	150.470000	7.157600	1.487800	1
64.507000	150.570000	7.844700	1.487600	1
64.498000	150.670000	9.905200	1.488100	1
64.489000	150.770000	9.218100	1.488000	1
64.480000	150.870000	6.478200	1.488000	1
64.471000	150.970000	5.788400	1.488100	1
64.461000	151.070000	6.478200	1.487700	1
64.452000	151.170000	6.478800	1.488400	1
64.443000	151.270000	6.478400	1.487700	1
64.433000	151.370000	7.158400	1.487600	1
64.424000	151.470000	0.975770	1.488000	1
64.414000	151.570000	-1.431400	1.488000	1
64.405000	151.670000	1.318200	1.487300	1
64.395000	151.770000	-1.771300	1.488000	1
62.285000	165.180000	8.184000	1.488500	1
62.266000	165.270000	3.376600	1.487900	1
62.247000	165.350000	3.727200	1.488500	1
62.227000	165.440000	-3.155700	1.488400	1
62.208000	165.520000	0.974210	1.487800	1
62.189000	165.610000	-3.498100	1.488500	1
62.170000	165.690000	-6.941200	1.488100	1
62.150000	165.780000	-8.667700	1.487800	1
62.131000	165.860000	-5.917000	1.488300	1
62.112000	165.940000	-6.600000	1.487900	1
62.092000	166.030000	-8.663900	1.488100	1
62.072000	166.110000	-2.470000	1.488700	1
62.053000	166.200000	-4.193000	1.488400	1
62.033000	166.280000	-9.006100	1.488400	1
62.013000	166.360000	5.783300	1.488300	1
61.994000	166.450000	4.403600	1.488400	1
61.974000	166.530000	3.033800	1.488300	1
61.954000	166.610000	4.753700	1.487900	1
61.934000	166.700000	4.064400	1.488400	1
61.914000	166.780000	2.681400	1.488000	1
61.894000	166.860000	-6.591500	1.487900	1
61.874000	166.940000	-7.973900	1.488600	1
61.854000	167.030000	-5.910900	1.488000	1
61.833000	167.110000	-1.100200	1.488500	1
64.470000	150.450000	1.551300	2.236900	1
64.462000	150.550000	8.421300	2.236700	1
64.453000	150.650000	8.758700	2.237300	1
64.444000	150.750000	5.671800	2.237100	1
64.435000	150.850000	2.582000	2.237100	1
64.425000	150.950000	4.645300	2.237200	1
64.416000	151.050000	7.055100	2.236800	1
64.407000	151.150000	5.335700	2.237600	1
64.398000	151.250000	2.232100	2.236900	1
64.388000	151.350000	6.012100	2.236800	1
64.379000	151.450000	4.982200	2.237200	1
64.369000	151.550000	2.582300	2.237100	1
64.360000	151.650000	-1.885100	2.236400	1
64.350000	151.750000	1.555600	2.237100	1
64.340000	151.840000	0.525580	2.237000	1
64.330000	151.940000	2.235700	2.237000	1
62.337000	164.720000	-0.522340	2.237100	1
62.318000	164.800000	-2.582200	2.237200	1
62.299000	164.890000	-2.238500	2.237600	1
62.280000	164.970000	0.171270	2.237100	1
62.262000	165.060000	0.861690	2.237400	1
62.243000	165.140000	2.582100	2.237700	1
62.224000	165.230000	3.258200	2.237000	1
62.205000	165.310000	0.518760	2.237600	1
62.185000	165.400000	-3.274300	2.237600	1
62.166000	165.480000	-3.274600	2.237000	1
62.147000	165.570000	-6.374000	2.237600	1
62.128000	165.650000	-6.714100	2.237300	1
62.108000	165.730000	-6.027100	2.236900	1
62.089000	165.820000	-7.069800	2.237400	1
62.070000	165.900000	-8.443100	2.237000	1
62.050000	165.990000	-4.996200	2.237200	1
62.031000	166.070000	-2.935400	2.237800	1
62.011000	166.150000	-4.998700	2.237500	1
61.991000	166.240000	-3.269000	2.237500	1
61.972000	166.320000	2.918200	2.237400	1
61.952000	166.400000	3.608500	2.237500	1
61.932000	166.490000	3.948600	2.237500	1
61.912000	166.570000	1.548500	2.237000	1
61.892000	166.650000	0.859200	2.237500	1
61.872000	166.740000	-4.311000	2.237100	1
61.852000	166.820000	-6.024000	2.237000	1
61.832000	166.900000	-4.653200	2.237700	1
61.812000	166.990000	-2.583300	2.237100	1
64.425000	150.430000	0.457020	2.993200	1
64.416000	150.530000	2.517000	2.993000	1
64.407000	150.630000	-0.235940	2.993500	1
64.398000	150.730000	3.550700	2.993400	1
64.389000	150.830000	2.517500	2.993400	1
64.380000	150.930000	4.581000	2.993600	1
64.371000	151.030000	3.210700	2.993000	1
64.361000	151.130000	3.894800	2.993800	1
64.352000	151.230000	2.861200	2.993200	1
64.343000	151.330000	-1.262200	2.993100	1
64.333000	151.430000	2.178400	2.993500	1
64.323000	151.530000	2.181900	2.993500	1
64.314000	151.620000	-1.948700	2.992700	1
64.304000	151.720000	-0.914720	2.993400	1
64.294000	151.820000	-0.571320	2.993300	1
64.285000	151.920000	1.492100	2.993300	1
64.275000	152.020000	2.182300	2.993500	1
62.294000	164.680000	-2.646500	2.993400	1
62.275000	164.760000	-4.356400	2.993500	1
62.257000	164.850000	-1.602500	2.993900	1
62.238000	164.930000	-2.986100	2.993400	1
62.219000	165.020000	-3.322500	2.993700	1
62.200000	165.100000	-1.262000	2.994000	1
62.181000	165.190000	-0.232300	2.993300	1
62.162000	165.270000	-2.641800	2.993800	1
62.143000	165.360000	-5.045000	2.993800	1
62.124000	165.440000	-1.265100	2.993300	1
62.105000	165.520000	-2.644500	2.993800	1
62.085000	165.610000	-5.387900	2.993500	1
62.066000	165.690000	-5.737900	2.993200	1
62.047000	165.780000	-7.110800	2.993600	1
62.027000	165.860000	-8.491000	2.993300	1
62.008000	165.950000	-4.707000	2.993500	1
61.988000	166.030000	-4.016300	2.994000	1
61.969000	166.110000	-5.386400	2.993800	1
61.949000	166.200000	-2.982800	2.993800	1
61.930000	166.280000	-2.639300	2.993700	1
61.910000	166.360000	2.517800	2.993800	1
61.890000	166.450000	-0.232020	2.993800	1
61.870000	166.530000	1.147900	2.993300	1
61.850000	166.610000	-4.354900	2.993800	1
61.830000	166.700000	-5.738400	2.993400	1
61.810000	166.780000	-6.421700	2.993300	1
61.790000	166.860000	-3.320600	2.993900	1
61.770000	166.940000	-6.077600	2.993400	1
61.750000	167.030000	-5.043700	2.993800	1
64.361000	150.610000	-8.193100	3.748600	1
64.352000	150.710000	2.474400	3.748400	1
64.343000	150.810000	5.578000	3.748400	1
64.334000	150.910000	4.888200	3.748700	1
64.325000	151.010000	2.141300	3.748100	1
64.316000	151.110000	2.485600	3.748900	1
64.306000	151.210000	5.581900	3.748300	1
64.297000	151.310000	3.861900	3.748100	1
64.287000	151.410000	2.142400	3.748600	1
64.278000	151.500000	0.762480	3.748500	1
64.268000	151.600000	-2.338000	3.747800	1
64.259000	151.700000	-1.647500	3.748400	1
64.249000	151.800000	0.076102	3.748400	1
64.239000	151.900000	-4.734100	3.748300	1
64.229000	152.000000	1.453000	3.748500	1
64.219000	152.100000	0.426150	3.748200	1
64.209000	152.190000	0.073201	3.748800	1
64.199000	152.290000	-0.270740	3.748100	1
64.189000	152.390000	-1.647300	3.748100	1
64.179000	152.490000	-2.336800	3.748700	1
64.168000	152.590000	-6.464100	3.748400	1
64.158000	152.680000	-0.967630	3.747800	1
64.148000	152.780000	0.063430	3.749100	1
64.137000	152.880000	1.792800	3.748100	1
62.270000	164.550000	-3.715800	3.748900	1
62.251000	164.640000	-4.409500	3.748500	1
62.233000	164.720000	-3.035800	3.748500	1
62.214000	164.810000	-0.625180	3.748900	1
62.195000	164.890000	-2.345500	3.748400	1
62.176000	164.980000	-2.685200	3.748700	1
62.158000	165.060000	-0.281280	3.749000	1
62.139000	165.150000	0.068402	3.748300	1
62.120000	165.230000	-4.404700	3.748800	1
62.101000	165.320000	-4.407900	3.748900	1
62.082000	165.400000	-4.748100	3.748300	1
62.062000	165.480000	-5.787600	3.748800	1
62.043000	165.570000	-6.124200	3.748600	1
62.024000	165.650000	-6.821200	3.748300	1
62.005000	165.740000	-8.197700	3.748700	1
61.985000	165.820000	-6.817200	3.748300	1
61.966000	165.900000	-6.470300	3.748500	1
61.946000	165.990000	-4.409500	3.749000	1
61.927000	166.070000	-7.492900	3.748800	1
61.907000	166.150000	-3.032300	3.748800	1
61.887000	166.240000	0.067975	3.748700	1
61.868000	166.320000	2.141800	3.748800	1
61.848000	166.400000	0.421980	3.748800	1
61.828000	166.490000	-1.651700	3.748300	1
61.808000	166.570000	-6.464900	3.748800	1
61.788000	166.650000	-6.811400	3.748400	1
61.768000	166.740000	-2.340900	3.748300	1
61.748000	166.820000	-1.650100	3.749000	1
61.728000	166.900000	-2.340300	3.748400	1
61.708000	166.980000	-2.339700	3.748800	1
61.688000	167.070000	-3.036400	3.749200	1
64.307000	150.690000	-3.204100	4.502100	1
64.298000	150.790000	3.333300	4.502100	1
64.288000	150.890000	1.270600	4.502400	1
64.279000	150.990000	0.586690	4.501700	1
64.270000	151.090000	-1.129000	4.502600	1
64.261000	151.190000	0.934360	4.502100	1
64.251000	151.290000	0.594330	4.501800	1
64.242000	151.390000	-1.125200	4.502200	1
64.232000	151.480000	-3.192300	4.502300	1
64.223000	151.580000	0.237500	4.501500	1
64.213000	151.680000	-0.792040	4.502100	1
64.203000	151.780000	-0.438390	4.502000	1
64.194000	151.880000	0.595240	4.502000	1
64.184000	151.980000	-3.184700	4.502200	1
64.174000	152.070000	-2.852000	4.501800	1
64.164000	152.170000	-0.791410	4.502500	1
62.246000	164.430000	0.229340	4.502200	1
62.227000	164.510000	-3.550300	4.502600	1
62.209000	164.600000	-4.917000	4.502100	1
62.190000	164.680000	-4.230400	4.502100	1
62.172000	164.770000	-4.920000	4.502600	1
62.153000	164.850000	-5.266700	4.502100	1
62.134000	164.940000	-5.946500	4.502300	1
62.115000	165.020000	-3.886000	4.502700	1
62.096000	165.110000	-1.136100	4.502000	1
62.077000	165.190000	-1.132000	4.502500	1
62.058000	165.270000	0.584710	4.502500	1
62.039000	165.360000	-0.441950	4.502000	1
62.020000	165.440000	-3.191500	4.502500	1
62.001000	165.530000	-5.608700	4.502300	1
61.982000	165.610000	-8.366300	4.501900	1
61.962000	165.700000	-7.668500	4.502300	1
61.943000	165.780000	-8.022100	4.502000	1
61.924000	165.860000	-8.698500	4.502100	1
61.904000	165.950000	-8.021300	4.502600	1
61.885000	166.030000	-5.263700	4.502500	1
61.865000	166.110000	-1.133300	4.502400	1
61.845000	166.200000	-1.133100	4.502300	1
61.826000	166.280000	2.997300	4.502500	1
61.806000	166.360000	1.617500	4.502500	1
61.786000	166.450000	-0.102650	4.502000	1
61.766000	166.530000	-2.162100	4.502500	1
61.746000	166.610000	-2.852100	4.502100	1
61.726000	166.690000	-1.825600	4.501900	1
61.706000	166.780000	-3.548500	4.502600	1
61.686000	166.860000	-5.612400	4.502100	1
61.666000	166.940000	-3.888200	4.502400	1
61.646000	167.020000	-3.891300	4.502900	1
61.626000	167.100000	-2.167500	4.502700	1
64.252000	150.770000	-0.288140	5.257000	1
64.243000	150.870000	-0.977880	5.257300	1
64.234000	150.970000	0.412670	5.256600	1
64.224000	151.070000	-1.996700	5.257500	1
64.215000	151.170000	-0.966810	5.257000	1
64.206000	151.270000	-1.650500	5.256700	1
64.196000	151.360000	0.750080	5.257200	1
64.187000	151.460000	-2.003500	5.257200	1
64.177000	151.560000	-3.030300	5.256400	1
64.167000	151.660000	-2.339800	5.257000	1
64.158000	151.760000	1.100500	5.257000	1
64.148000	151.860000	-4.056100	5.256900	1
64.138000	151.950000	-2.335800	5.257200	1
64.128000	152.050000	-4.056100	5.256700	1
64.118000	152.150000	-2.682700	5.257500	1
64.108000	152.250000	-2.003100	5.256800	1
64.098000	152.340000	-0.619400	5.256700	1
64.088000	152.440000	-2.682600	5.257300	1
64.078000	152.540000	-3.709100	5.257100	1
64.067000	152.640000	-3.025800	5.256300	1
63.649000	156.100000	-7.163400	5.257600	1
63.636000	156.190000	-6.462800	5.257100	1
63.624000	156.280000	-5.096300	5.257000	1
63.611000	156.380000	-7.506600	5.257100	1
63.598000	156.470000	-7.510400	5.257000	1
63.584000	156.570000	-8.544400	5.256900	1
63.571000	156.660000	-6.474100	5.256900	1
63.558000	156.750000	-6.474200	5.256900	1
63.545000	156.850000	-5.794100	5.257000	1
63.531000	156.940000	-5.797800	5.257100	1
63.518000	157.040000	-7.521700	5.257100	1
63.504000	157.130000	-7.175500	5.257000	1
63.491000	157.220000	-5.115000	5.257000	1
63.477000	157.320000	-4.771300	5.257200	1
62.203000	164.390000	-5.098500	5.257100	1
62.185000	164.470000	-6.468200	5.257500	1
62.166000	164.560000	-5.791800	5.257000	1
62.148000	164.640000	-6.128100	5.257000	1
62.129000	164.730000	-5.090300	5.257500	1
62.110000	164.810000	-6.464300	5.257000	1
62.091000	164.900000	-5.787700	5.257200	1
62.073000	164.980000	-4.403600	5.257600	1
62.054000	165.070000	-4.060300	5.256800	1
62.035000	165.150000	-1.313200	5.257300	1
62.016000	165.230000	-4.403100	5.257400	1
61.997000	165.320000	-3.036800	5.256900	1
61.978000	165.400000	-3.372600	5.257400	1
61.958000	165.490000	-7.495800	5.257200	1
61.939000	165.570000	-5.425500	5.256800	1
61.920000	165.650000	-3.708500	5.257200	1
61.901000	165.740000	-3.364800	5.256900	1
61.881000	165.820000	-3.708300	5.256900	1
61.862000	165.900000	-2.337700	5.257400	1
61.842000	165.990000	-2.001100	5.257400	1
61.823000	166.070000	-2.680900	5.257300	1
61.803000	166.150000	-0.280710	5.257200	1
61.783000	166.240000	-1.314000	5.257400	1
61.764000	166.320000	-2.000200	5.257400	1
61.744000	166.400000	-1.650200	5.256900	1
61.724000	166.490000	-2.347000	5.257400	1
61.704000	166.570000	-3.373400	5.257000	1
61.684000	166.650000	-5.437100	5.256800	1
61.664000	166.730000	-5.096400	5.257500	1
61.644000	166.820000	-5.786500	5.257000	1
61.624000	166.900000	-4.756000	5.257300	1
61.819000	165.860000	-4.226800	6.011300	1
61.800000	165.950000	-3.186500	6.011400	1
61.780000	166.030000	-2.152600	6.011300	1
61.761000	166.110000	-2.156100	6.011200	1
61.741000	166.200000	0.244390	6.011400	1
61.722000	166.280000	-1.129100	6.011400	1
61.702000	166.360000	-1.132800	6.010900	1
61.682000	166.440000	-3.192400	6.011300	1
61.662000	166.530000	-4.228700	6.011000	1
61.642000	166.610000	-3.882300	6.010700	1
61.622000	166.690000	-4.235300	6.011500	1
61.602000	166.770000	-5.265500	6.010900	1
61.582000	166.860000	-3.544900	6.011300	1
64.230000	149.940000	-5.219000	6.763300	1
64.221000	150.040000	-5.223000	6.762500	1
64.213000	150.140000	-4.532400	6.763200	1
64.204000	150.240000	-6.606200	6.763300	1
64.196000	150.340000	-7.636500	6.763100	1
64.187000	150.440000	-7.980400	6.762700	1
64.178000	150.530000	-5.912200	6.763100	1
64.169000	150.630000	-4.192000	6.763100	1
64.160000	150.730000	-7.625000	6.763100	1
64.151000	150.830000	-6.930900	6.763500	1
64.142000	150.930000	-4.173400	6.762600	1
64.133000	151.030000	-5.542900	6.763600	1
64.123000	151.130000	-4.176500	6.763200	1
64.114000	151.220000	-4.863000	6.762800	1
62.099000	164.390000	-7.631400	6.763500	1
62.081000	164.480000	-6.593900	6.763100	1
62.062000	164.560000	-5.553500	6.763000	1
62.043000	164.650000	-7.623600	6.763500	1
62.025000	164.730000	-6.597300	6.763000	1
62.006000	164.820000	-6.239700	6.763100	1
61.987000	164.900000	-5.903100	6.763600	1
61.968000	164.980000	-4.519600	6.762900	1
61.950000	165.070000	-8.649900	6.763300	1
61.931000	165.150000	-6.242800	6.763500	1
61.912000	165.240000	-6.936700	6.762900	1
61.893000	165.320000	-6.242500	6.763400	1
61.873000	165.400000	-4.185700	6.763200	1
61.854000	165.490000	-6.932400	6.762900	1
61.835000	165.570000	-6.592000	6.763200	1
61.816000	165.660000	-6.245700	6.762900	1
61.796000	165.740000	-5.547900	6.762900	1
61.777000	165.820000	-4.173600	6.763300	1
61.758000	165.910000	-3.147000	6.763400	1
61.738000	165.990000	-2.796700	6.763300	1
61.719000	166.070000	-1.086500	6.763200	1
61.699000	166.150000	-1.086100	6.763400	1
61.679000	166.240000	-2.799600	6.763400	1
61.660000	166.320000	-3.489700	6.762900	1
61.640000	166.400000	-4.523000	6.763400	1
61.620000	166.480000	-6.933300	6.763100	1
61.600000	166.570000	-6.933100	6.762700	1
61.580000	166.650000	-4.875900	6.763500	1
61.560000	166.730000	-5.909800	6.763000	1
64.192000	149.820000	-9.184800	7.522900	1
64.183000	149.920000	-6.762600	7.523000	1
64.175000	150.020000	-4.369900	7.522100	1
64.166000	150.120000	-8.150200	7.522800	1
64.158000	150.220000	-8.830300	7.523000	1
64.149000	150.320000	-6.418300	7.522700	1
64.140000	150.420000	-6.078500	7.522300	1
64.131000	150.510000	-10.547000	7.522800	1
64.123000	150.610000	-7.459600	7.522700	1
64.114000	150.710000	-5.731700	7.522700	1
64.105000	150.810000	-6.417800	7.523200	1
64.096000	150.910000	-6.074300	7.522200	1
64.086000	151.010000	-5.720000	7.523200	1
62.056000	164.350000	-6.768100	7.523200	1
62.037000	164.440000	-5.047800	7.522700	1
62.019000	164.520000	-5.734000	7.522700	1
62.000000	164.610000	-4.359800	7.523100	1
61.982000	164.690000	-4.006300	7.522600	1
61.963000	164.770000	-5.722700	7.522700	1
61.944000	164.860000	-4.692200	7.523200	1
61.925000	164.940000	-4.356200	7.522500	1
61.906000	165.030000	-5.726200	7.522900	1
61.888000	165.110000	-5.385800	7.523100	1
61.869000	165.200000	-6.759800	7.522600	1
61.850000	165.280000	-6.079300	7.523000	1
61.830000	165.360000	-6.755500	7.522900	1
61.811000	165.450000	-4.702700	7.522500	1
61.792000	165.530000	-6.415200	7.522800	1
61.773000	165.610000	-6.415100	7.522600	1
61.754000	165.700000	-3.324500	7.522500	1
61.734000	165.780000	-2.634000	7.522900	1
61.715000	165.860000	-2.973800	7.523000	1
61.695000	165.950000	-2.973600	7.523000	1
61.676000	166.030000	-2.977200	7.522800	1
61.656000	166.110000	-1.253000	7.523100	1
61.637000	166.190000	-3.322900	7.523100	1
61.617000	166.280000	-5.383100	7.522500	1
61.597000	166.360000	-6.083800	7.523000	1
61.577000	166.440000	-4.009700	7.522700	1
61.558000	166.520000	-5.389800	7.522300	1
64.060000	149.670000	-5.615800	9.789200	1
64.052000	149.770000	-5.619200	9.789600	1
64.044000	149.860000	-7.014300	9.789900	1
64.035000	149.960000	-6.320400	9.789000	1
64.027000	150.060000	-6.656400	9.789500	1
64.018000	150.160000	-8.388000	9.789900	1
64.009000	150.260000	-8.044200	9.789600	1
64.001000	150.360000	-8.373000	9.789200	1
63.992000	150.450000	-7.334800	9.789600	1
63.983000	150.550000	-6.994800	9.789500	1
63.974000	150.650000	-7.674900	9.789500	1
63.965000	150.750000	-7.334400	9.790000	1
63.956000	150.850000	-4.240300	9.789000	1
61.845000	164.360000	-4.875400	10.547000	1
61.827000	164.440000	-6.924300	10.548000	1
61.808000	164.530000	-7.272000	10.547000	1
61.790000	164.610000	-6.928200	10.547000	1
61.771000	164.700000	-4.867400	10.548000	1
61.752000	164.780000	-6.935500	10.547000	1
61.733000	164.860000	-6.617900	10.547000	1
61.715000	164.950000	-7.305500	10.548000	1
61.696000	165.030000	-5.916200	10.547000	1
61.677000	165.110000	-5.210800	10.547000	1
61.658000	165.200000	-5.560700	10.547000	1
61.639000	165.280000	-4.874200	10.547000	1
61.620000	165.360000	-6.240500	10.547000	1
61.600000	165.450000	-6.598000	10.547000	1
61.581000	165.530000	-4.176100	10.547000	1
61.562000	165.610000	-4.873500	10.547000	1
61.543000	165.700000	-4.537000	10.547000	1
61.523000	165.780000	-6.239600	10.547000	1
61.504000	165.860000	-5.903200	10.547000	1
61.484000	165.940000	-4.536400	10.547000	1
61.465000	166.020000	-5.906400	10.548000	1
61.445000	166.110000	-5.566200	10.547000	1
61.426000	166.190000	-6.599900	10.547000	1
61.406000	166.270000	-5.211900	10.547000	1
61.386000	166.350000	-4.539300	10.547000	1
61.367000	166.430000	-4.538800	10.548000	1
61.347000	166.520000	-4.196300	10.547000	1
61.327000	166.600000	-5.576400	10.547000	1
61.307000	166.680000	-7.636700	10.548000	1
61.287000	166.760000	-4.878300	10.548000	1
61.267000	166.840000	-7.278800	10.548000	1
61.247000	166.920000	-6.251800	10.548000	1
61.226000	167.000000	-5.221500	10.548000	1
61.206000	167.080000	-6.243900	10.548000	1
61.186000	167.170000	-4.869600	10.548000	1
61.166000	167.250000	-7.631600	10.548000	1
61.145000	167.330000	-7.285000	10.548000	1
61.125000	167.410000	-5.570600	10.548000	1
61.104000	167.490000	-7.631100	10.548000	1
61.084000	167.570000	-7.627300	10.548000	1
61.063000	167.650000	-7.627300	10.547000	1
61.043000	167.730000	-7.985800	10.548000	1
61.022000	167.810000	-7.638200	10.548000	1
61.001000	167.890000	-5.906500	10.547000	1
60.981000	167.970000	-5.223400	10.548000	1
60.960000	168.050000	-3.849500	10.548000	1
60.939000	168.130000	-5.913700	10.547000	1
60.918000	168.210000	-5.223100	10.548000	1
60.897000	168.290000	-2.465200	10.547000	1
61.801000	164.320000	-6.332200	11.300000	1
61.783000	164.400000	-7.012300	11.300000	1
61.764000	164.490000	-7.698700	11.300000	1
61.746000	164.570000	-6.328200	11.300000	1
61.727000	164.650000	-5.974000	11.300000	1
61.709000	164.740000	-5.637900	11.300000	1
61.690000	164.820000	-7.702200	11.300000	1
61.671000	164.910000	-9.075300	11.300000	1
61.652000	164.990000	-7.358100	11.300000	1
61.633000	165.070000	-6.320000	11.300000	1
61.614000	165.160000	-5.973600	11.300000	1
61.595000	165.240000	-4.943100	11.300000	1
61.576000	165.320000	-5.629300	11.300000	1
61.557000	165.400000	-5.633000	11.300000	1
61.538000	165.490000	-4.602700	11.300000	1
61.519000	165.570000	-5.636500	11.300000	1
61.499000	165.650000	-7.349100	11.300000	1
61.480000	165.740000	-6.677600	11.300000	1
61.461000	165.820000	-2.892900	11.300000	1
61.441000	165.900000	-8.397900	11.300000	1
61.422000	165.980000	-8.053500	11.300000	1
61.402000	166.060000	-6.321700	11.300000	1
61.383000	166.150000	-7.012800	11.300000	1
61.363000	166.230000	-6.336200	11.300000	1
61.343000	166.310000	-5.306100	11.299000	1
61.324000	166.390000	-7.362400	11.300000	1
61.304000	166.470000	-5.649400	11.300000	1
61.284000	166.550000	-7.023600	11.300000	1
61.264000	166.640000	-4.962600	11.300000	1
61.244000	166.720000	-7.724600	11.300000	1
61.224000	166.800000	-8.395900	11.300000	1
61.204000	166.880000	-7.701500	11.301000	1
61.184000	166.960000	-8.391700	11.301000	1
61.163000	167.040000	-5.629200	11.301000	1
61.143000	167.120000	-6.330500	11.301000	1
61.123000	167.200000	-8.383500	11.301000	1
61.103000	167.280000	-6.666400	11.301000	1
61.082000	167.360000	-7.002500	11.301000	1
61.062000	167.440000	-6.326100	11.301000	1
61.041000	167.520000	-6.662400	11.300000	1
61.021000	167.600000	-6.673600	11.300000	1
61.000000	167.680000	-7.020800	11.301000	1
60.980000	167.760000	-7.013300	11.300000	1
60.959000	167.840000	-6.673300	11.300000	1
60.938000	167.920000	-4.268500	11.301000	1
60.917000	168.000000	-4.604900	11.300000	1
60.896000	168.080000	-4.952500	11.300000	1
60.876000	168.160000	-3.578100	11.301000	1
60.855000	168.240000	-5.638500	11.300000	1
60.834000	168.320000	-7.374200	11.300000	1
60.813000	168.400000	-5.305600	11.300000	1
61.757000	164.280000	-6.067600	12.055000	1
61.739000	164.360000	-7.422800	12.055000	1
61.721000	164.450000	-8.460600	12.055000	1
61.702000	164.530000	-7.089900	12.055000	1
61.683000	164.610000	-9.502500	12.055000	1
61.665000	164.700000	-9.150800	12.055000	1
61.646000	164.780000	-7.429800	12.055000	1
61.627000	164.860000	-6.739400	12.055000	1
61.608000	164.950000	-6.735600	12.055000	1
61.590000	165.030000	-6.395500	12.055000	1
61.571000	165.110000	-6.735400	12.055000	1
61.552000	165.200000	-5.024800	12.055000	1
61.533000	165.280000	-5.708600	12.055000	1
61.514000	165.360000	-6.742700	12.055000	1
61.494000	165.450000	-6.742600	12.055000	1
61.475000	165.530000	-7.421300	12.055000	1
61.456000	165.610000	-7.436100	12.055000	1
61.437000	165.690000	-6.061700	12.055000	1
61.417000	165.780000	-5.707700	12.055000	1
61.398000	165.860000	-8.804800	12.055000	1
61.378000	165.940000	-8.121600	12.055000	1
61.359000	166.020000	-6.737300	12.055000	1
61.339000	166.100000	-7.438600	12.055000	1
61.320000	166.190000	-5.721600	12.055000	1
61.300000	166.270000	-7.788500	12.054000	1
61.280000	166.350000	-6.075000	12.055000	1
61.260000	166.430000	-4.691100	12.055000	1
61.241000	166.510000	-7.434000	12.055000	1
61.221000	166.590000	-8.131700	12.055000	1
61.201000	166.670000	-9.150600	12.055000	1
61.181000	166.750000	-7.787500	12.055000	1
61.161000	166.840000	-7.791000	12.056000	1
61.141000	166.920000	-7.092900	12.056000	1
61.120000	167.000000	-7.085300	12.056000	1
61.100000	167.080000	-9.157300	12.056000	1
61.080000	167.160000	-7.428800	12.056000	1
61.060000	167.240000	-7.088400	12.056000	1
61.039000	167.320000	-7.092100	12.056000	1
61.019000	167.400000	-6.741700	12.056000	1
60.998000	167.480000	-5.715200	12.055000	1
60.978000	167.560000	-5.027400	12.055000	1
60.957000	167.640000	-5.030800	12.056000	1
60.937000	167.720000	-5.714700	12.056000	1
60.916000	167.800000	-5.703700	12.055000	1
60.895000	167.880000	-6.060700	12.056000	1
60.875000	167.960000	-4.684200	12.055000	1
60.854000	168.040000	-2.627700	12.055000	1
60.833000	168.120000	-4.018800	12.056000	1
60.812000	168.200000	-5.033900	12.055000	1
60.791000	168.270000	-7.098300	12.055000	1
60.770000	168.350000	-4.687200	12.055000	1
61.713000	164.240000	-6.003800	12.815000	1
61.694000	164.320000	-9.098800	12.816000	1
61.676000	164.400000	-8.422100	12.816000	1
61.658000	164.490000	-8.429300	12.815000	1
61.639000	164.570000	-8.071400	12.816000	1
61.620000	164.650000	-8.429100	12.815000	1
61.602000	164.740000	-7.391000	12.816000	1
61.583000	164.820000	-6.350500	12.816000	1
61.564000	164.900000	-7.037100	12.816000	1
61.545000	164.990000	-6.002600	12.816000	1
61.526000	165.070000	-6.700200	12.816000	1
61.507000	165.150000	-5.669900	12.816000	1
61.488000	165.240000	-5.319700	12.816000	1
61.469000	165.320000	-6.707500	12.815000	1
61.450000	165.400000	-6.699800	12.815000	1
61.431000	165.490000	-6.699900	12.815000	1
61.412000	165.570000	-3.262400	12.816000	1
61.393000	165.650000	-6.020500	12.816000	1
61.373000	165.730000	-6.722000	12.815000	1
61.354000	165.810000	-9.100200	12.816000	1
61.334000	165.900000	-7.046500	12.816000	1
61.315000	165.980000	-6.698900	12.815000	1
61.295000	166.060000	-5.683200	12.816000	1
61.276000	166.140000	-8.087900	12.816000	1
61.256000	166.220000	-8.430400	12.815000	1
61.236000	166.300000	-5.678800	12.816000	1
61.217000	166.390000	-6.007700	12.815000	1
61.197000	166.470000	-7.747100	12.816000	1
61.177000	166.550000	-8.086900	12.816000	1
61.157000	166.630000	-8.086700	12.816000	1
61.137000	166.710000	-7.044700	12.816000	1
61.117000	166.790000	-6.354300	12.816000	1
61.097000	166.870000	-7.387000	12.816000	1
61.077000	166.950000	-7.726900	12.817000	1
61.057000	167.030000	-7.040200	12.817000	1
61.036000	167.110000	-6.013400	12.816000	1
61.016000	167.190000	-6.353300	12.817000	1
60.996000	167.270000	-6.710700	12.817000	1
60.975000	167.350000	-6.703000	12.816000	1
60.955000	167.430000	-6.016600	12.816000	1
60.934000	167.510000	-5.676500	12.815000	1
60.914000	167.590000	-7.404300	12.816000	1
60.893000	167.670000	-5.318500	12.816000	1
60.873000	167.750000	-4.642100	12.815000	1
60.852000	167.830000	-5.329500	12.816000	1
60.831000	167.910000	-4.295400	12.816000	1
60.810000	167.990000	-4.287900	12.815000	1
60.790000	168.070000	-5.329200	12.816000	1
60.769000	168.150000	-6.030600	12.816000	1
60.748000	168.230000	-7.038300	12.815000	1
60.727000	168.310000	-9.102800	12.816000	1
61.668000	164.190000	-7.454400	13.574000	1
61.650000	164.280000	-8.492100	13.575000	1
61.631000	164.360000	-8.147800	13.574000	1
61.613000	164.450000	-9.182000	13.574000	1
61.594000	164.530000	-6.072800	13.575000	1
61.576000	164.610000	-6.759400	13.574000	1
61.557000	164.700000	-6.065200	13.574000	1
61.538000	164.780000	-6.068800	13.575000	1
61.520000	164.860000	-7.109300	13.574000	1
61.501000	164.950000	-6.068800	13.574000	1
61.482000	165.030000	-6.072300	13.575000	1
61.463000	165.110000	-6.075800	13.574000	1
61.444000	165.190000	-8.150600	13.574000	1
61.425000	165.280000	-9.871600	13.574000	1
61.406000	165.360000	-8.150500	13.574000	1
61.387000	165.440000	-5.739200	13.574000	1
61.368000	165.520000	-1.618100	13.575000	1
61.348000	165.610000	-5.052400	13.574000	1
61.329000	165.690000	-7.463100	13.574000	1
61.310000	165.770000	-7.115300	13.574000	1
61.290000	165.850000	-6.764900	13.575000	1
61.271000	165.930000	-5.398200	13.574000	1
61.251000	166.020000	-6.776100	13.575000	1
61.232000	166.100000	-7.122000	13.575000	1
61.212000	166.180000	-6.074000	13.574000	1
61.192000	166.260000	-6.066300	13.575000	1
61.173000	166.340000	-8.843900	13.574000	1
61.153000	166.420000	-7.473000	13.574000	1
61.133000	166.500000	-8.492000	13.575000	1
61.113000	166.590000	-8.839600	13.575000	1
61.093000	166.670000	-8.499200	13.575000	1
61.073000	166.750000	-7.109500	13.575000	1
61.053000	166.830000	-7.105600	13.575000	1
61.033000	166.910000	-6.072500	13.575000	1
61.013000	166.990000	-6.415000	13.575000	1
60.993000	167.070000	-6.072200	13.575000	1
60.972000	167.150000	-6.762300	13.575000	1
60.952000	167.230000	-6.075500	13.575000	1
60.932000	167.310000	-5.387700	13.575000	1
60.911000	167.390000	-5.731300	13.575000	1
60.891000	167.470000	-8.505300	13.574000	1
60.870000	167.550000	-7.126500	13.575000	1
60.850000	167.630000	-5.048200	13.575000	1
60.829000	167.710000	-5.052100	13.574000	1
60.808000	167.790000	-5.398000	13.575000	1
60.788000	167.870000	-3.670100	13.575000	1
60.767000	167.950000	-5.730700	13.574000	1
60.746000	168.020000	-4.386300	13.575000	1
60.725000	168.100000	-4.021100	13.575000	1
60.704000	168.180000	-6.447000	13.574000	1
60.683000	168.260000	-6.764200	13.575000	1
61.624000	164.150000	-7.904600	14.326000	1
61.605000	164.240000	-8.237000	14.327000	1
61.587000	164.320000	-8.252200	14.327000	1
61.568000	164.400000	-7.889200	14.326000	1
61.550000	164.490000	-7.538500	14.327000	1
61.531000	164.570000	-6.171800	14.326000	1
61.513000	164.650000	-5.477800	14.327000	1
61.494000	164.740000	-6.167900	14.327000	1
61.475000	164.820000	-6.865600	14.327000	1
61.456000	164.900000	-6.515300	14.327000	1
61.438000	164.990000	-5.148700	14.327000	1
61.419000	165.070000	-7.903400	14.327000	1
61.400000	165.150000	-7.899500	14.327000	1
61.381000	165.230000	-10.301000	14.326000	1
61.362000	165.320000	-3.782900	14.326000	1
61.343000	165.400000	-6.883700	14.326000	1
61.323000	165.480000	-4.125100	14.327000	1
61.304000	165.560000	-5.159100	14.327000	1
61.285000	165.650000	-7.544700	14.326000	1
61.266000	165.730000	-6.529000	14.327000	1
61.246000	165.810000	-7.563000	14.327000	1
61.227000	165.890000	-5.498500	14.326000	1
61.207000	165.970000	-5.161800	14.327000	1
61.188000	166.050000	-7.551400	14.327000	1
61.168000	166.140000	-7.207300	14.326000	1
61.148000	166.220000	-7.218300	14.327000	1
61.129000	166.300000	-4.811300	14.326000	1
61.109000	166.380000	-6.524200	14.327000	1
61.089000	166.460000	-9.283200	14.327000	1
61.069000	166.540000	-7.561800	14.327000	1
61.049000	166.620000	-6.870000	14.327000	1
61.029000	166.700000	-6.862300	14.327000	1
61.009000	166.780000	-7.202300	14.327000	1
60.989000	166.860000	-7.209800	14.327000	1
60.969000	166.940000	-6.869500	14.327000	1
60.949000	167.020000	-6.175100	14.327000	1
60.929000	167.100000	-6.865200	14.327000	1
60.908000	167.180000	-5.832100	14.327000	1
60.888000	167.260000	-6.525900	14.327000	1
60.868000	167.340000	-7.906500	14.327000	1
60.847000	167.420000	-5.499200	14.326000	1
60.827000	167.500000	-6.181600	14.327000	1
60.806000	167.580000	-3.438300	14.327000	1
60.786000	167.660000	-4.797400	14.326000	1
60.765000	167.740000	-5.487300	14.327000	1
60.744000	167.820000	-2.736600	14.327000	1
60.724000	167.900000	-6.200000	14.326000	1
60.703000	167.980000	-5.826900	14.327000	1
60.682000	168.060000	-8.245600	14.327000	1
60.661000	168.140000	-6.199700	14.326000	1
60.640000	168.220000	-7.901000	14.327000	1
61.578000	164.110000	-7.571800	15.088000	1
61.560000	164.190000	-8.251800	15.088000	1
61.542000	164.280000	-10.331000	15.088000	1
61.523000	164.360000	-7.217100	15.088000	1
61.505000	164.450000	-6.201300	15.088000	1
61.486000	164.530000	-5.857400	15.088000	1
61.468000	164.610000	-5.849900	15.088000	1
61.449000	164.690000	-6.193600	15.088000	1
61.430000	164.780000	-7.227700	15.088000	1
61.411000	164.860000	-6.197300	15.088000	1
61.393000	164.940000	-6.197200	15.088000	1
61.374000	165.030000	-6.883500	15.088000	1
61.355000	165.110000	-8.940900	15.088000	1
61.336000	165.190000	-6.887100	15.088000	1
61.317000	165.270000	-4.472400	15.088000	1
61.298000	165.360000	-8.280100	15.088000	1
61.278000	165.440000	-5.188500	15.088000	1
61.259000	165.520000	-6.199900	15.088000	1
61.240000	165.600000	-8.611100	15.088000	1
61.221000	165.680000	-7.233900	15.088000	1
61.201000	165.770000	-6.549700	15.088000	1
61.182000	165.850000	-8.610800	15.088000	1
61.163000	165.930000	-7.923800	15.088000	1
61.143000	166.010000	-8.629300	15.088000	1
61.123000	166.090000	-7.244500	15.088000	1
61.104000	166.170000	-6.881500	15.088000	1
61.084000	166.250000	-4.485800	15.088000	1
61.064000	166.330000	-8.255900	15.088000	1
61.045000	166.420000	-8.613700	15.088000	1
61.025000	166.500000	-8.605900	15.089000	1
61.005000	166.580000	-7.918900	15.089000	1
60.985000	166.660000	-6.540700	15.089000	1
60.965000	166.740000	-6.884200	15.089000	1
60.945000	166.820000	-6.197500	15.089000	1
60.925000	166.900000	-5.860900	15.089000	1
60.905000	166.980000	-7.231400	15.089000	1
60.884000	167.060000	-6.547100	15.089000	1
60.864000	167.140000	-7.227300	15.089000	1
60.844000	167.220000	-7.234700	15.089000	1
60.823000	167.300000	-6.558000	15.089000	1
60.803000	167.380000	-6.557900	15.088000	1
60.783000	167.460000	-5.871100	15.089000	1
60.762000	167.540000	-5.509600	15.089000	1
60.742000	167.620000	-4.139200	15.088000	1
60.721000	167.700000	-5.513100	15.089000	1
60.700000	167.770000	-2.772300	15.088000	1
60.680000	167.850000	-2.422300	15.088000	1
60.659000	167.930000	-7.244800	15.089000	1
60.638000	168.010000	-6.900800	15.088000	1
60.617000	168.090000	-9.993100	15.088000	1
60.596000	168.170000	-9.308300	15.088000	1
61.496000	164.240000	-6.944900	15.845000	1
61.478000	164.320000	-7.971500	15.845000	1
61.459000	164.400000	-6.256700	15.845000	1
61.441000	164.490000	-6.260300	15.845000	1
61.422000	164.570000	-6.944300	15.845000	1
61.404000	164.650000	-6.264000	15.845000	1
61.385000	164.730000	-6.252500	15.845000	1
61.366000	164.820000	-4.532000	15.845000	1
61.347000	164.900000	-7.634300	15.845000	1
61.329000	164.980000	-9.011400	15.845000	1
61.310000	165.070000	-8.649600	15.845000	1
61.291000	165.150000	-9.018500	15.845000	1
61.272000	165.230000	-8.335400	15.844000	1
61.253000	165.310000	-5.927800	15.844000	1
61.234000	165.390000	-5.931100	15.845000	1
61.214000	165.480000	-6.610200	15.845000	1
61.195000	165.560000	-7.293000	15.844000	1
61.176000	165.640000	-7.292700	15.845000	1
61.157000	165.720000	-7.644000	15.845000	1
61.137000	165.800000	-5.229300	15.844000	1
61.118000	165.880000	-9.357500	15.845000	1
61.098000	165.970000	-9.020700	15.845000	1
61.079000	166.050000	-9.360800	15.844000	1
61.059000	166.130000	-5.597500	15.845000	1
61.039000	166.210000	-9.345800	15.845000	1
61.020000	166.290000	-8.330000	15.845000	1
61.000000	166.370000	-7.976000	15.845000	1
60.980000	166.450000	-7.298900	15.845000	1
60.960000	166.530000	-7.287700	15.845000	1
60.940000	166.610000	-5.570500	15.845000	1
60.920000	166.690000	-6.596900	15.845000	1
60.900000	166.770000	-7.967300	15.846000	1
60.880000	166.850000	-7.974800	15.845000	1
60.860000	166.930000	-7.641700	15.846000	1
60.840000	167.010000	-6.607500	15.845000	1
60.820000	167.090000	-3.166100	15.846000	1
60.800000	167.170000	-5.580300	15.846000	1
60.779000	167.250000	-6.270600	15.845000	1
60.759000	167.330000	-5.230200	15.845000	1
60.738000	167.410000	-5.233600	15.845000	1
60.718000	167.490000	-4.886000	15.845000	1
60.698000	167.570000	-4.199400	15.844000	1
60.677000	167.650000	-2.821200	15.845000	1
60.656000	167.730000	-5.244300	15.845000	1
60.636000	167.810000	-4.541600	15.844000	1
60.615000	167.890000	-7.300100	15.845000	1
60.594000	167.960000	-7.644000	15.845000	1
60.573000	168.040000	-8.315600	15.844000	1
60.552000	168.120000	1.986200	15.845000	1
61.451000	164.190000	-9.851200	16.599000	1
61.432000	164.280000	-6.741300	16.599000	1
61.414000	164.360000	-5.699200	16.599000	1
61.395000	164.440000	-6.053200	16.599000	1
61.377000	164.530000	-5.706500	16.599000	1
61.358000	164.610000	-6.744400	16.599000	1
61.340000	164.690000	-3.294400	16.599000	1
61.321000	164.770000	-5.713700	16.599000	1
61.302000	164.860000	-7.090400	16.599000	1
61.283000	164.940000	-7.763300	16.599000	1
61.264000	165.020000	-8.121000	16.599000	1
61.246000	165.100000	-8.811600	16.599000	1
61.227000	165.190000	-5.380300	16.599000	1
61.208000	165.270000	-3.663500	16.598000	1
61.188000	165.350000	-4.693600	16.599000	1
61.169000	165.430000	-3.323100	16.599000	1
61.150000	165.510000	-7.784700	16.599000	1
61.131000	165.600000	-7.429500	16.599000	1
61.112000	165.680000	-6.398700	16.599000	1
61.092000	165.760000	-5.364500	16.599000	1
61.073000	165.840000	-7.085300	16.599000	1
61.053000	165.920000	-9.157700	16.599000	1
61.034000	166.000000	-8.798800	16.598000	1
61.014000	166.080000	-7.107200	16.599000	1
60.995000	166.160000	-7.783900	16.599000	1
60.975000	166.250000	-8.126500	16.599000	1
60.955000	166.330000	-7.424700	16.599000	1
60.935000	166.410000	-7.084300	16.599000	1
60.916000	166.490000	-8.458800	16.599000	1
60.896000	166.570000	-7.095000	16.600000	1
60.876000	166.650000	-8.121900	16.600000	1
60.856000	166.730000	-8.121500	16.600000	1
60.836000	166.810000	-8.124900	16.600000	1
60.816000	166.890000	-8.465200	16.600000	1
60.796000	166.970000	-7.767100	16.600000	1
60.775000	167.050000	-7.770900	16.600000	1
60.755000	167.130000	-8.124600	16.600000	1
60.735000	167.210000	-7.445200	16.600000	1
60.715000	167.290000	-5.716900	16.599000	1
60.694000	167.370000	-3.670900	16.599000	1
60.674000	167.450000	-5.033700	16.599000	1
60.653000	167.520000	-5.376400	16.598000	1
60.633000	167.600000	-4.697000	16.599000	1
60.612000	167.680000	-5.712400	16.599000	1
60.591000	167.760000	-7.418300	16.598000	1
60.571000	167.840000	-9.139600	16.599000	1
60.550000	167.920000	-7.433000	16.599000	1
60.529000	168.000000	-2.617500	16.598000	1
60.508000	168.080000	1.170800	16.599000	1
61.423000	164.070000	-7.460200	17.364000	1
61.404000	164.150000	-6.783600	17.364000	1
61.386000	164.230000	-6.776000	17.364000	1
61.368000	164.320000	-7.448700	17.364000	1
61.349000	164.400000	-6.771900	17.364000	1
61.331000	164.480000	-6.429000	17.364000	1
61.312000	164.570000	-6.067500	17.364000	1
61.293000	164.650000	-4.021600	17.364000	1
61.275000	164.730000	-4.694100	17.364000	1
61.256000	164.810000	-8.844200	17.364000	1
61.237000	164.900000	-9.184000	17.364000	1
61.218000	164.980000	-10.577000	17.364000	1
61.199000	165.060000	-5.737700	17.364000	1
61.181000	165.140000	-4.712100	17.363000	1
61.162000	165.220000	-5.394700	17.363000	1
61.142000	165.310000	-1.978500	17.364000	1
61.123000	165.390000	-5.759500	17.364000	1
61.104000	165.470000	-7.136200	17.363000	1
61.085000	165.550000	-6.438300	17.364000	1
61.066000	165.630000	-7.479700	17.364000	1
61.046000	165.710000	-8.162800	17.363000	1
61.027000	165.790000	-6.778100	17.364000	1
61.008000	165.880000	-8.162600	17.364000	1
60.988000	165.960000	-7.453600	17.363000	1
60.968000	166.040000	-7.113200	17.364000	1
60.949000	166.120000	-7.823400	17.364000	1
60.929000	166.200000	-7.468300	17.364000	1
60.910000	166.280000	-8.150800	17.364000	1
60.890000	166.360000	-6.762300	17.364000	1
60.870000	166.440000	-7.123600	17.364000	1
60.850000	166.520000	-6.769400	17.364000	1
60.830000	166.600000	-6.773000	17.364000	1
60.810000	166.680000	-8.844300	17.365000	1
60.790000	166.760000	-8.501500	17.364000	1
60.770000	166.840000	-7.459300	17.365000	1
60.750000	166.920000	-7.122700	17.364000	1
60.730000	167.000000	-7.473800	17.365000	1
60.710000	167.080000	-6.096600	17.365000	1
60.689000	167.160000	-6.446700	17.364000	1
60.669000	167.240000	-5.069800	17.364000	1
60.649000	167.320000	-6.760700	17.364000	1
60.628000	167.400000	-5.062000	17.364000	1
60.608000	167.480000	-6.092400	17.363000	1
60.587000	167.560000	-6.779000	17.364000	1
60.567000	167.630000	-8.163200	17.364000	1
60.546000	167.710000	-5.748400	17.363000	1
60.525000	167.790000	-2.299400	17.364000	1
61.321000	164.270000	-5.850400	18.124000	1
61.303000	164.360000	-7.217300	18.124000	1
61.284000	164.440000	-6.190200	18.124000	1
61.266000	164.520000	-6.190100	18.124000	1
61.247000	164.600000	-5.144700	18.124000	1
61.228000	164.690000	-6.182400	18.124000	1
61.210000	164.770000	-8.601100	18.124000	1
61.191000	164.850000	-9.639500	18.124000	1
61.172000	164.930000	-9.632200	18.124000	1
61.153000	165.020000	-8.301400	18.124000	1
61.134000	165.100000	-5.882100	18.124000	1
61.115000	165.180000	-5.199200	18.124000	1
61.096000	165.260000	-4.840300	18.124000	1
61.077000	165.340000	-7.920700	18.124000	1
61.058000	165.420000	-7.580400	18.124000	1
61.039000	165.510000	-6.542200	18.124000	1
61.020000	165.590000	-7.222400	18.124000	1
61.000000	165.670000	-7.226100	18.124000	1
60.981000	165.750000	-7.916200	18.124000	1
60.962000	165.830000	-7.568500	18.124000	1
60.942000	165.910000	-5.514800	18.124000	1
60.923000	165.990000	-7.920000	18.124000	1
60.903000	166.070000	-7.221900	18.124000	1
60.883000	166.150000	-7.572100	18.124000	1
60.864000	166.230000	-6.873900	18.124000	1
60.844000	166.310000	-6.870100	18.124000	1
60.824000	166.400000	-6.190600	18.125000	1
60.804000	166.480000	-6.186800	18.125000	1
60.785000	166.560000	-7.574900	18.125000	1
60.765000	166.640000	-7.220600	18.125000	1
60.745000	166.720000	-7.911000	18.125000	1
60.725000	166.800000	-8.272200	18.125000	1
60.705000	166.870000	-8.268300	18.125000	1
60.684000	166.950000	-7.585500	18.125000	1
60.664000	167.030000	-5.875000	18.125000	1
60.644000	167.110000	-7.584900	18.125000	1
60.624000	167.190000	-6.546800	18.124000	1
60.603000	167.270000	-6.215000	18.124000	1
60.583000	167.350000	-4.120700	18.125000	1
60.563000	167.430000	-3.109000	18.124000	1
60.542000	167.510000	-4.153900	18.124000	1