La	Lo	Sig	Theta	Ice
66.259000	149.590000	-6.833700	-18.183000	1
66.257000	149.700000	-7.162700	-18.183000	1
66.255000	149.810000	-5.462800	-18.183000	1
66.253000	149.920000	-7.531100	-18.183000	1
66.251000	150.030000	-5.451200	-18.183000	1
66.248000	150.130000	-5.097400	-18.183000	1
66.246000	150.240000	-6.135000	-18.183000	1
66.244000	150.350000	-5.802300	-18.183000	1
66.241000	150.460000	-6.138400	-18.183000	1
66.238000	150.570000	-5.801800	-18.183000	1
66.236000	150.680000	-5.454300	-18.183000	1
66.233000	150.790000	-6.138300	-18.183000	1
66.230000	150.900000	-5.100000	-18.183000	1
66.227000	151.000000	-5.453700	-18.183000	1
66.224000	151.110000	-4.077100	-18.183000	1
66.221000	151.220000	-4.763400	-18.183000	1
66.218000	151.330000	-5.453600	-18.183000	1
66.215000	151.440000	-5.793500	-18.183000	1
66.212000	151.550000	-6.823800	-18.183000	1
66.208000	151.660000	-5.457000	-18.183000	1
66.205000	151.770000	-4.766700	-18.183000	1
66.201000	151.870000	-8.215800	-18.184000	1
66.204000	149.810000	-6.418400	-17.426000	1
66.202000	149.910000	-5.738100	-17.425000	1
66.200000	150.020000	-6.776000	-17.426000	1
66.198000	150.130000	-5.044000	-17.425000	1
66.195000	150.240000	-5.737800	-17.425000	1
66.193000	150.350000	-5.726600	-17.425000	1
66.190000	150.460000	-5.734000	-17.425000	1
66.188000	150.570000	-6.421500	-17.425000	1
66.185000	150.680000	-6.771700	-17.425000	1
66.182000	150.780000	-6.077600	-17.425000	1
66.179000	150.890000	-5.730000	-17.425000	1
66.177000	151.000000	-5.737100	-17.426000	1
66.174000	151.110000	-6.069900	-17.425000	1
66.171000	151.220000	-5.043200	-17.425000	1
66.167000	151.330000	-4.001600	-17.425000	1
66.164000	151.430000	-6.417200	-17.426000	1
66.161000	151.540000	-5.736700	-17.425000	1
66.158000	151.650000	-6.065700	-17.425000	1
66.154000	151.760000	-5.740200	-17.425000	1
66.151000	151.870000	-7.125700	-17.426000	1
66.147000	151.980000	-7.801100	-17.425000	1
64.638000	168.190000	-4.365700	-17.425000	1
64.623000	168.290000	-1.607500	-17.425000	1
64.608000	168.380000	-4.353300	-17.424000	1
64.592000	168.480000	-4.700700	-17.424000	1
64.577000	168.570000	-4.700100	-17.425000	1
64.562000	168.670000	-3.680700	-17.425000	1
64.546000	168.770000	-5.739800	-17.424000	1
64.530000	168.860000	-6.784700	-17.425000	1
64.515000	168.960000	-6.075500	-17.425000	1
64.499000	169.050000	-8.147500	-17.424000	1
64.483000	169.150000	-5.760000	-17.425000	1
64.467000	169.240000	0.091662	-17.425000	1
64.451000	169.340000	-4.707800	-17.424000	1
64.435000	169.430000	-3.665600	-17.425000	1
64.419000	169.530000	-2.627400	-17.425000	1
64.403000	169.620000	-3.328600	-17.424000	1
66.151000	149.910000	-6.727800	-16.662000	1
66.149000	150.020000	-6.735000	-16.663000	1
66.147000	150.130000	-5.356900	-16.662000	1
66.144000	150.240000	-3.980100	-16.663000	1
66.142000	150.350000	-5.017700	-16.662000	1
66.140000	150.460000	-6.390700	-16.663000	1
66.137000	150.560000	-5.700400	-16.663000	1
66.134000	150.670000	-6.054300	-16.663000	1
66.132000	150.780000	-4.322400	-16.662000	1
66.129000	150.890000	-4.329700	-16.663000	1
66.126000	151.000000	-3.639300	-16.663000	1
66.123000	151.110000	-5.356100	-16.662000	1
66.120000	151.210000	-6.050000	-16.663000	1
66.117000	151.320000	-5.699800	-16.663000	1
66.113000	151.430000	-6.722900	-16.663000	1
66.110000	151.540000	-6.389800	-16.663000	1
66.107000	151.650000	-5.366800	-16.663000	1
66.103000	151.750000	-5.710900	-16.662000	1
66.100000	151.860000	-5.362900	-16.663000	1
66.096000	151.970000	-6.064300	-16.662000	1
66.093000	152.080000	-5.691700	-16.663000	1
66.089000	152.190000	-7.420100	-16.662000	1
66.085000	152.290000	-6.393100	-16.663000	1
66.081000	152.400000	-6.396500	-16.662000	1
66.077000	152.510000	-2.962700	-16.663000	1
66.073000	152.620000	-4.679600	-16.663000	1
66.069000	152.730000	-7.416000	-16.663000	1
64.544000	168.440000	-3.990900	-16.662000	1
64.529000	168.540000	-5.367400	-16.662000	1
64.513000	168.630000	-2.606200	-16.662000	1
64.498000	168.730000	-6.408100	-16.662000	1
64.482000	168.820000	-5.702600	-16.662000	1
64.467000	168.920000	-7.086400	-16.662000	1
64.451000	169.010000	-7.082400	-16.661000	1
64.435000	169.110000	-8.108700	-16.662000	1
64.419000	169.200000	-7.757800	-16.662000	1
64.403000	169.300000	-6.405400	-16.661000	1
64.387000	169.390000	0.140700	-16.662000	1
64.371000	169.490000	-3.643200	-16.662000	1
64.355000	169.580000	-5.367200	-16.661000	1
66.097000	150.130000	-5.212000	-15.904000	1
66.094000	150.240000	-5.561900	-15.905000	1
66.092000	150.340000	-4.550200	-15.904000	1
66.089000	150.450000	-5.222800	-15.905000	1
66.087000	150.560000	-5.572700	-15.905000	1
66.084000	150.670000	-5.226300	-15.905000	1
66.081000	150.780000	-4.878600	-15.904000	1
66.079000	150.890000	-5.218500	-15.905000	1
66.076000	150.990000	-5.222000	-15.905000	1
66.073000	151.100000	-5.908700	-15.904000	1
66.070000	151.210000	-5.214400	-15.905000	1
66.067000	151.320000	-5.568300	-15.904000	1
66.063000	151.430000	-5.564300	-15.905000	1
66.060000	151.530000	-5.564400	-15.905000	1
66.057000	151.640000	-4.533700	-15.905000	1
66.053000	151.750000	-5.911800	-15.904000	1
66.050000	151.860000	-4.873400	-15.905000	1
66.046000	151.960000	-5.571300	-15.904000	1
66.043000	152.070000	-2.145200	-15.905000	1
66.039000	152.180000	-3.529200	-15.904000	1
66.035000	152.290000	-6.601300	-15.905000	1
66.031000	152.400000	-3.521500	-15.904000	1
66.027000	152.500000	-6.612300	-15.905000	1
66.023000	152.610000	-3.861300	-15.904000	1
66.019000	152.720000	-7.295000	-15.905000	1
64.512000	168.310000	-6.616400	-15.904000	1
64.497000	168.410000	-5.585900	-15.904000	1
64.481000	168.500000	-5.563100	-15.904000	1
64.466000	168.600000	-5.574100	-15.904000	1
64.450000	168.690000	-5.581200	-15.904000	1
64.435000	168.790000	-6.256000	-15.904000	1
64.419000	168.880000	-5.909000	-15.904000	1
64.403000	168.980000	-8.324000	-15.903000	1
64.388000	169.070000	-9.361200	-15.904000	1
64.372000	169.170000	-7.980100	-15.904000	1
64.356000	169.260000	-6.605000	-15.903000	1
64.340000	169.360000	-4.883800	-15.904000	1
64.324000	169.450000	-5.917600	-15.904000	1
64.308000	169.550000	-6.944000	-15.903000	1
66.045000	150.230000	-5.847700	-15.149000	1
66.042000	150.340000	-4.817400	-15.148000	1
66.040000	150.450000	-4.806100	-15.149000	1
66.037000	150.560000	-5.493700	-15.149000	1
66.035000	150.670000	-5.490000	-15.148000	1
66.032000	150.770000	-3.425600	-15.148000	1
66.029000	150.880000	-4.119300	-15.149000	1
66.026000	150.990000	-4.123000	-15.149000	1
66.023000	151.100000	-5.493500	-15.148000	1
66.020000	151.210000	-5.489400	-15.149000	1
66.017000	151.310000	-5.485700	-15.148000	1
66.014000	151.420000	-5.481700	-15.149000	1
66.011000	151.530000	-4.809000	-15.149000	1
66.007000	151.640000	-5.842900	-15.149000	1
66.004000	151.740000	-5.152700	-15.148000	1
66.000000	151.850000	-4.819700	-15.149000	1
65.997000	151.960000	-7.567300	-15.148000	1
65.993000	152.070000	-4.800900	-15.149000	1
65.989000	152.170000	-3.439300	-15.148000	1
65.985000	152.280000	-5.853400	-15.149000	1
65.981000	152.390000	-5.159500	-15.148000	1
65.977000	152.500000	-4.826700	-15.149000	1
65.973000	152.600000	-4.811900	-15.148000	1
64.449000	168.370000	-3.798000	-15.148000	1
64.434000	168.470000	-4.462800	-15.148000	1
64.419000	168.560000	-6.190800	-15.148000	1
64.403000	168.660000	-5.842500	-15.148000	1
64.388000	168.750000	-7.563000	-15.148000	1
64.372000	168.850000	-7.212100	-15.148000	1
64.356000	168.940000	-9.627500	-15.147000	1
64.340000	169.040000	-9.282700	-15.148000	1
64.325000	169.130000	-8.595500	-15.148000	1
64.309000	169.230000	-8.598800	-15.147000	1
64.293000	169.320000	-8.244600	-15.148000	1
64.277000	169.410000	-6.190200	-15.148000	1
64.261000	169.510000	-6.540100	-15.147000	1
65.993000	150.340000	-5.797800	-14.394000	1
65.991000	150.450000	-5.446200	-14.395000	1
65.988000	150.560000	-6.136300	-14.395000	1
65.985000	150.660000	-5.109800	-14.394000	1
65.983000	150.770000	-3.041700	-14.394000	1
65.980000	150.880000	-5.445800	-14.394000	1
65.977000	150.990000	-4.419000	-14.395000	1
65.974000	151.090000	-5.109400	-14.394000	1
65.971000	151.200000	-5.789400	-14.395000	1
65.968000	151.310000	-4.759000	-14.394000	1
65.965000	151.420000	-6.142900	-14.395000	1
65.961000	151.520000	-5.781500	-14.394000	1
65.958000	151.630000	-5.445100	-14.395000	1
65.955000	151.740000	-6.138900	-14.394000	1
65.951000	151.850000	-5.104500	-14.395000	1
65.948000	151.950000	-3.047900	-14.394000	1
65.944000	152.060000	-6.157300	-14.395000	1
65.940000	152.170000	-8.203300	-14.394000	1
65.936000	152.280000	-7.512700	-14.394000	1
64.403000	168.340000	-6.157100	-14.393000	1
64.387000	168.430000	-5.130200	-14.394000	1
64.372000	168.530000	-5.802800	-14.394000	1
64.356000	168.620000	-5.798600	-14.394000	1
64.341000	168.720000	-6.488500	-14.394000	1
64.325000	168.810000	-5.457600	-14.394000	1
64.310000	168.910000	-8.208600	-14.393000	1
64.294000	169.000000	-8.548600	-14.394000	1
64.278000	169.090000	-9.592400	-14.394000	1
64.262000	169.190000	-9.928700	-14.393000	1
64.246000	169.280000	-8.886100	-14.394000	1
64.230000	169.380000	-8.550500	-14.394000	1
64.214000	169.470000	-8.202300	-14.393000	1
65.939000	150.550000	-4.712100	-13.637000	1
65.936000	150.660000	-6.090100	-13.637000	1
65.934000	150.770000	-5.052100	-13.637000	1
65.931000	150.870000	-4.711900	-13.637000	1
65.928000	150.980000	-4.021500	-13.637000	1
65.925000	151.090000	-4.021700	-13.636000	1
65.922000	151.200000	-4.379000	-13.637000	1
65.919000	151.300000	-5.401800	-13.637000	1
65.916000	151.410000	-5.412900	-13.637000	1
65.912000	151.520000	-5.752900	-13.637000	1
65.909000	151.630000	-4.714900	-13.637000	1
65.906000	151.730000	-4.032300	-13.636000	1
65.902000	151.840000	-5.066000	-13.637000	1
65.898000	151.950000	-6.435100	-13.637000	1
65.895000	152.050000	-4.382000	-13.637000	1
65.891000	152.160000	-6.096200	-13.637000	1
65.887000	152.270000	-6.092300	-13.637000	1
64.416000	167.920000	-7.493300	-13.636000	1
64.401000	168.010000	-6.093500	-13.636000	1
64.386000	168.110000	-2.320200	-13.636000	1
64.371000	168.210000	-4.734300	-13.636000	1
64.356000	168.300000	-6.104600	-13.636000	1
64.341000	168.400000	-3.009600	-13.637000	1
64.325000	168.490000	-5.439000	-13.636000	1
64.310000	168.590000	-3.706900	-13.636000	1
64.294000	168.680000	-2.333700	-13.636000	1
64.279000	168.770000	-4.721000	-13.637000	1
64.263000	168.870000	-5.057300	-13.635000	1
64.247000	168.960000	-8.841900	-13.637000	1
64.232000	169.060000	-9.874800	-13.636000	1
64.216000	169.150000	-10.223000	-13.636000	1
64.200000	169.250000	-10.566000	-13.636000	1
64.184000	169.340000	-9.523400	-13.636000	1
64.168000	169.430000	-9.526900	-13.636000	1
65.895000	150.330000	-5.953500	-12.877000	1
65.893000	150.440000	-5.259400	-12.878000	1
65.890000	150.550000	-3.198700	-12.878000	1
65.887000	150.660000	-2.172400	-12.877000	1
65.885000	150.760000	-4.926600	-12.877000	1
65.882000	150.870000	-4.926400	-12.877000	1
65.879000	150.980000	-3.202000	-12.878000	1
65.876000	151.090000	-3.888700	-12.877000	1
65.873000	151.190000	-4.922300	-12.878000	1
65.870000	151.300000	-5.254800	-12.877000	1
65.867000	151.410000	-4.585700	-12.878000	1
65.863000	151.510000	-4.925700	-12.877000	1
65.860000	151.620000	-4.585400	-12.878000	1
65.857000	151.730000	-2.865300	-12.877000	1
65.853000	151.830000	-4.585200	-12.878000	1
65.850000	151.940000	-7.340000	-12.877000	1
65.846000	152.050000	-5.615300	-12.878000	1
64.279000	168.460000	-3.573600	-12.877000	1
64.263000	168.550000	-4.234700	-12.877000	1
64.248000	168.650000	-3.901700	-12.877000	1
64.232000	168.740000	-4.245000	-12.877000	1
64.217000	168.830000	-7.690000	-12.876000	1
64.201000	168.930000	-9.739300	-12.877000	1
64.185000	169.020000	-9.398700	-12.877000	1
64.169000	169.120000	-9.738700	-12.876000	1
64.153000	169.210000	-8.715100	-12.877000	1
64.138000	169.300000	-9.047100	-12.877000	1
64.122000	169.400000	-9.047000	-12.876000	1
65.839000	150.650000	-5.627300	-12.117000	1
65.836000	150.760000	-3.905700	-12.117000	1
65.833000	150.870000	-4.253200	-12.117000	1
65.830000	150.970000	-2.525100	-12.118000	1
65.827000	151.080000	-3.219200	-12.117000	1
65.824000	151.190000	-2.868700	-12.117000	1
65.821000	151.290000	-4.946700	-12.117000	1
65.818000	151.400000	-4.584300	-12.118000	1
65.815000	151.510000	-4.591900	-12.117000	1
65.811000	151.620000	-4.595400	-12.118000	1
65.808000	151.720000	-4.599400	-12.117000	1
65.805000	151.830000	-4.251300	-12.118000	1
65.801000	151.940000	-3.572600	-12.117000	1
65.797000	152.040000	-3.564800	-12.118000	1
65.794000	152.150000	-5.629100	-12.117000	1
65.790000	152.260000	-7.718600	-12.117000	1
65.786000	152.360000	-7.342100	-12.117000	1
64.263000	168.230000	-2.887500	-12.116000	1
64.248000	168.330000	-6.660400	-12.117000	1
64.232000	168.420000	-4.599700	-12.117000	1
64.217000	168.520000	-6.316200	-12.116000	1
64.202000	168.610000	-4.259000	-12.117000	1
64.186000	168.700000	-3.568400	-12.117000	1
64.170000	168.800000	-5.288800	-12.116000	1
64.155000	168.890000	-8.039000	-12.117000	1
64.139000	168.990000	-7.008300	-12.117000	1
64.123000	169.080000	-5.992700	-12.116000	1
64.107000	169.170000	-7.686500	-12.117000	1
64.092000	169.270000	-9.068000	-12.117000	1
64.075000	169.360000	-8.716200	-12.116000	1
65.796000	150.440000	-4.536100	-11.364000	1
65.793000	150.540000	-5.906400	-11.364000	1
65.791000	150.650000	-4.872300	-11.364000	1
65.788000	150.760000	-4.872300	-11.364000	1
65.785000	150.860000	-3.155700	-11.364000	1
65.782000	150.970000	-4.528100	-11.364000	1
65.779000	151.080000	-3.842100	-11.363000	1
65.776000	151.180000	-2.815300	-11.364000	1
65.773000	151.290000	-4.195500	-11.363000	1
65.770000	151.400000	-4.199000	-11.364000	1
65.767000	151.500000	-5.221700	-11.364000	1
65.764000	151.610000	-5.561500	-11.364000	1
65.760000	151.720000	-5.913100	-11.363000	1
65.757000	151.820000	-4.206100	-11.364000	1
65.753000	151.930000	-1.459600	-11.364000	1
65.749000	152.040000	-2.829600	-11.364000	1
65.746000	152.140000	-4.206100	-11.364000	1
65.742000	152.250000	-3.165800	-11.364000	1
65.738000	152.360000	-4.886200	-11.364000	1
65.734000	152.460000	-5.923700	-11.364000	1
65.730000	152.570000	-7.633000	-11.364000	1
64.322000	167.530000	-2.823700	-11.363000	1
64.307000	167.630000	-2.133200	-11.364000	1
64.293000	167.720000	-4.203400	-11.363000	1
64.278000	167.820000	1.289800	-11.363000	1
64.263000	167.910000	-0.076266	-11.363000	1
64.248000	168.010000	-1.463800	-11.363000	1
64.233000	168.100000	-4.886600	-11.363000	1
64.217000	168.200000	-3.856500	-11.363000	1
64.202000	168.290000	-4.878700	-11.364000	1
64.187000	168.390000	-6.258800	-11.363000	1
64.171000	168.480000	-6.258700	-11.363000	1
64.156000	168.580000	-8.655400	-11.363000	1
64.140000	168.670000	-7.974700	-11.364000	1
64.125000	168.760000	-5.907700	-11.363000	1
64.109000	168.860000	-6.937400	-11.364000	1
64.094000	168.950000	-3.517500	-11.363000	1
64.078000	169.050000	-5.566500	-11.363000	1
64.062000	169.140000	-8.316900	-11.363000	1
64.046000	169.230000	-5.905500	-11.364000	1
64.030000	169.330000	-5.909300	-11.363000	1
65.753000	150.220000	-4.915300	-10.603000	1
65.750000	150.330000	-4.221200	-10.603000	1
65.748000	150.430000	-4.571200	-10.603000	1
65.745000	150.540000	-3.198400	-10.603000	1
65.743000	150.650000	-4.228500	-10.603000	1
65.740000	150.750000	-4.918600	-10.603000	1
65.737000	150.860000	-2.168100	-10.603000	1
65.734000	150.970000	-3.201600	-10.604000	1
65.731000	151.070000	-3.194400	-10.603000	1
65.728000	151.180000	-4.220400	-10.603000	1
65.725000	151.290000	-4.574300	-10.603000	1
65.722000	151.390000	-2.167500	-10.603000	1
65.719000	151.500000	-4.223900	-10.603000	1
65.715000	151.600000	-5.250200	-10.604000	1
65.712000	151.710000	-6.284400	-10.603000	1
65.708000	151.820000	-5.943800	-10.604000	1
65.705000	151.920000	-1.144500	-10.603000	1
65.701000	152.030000	-2.510700	-10.603000	1
65.697000	152.140000	-0.790530	-10.603000	1
65.694000	152.240000	-4.924800	-10.603000	1
65.690000	152.350000	0.912010	-10.603000	1
65.686000	152.460000	-0.450220	-10.603000	1
65.682000	152.560000	-6.641200	-10.603000	1
65.678000	152.670000	-7.671300	-10.603000	1
65.673000	152.770000	-5.610700	-10.603000	1
65.669000	152.880000	-5.606700	-10.604000	1
64.202000	167.970000	-2.869300	-10.602000	1
64.187000	168.070000	-5.272500	-10.603000	1
64.171000	168.160000	-3.894800	-10.602000	1
64.156000	168.260000	-5.950900	-10.603000	1
64.141000	168.350000	-8.701800	-10.603000	1
64.126000	168.450000	-10.072000	-10.602000	1
64.110000	168.540000	-10.068000	-10.603000	1
64.095000	168.630000	-8.360600	-10.603000	1
64.079000	168.730000	-7.320200	-10.602000	1
64.064000	168.820000	-3.202400	-10.603000	1
64.048000	168.920000	-8.024700	-10.603000	1
64.032000	169.010000	-6.982800	-10.602000	1
64.016000	169.100000	-3.194100	-10.602000	1
64.000000	169.200000	-2.518600	-10.603000	1
63.984000	169.290000	-4.238800	-10.602000	1
65.707000	150.110000	-5.579200	-9.846900	1
65.705000	150.220000	-4.552600	-9.846900	1
65.703000	150.320000	-3.522400	-9.846900	1
65.700000	150.430000	-3.518500	-9.847000	1
65.697000	150.540000	-4.212100	-9.847100	1
65.695000	150.640000	-2.151900	-9.846900	1
65.692000	150.750000	-4.212200	-9.846700	1
65.689000	150.860000	-4.902200	-9.846600	1
65.686000	150.960000	-3.857800	-9.847400	1
65.683000	151.070000	-2.828100	-9.846300	1
65.680000	151.170000	-3.521500	-9.847100	1
65.677000	151.280000	-3.181600	-9.846600	1
65.674000	151.390000	-4.905300	-9.847100	1
65.671000	151.490000	-4.544000	-9.846800	1
65.668000	151.600000	-4.547500	-9.847300	1
64.275000	167.180000	-8.332400	-9.846700	1
64.260000	167.280000	-5.585200	-9.846400	1
64.245000	167.370000	-7.312900	-9.846200	1
64.231000	167.470000	-8.339200	-9.846300	1
64.216000	167.560000	-7.648500	-9.846700	1
64.201000	167.660000	-8.002200	-9.846600	1
64.186000	167.750000	-5.945200	-9.846400	1
64.171000	167.850000	-3.874600	-9.846500	1
64.156000	167.940000	-6.978900	-9.846300	1
64.141000	168.030000	-6.609700	-9.846500	1
64.126000	168.130000	-6.613600	-9.845800	1
64.111000	168.220000	-9.020200	-9.846700	1
64.096000	168.320000	-10.398000	-9.846400	1
64.080000	168.410000	-8.679900	-9.846000	1
64.065000	168.510000	-7.996700	-9.846400	1
64.049000	168.600000	-4.901600	-9.846900	1
64.034000	168.690000	-4.211600	-9.845700	1
64.018000	168.790000	-5.588700	-9.846700	1
64.003000	168.880000	-6.289800	-9.846500	1
63.987000	168.970000	-3.871800	-9.845900	1
63.971000	169.070000	-5.251700	-9.846100	1
63.955000	169.160000	-6.621500	-9.846800	1
63.939000	169.250000	-7.300400	-9.845900	1
65.655000	150.320000	-3.192600	-9.092500	1
65.653000	150.430000	-3.878900	-9.092600	1
65.650000	150.530000	-3.188600	-9.092800	1
65.647000	150.640000	-2.852400	-9.092500	1
65.645000	150.740000	-2.504800	-9.092300	1
65.642000	150.850000	-3.882500	-9.092200	1
65.639000	150.960000	-2.508200	-9.093000	1
65.636000	151.060000	-2.154700	-9.092000	1
65.633000	151.170000	-2.161900	-9.092700	1
65.630000	151.280000	-2.162000	-9.092200	1
65.627000	151.380000	-2.847400	-9.092700	1
65.624000	151.490000	-3.541300	-9.092400	1
65.620000	151.590000	-2.160900	-9.093000	1
65.617000	151.700000	-3.877600	-9.092100	1
65.613000	151.810000	-5.261200	-9.092900	1
65.610000	151.910000	-2.862200	-9.092500	1
65.606000	152.020000	-2.175600	-9.092800	1
65.602000	152.120000	-0.805560	-9.092600	1
65.599000	152.230000	-3.548300	-9.092500	1
65.595000	152.340000	-1.478100	-9.092300	1
65.591000	152.440000	-1.145200	-9.092800	1
65.587000	152.550000	-8.012700	-9.092800	1
65.583000	152.650000	-5.940700	-9.092500	1
64.185000	167.430000	-4.222900	-9.091900	1
64.171000	167.530000	-8.003300	-9.092300	1
64.156000	167.620000	-6.980300	-9.092200	1
64.141000	167.720000	-6.632600	-9.092100	1
64.126000	167.810000	-7.333900	-9.092200	1
64.111000	167.910000	-4.225500	-9.091900	1
64.096000	168.000000	-3.885100	-9.092200	1
64.081000	168.100000	-8.696400	-9.091400	1
64.066000	168.190000	-9.386100	-9.092300	1
64.050000	168.280000	-9.382300	-9.092100	1
64.035000	168.380000	-9.378400	-9.091700	1
64.020000	168.470000	-9.045400	-9.092000	1
64.004000	168.570000	-9.381400	-9.092500	1
63.989000	168.660000	-8.687400	-9.091300	1
63.973000	168.750000	-6.293600	-9.092200	1
63.958000	168.850000	-2.516500	-9.092200	1
63.942000	168.940000	-3.542700	-9.091600	1
63.926000	169.030000	-4.226300	-9.091700	1
65.623000	149.570000	-3.310300	-8.336400	1
65.621000	149.680000	-5.030600	-8.335900	1
65.619000	149.790000	-5.022900	-8.336300	1
65.617000	149.890000	-3.992700	-8.336000	1
65.615000	150.000000	-2.272100	-8.336700	1
65.612000	150.100000	-3.638500	-8.336300	1
65.610000	150.210000	-2.962200	-8.336100	1
65.608000	150.320000	-2.612000	-8.336200	1
65.605000	150.420000	-1.921900	-8.336300	1
65.603000	150.530000	-3.638100	-8.336500	1
65.600000	150.630000	-3.641900	-8.336200	1
65.597000	150.740000	-2.958200	-8.336000	1
65.595000	150.850000	-3.301900	-8.335900	1
65.592000	150.950000	-2.961400	-8.336700	1
65.589000	151.060000	-2.611800	-8.335700	1
65.586000	151.170000	-1.921400	-8.336400	1
65.583000	151.270000	-2.611600	-8.335900	1
65.579000	151.380000	-2.957600	-8.336300	1
65.576000	151.480000	-3.641400	-8.336100	1
65.573000	151.590000	-2.611000	-8.336700	1
65.569000	151.690000	-3.987700	-8.335800	1
65.566000	151.800000	-3.304700	-8.336600	1
65.562000	151.910000	-6.749100	-8.336200	1
65.559000	152.010000	-5.364900	-8.336500	1
64.096000	167.680000	-2.976300	-8.335800	1
64.081000	167.780000	-0.905870	-8.335900	1
64.066000	167.870000	-5.032400	-8.335600	1
64.051000	167.970000	-8.455300	-8.335900	1
64.036000	168.060000	-8.805700	-8.335100	1
64.021000	168.160000	-9.831700	-8.336000	1
64.005000	168.250000	-10.176000	-8.335800	1
63.990000	168.340000	-8.450900	-8.335300	1
63.975000	168.440000	-9.835000	-8.335700	1
63.959000	168.530000	-7.419900	-8.336200	1
63.944000	168.630000	-9.490900	-8.335100	1
63.928000	168.720000	-8.113400	-8.335900	1
63.913000	168.810000	-7.086600	-8.335900	1
63.897000	168.910000	-5.026100	-8.335300	1
63.881000	169.000000	-5.712200	-8.335300	1
63.866000	169.090000	-3.312500	-8.336100	1
63.850000	169.180000	-2.961300	-8.335300	1
65.574000	149.680000	-3.359500	-7.579300	1
65.572000	149.780000	-4.039200	-7.579600	1
65.570000	149.890000	-3.355400	-7.579400	1
65.567000	150.000000	-2.311200	-7.580000	1
65.565000	150.100000	-3.008800	-7.579600	1
65.563000	150.210000	-1.284900	-7.579500	1
65.560000	150.310000	-1.634800	-7.579600	1
65.558000	150.420000	-1.978400	-7.579600	1
65.555000	150.530000	-1.978200	-7.579800	1
65.553000	150.630000	-3.008400	-7.579500	1
65.550000	150.740000	-2.664600	-7.579300	1
65.547000	150.840000	-2.314600	-7.579200	1
65.545000	150.950000	-3.004200	-7.580000	1
65.541000	151.050000	-1.634500	-7.579000	1
65.539000	151.160000	-1.974200	-7.579700	1
65.535000	151.270000	-0.944260	-7.579200	1
65.532000	151.370000	-1.974000	-7.579700	1
65.529000	151.480000	-4.724300	-7.579400	1
65.526000	151.580000	-4.033800	-7.580000	1
65.522000	151.690000	-5.064300	-7.579200	1
64.051000	167.650000	-7.478400	-7.579200	1
64.036000	167.750000	-6.122800	-7.579200	1
64.021000	167.840000	-6.462600	-7.579000	1
64.006000	167.930000	-9.884600	-7.579300	1
63.991000	168.030000	-9.198300	-7.578400	1
63.976000	168.120000	-10.565000	-7.579300	1
63.961000	168.220000	-7.813500	-7.579200	1
63.945000	168.310000	-6.443100	-7.578700	1
63.930000	168.400000	-7.809400	-7.579000	1
63.915000	168.500000	-9.193100	-7.579600	1
63.899000	168.590000	-9.193300	-7.578500	1
63.884000	168.680000	-6.441900	-7.579200	1
63.868000	168.780000	-6.789200	-7.579200	1
63.852000	168.870000	-6.105200	-7.578700	1
63.837000	168.960000	-3.694700	-7.578700	1
65.534000	149.250000	-1.336100	-6.824900	1
65.532000	149.360000	-0.302100	-6.825300	1
65.531000	149.460000	-2.698600	-6.825100	1
65.529000	149.570000	-0.980880	-6.825400	1
65.527000	149.680000	-3.727500	-6.825000	1
65.525000	149.780000	-3.037100	-6.825200	1
65.523000	149.890000	-3.727100	-6.825000	1
65.521000	149.990000	-3.372900	-6.825600	1
65.518000	150.100000	-4.406700	-6.825300	1
65.516000	150.200000	-3.032900	-6.825100	1
65.514000	150.310000	0.057438	-6.825300	1
65.511000	150.420000	-0.622520	-6.825200	1
65.509000	150.520000	-2.006100	-6.825500	1
65.506000	150.630000	-2.342500	-6.825200	1
65.503000	150.730000	-0.968760	-6.825000	1
65.500000	150.840000	-3.376300	-6.824800	1
65.498000	150.940000	-3.028400	-6.825700	1
65.495000	151.050000	-1.998800	-6.824700	1
65.492000	151.160000	-1.998400	-6.825300	1
65.488000	151.260000	-2.682300	-6.824800	1
65.485000	151.370000	-2.001900	-6.825300	1
65.482000	151.470000	-2.342000	-6.825000	1
65.479000	151.580000	-3.035400	-6.825700	1
65.475000	151.680000	-3.035700	-6.824900	1
65.472000	151.790000	-3.379000	-6.825500	1
65.468000	151.890000	-6.823300	-6.825200	1
65.465000	152.000000	-4.405300	-6.825500	1
65.461000	152.100000	-1.655100	-6.825400	1
64.151000	166.670000	-3.393500	-6.824700	1
64.137000	166.770000	-6.132400	-6.824700	1
64.123000	166.860000	-8.196100	-6.825000	1
64.108000	166.960000	-5.442000	-6.824100	1
64.094000	167.050000	-7.855400	-6.824900	1
64.079000	167.150000	-8.541500	-6.824800	1
64.065000	167.240000	-6.127100	-6.824500	1
64.050000	167.340000	-5.794100	-6.824600	1
64.036000	167.430000	-4.409700	-6.825000	1
64.021000	167.530000	-4.069400	-6.825000	1
64.006000	167.620000	-5.095600	-6.824800	1
63.991000	167.710000	-2.685100	-6.824900	1
63.976000	167.810000	-6.486700	-6.824600	1
63.961000	167.900000	-7.845300	-6.825000	1
63.946000	168.000000	-8.875800	-6.824100	1
63.931000	168.090000	-8.177600	-6.825000	1
63.916000	168.180000	-5.430600	-6.824900	1
63.901000	168.280000	-6.467100	-6.824400	1
63.885000	168.370000	-6.810600	-6.824600	1
63.870000	168.460000	-6.810000	-6.825200	1
63.855000	168.560000	-5.780200	-6.824100	1
63.839000	168.650000	-6.809800	-6.824800	1
63.824000	168.740000	-6.115600	-6.824900	1
63.808000	168.840000	-8.873500	-6.824400	1
63.792000	168.930000	-5.779100	-6.824300	1
63.777000	169.020000	-4.748400	-6.825100	1
63.761000	169.110000	-0.625560	-6.824400	1
65.480000	149.670000	-3.495600	-6.070300	1
65.478000	149.780000	-3.835400	-6.070400	1
65.476000	149.880000	-3.835300	-6.070300	1
65.474000	149.990000	-3.494800	-6.070900	1
65.471000	150.100000	-3.144800	-6.070700	1
65.469000	150.200000	-1.771100	-6.070300	1
65.467000	150.310000	-0.050791	-6.070600	1
65.464000	150.410000	0.639290	-6.070500	1
65.462000	150.520000	-0.400490	-6.070800	1
65.459000	150.620000	-1.084300	-6.070500	1
65.456000	150.730000	-1.084300	-6.070300	1
65.454000	150.830000	-1.430700	-6.070100	1
65.451000	150.940000	-1.083800	-6.070900	1
65.448000	151.050000	-1.770700	-6.070000	1
65.445000	151.150000	-2.110200	-6.070600	1
65.442000	151.260000	-0.400380	-6.070100	1
65.439000	151.360000	-0.050051	-6.070600	1
65.435000	151.470000	-1.430200	-6.070300	1
65.432000	151.570000	-2.803500	-6.071000	1
65.429000	151.680000	-1.083800	-6.070200	1
65.425000	151.780000	-2.803500	-6.070800	1
65.422000	151.890000	-2.463500	-6.070500	1
65.418000	151.990000	-4.523500	-6.070800	1
65.414000	152.100000	-6.247400	-6.070700	1
65.410000	152.200000	-3.493400	-6.070500	1
64.049000	167.020000	-6.589400	-6.070200	1
64.035000	167.110000	-5.902700	-6.070200	1
64.020000	167.210000	-6.252600	-6.069700	1
64.006000	167.300000	-4.864700	-6.069800	1
63.991000	167.400000	-5.214100	-6.070300	1
63.976000	167.490000	-5.557500	-6.070300	1
63.961000	167.590000	-5.550000	-6.070100	1
63.947000	167.680000	-5.897200	-6.070200	1
63.932000	167.780000	-4.183300	-6.069900	1
63.917000	167.870000	-7.273200	-6.070400	1
63.902000	167.960000	-6.243400	-6.069400	1
63.887000	168.060000	-5.548900	-6.070200	1
63.872000	168.150000	-6.235100	-6.070200	1
63.856000	168.240000	-4.858700	-6.069600	1
63.841000	168.340000	-7.265000	-6.069900	1
63.826000	168.430000	-5.888000	-6.070500	1
63.810000	168.520000	-5.208200	-6.069500	1
63.795000	168.620000	-6.581500	-6.070100	1
63.779000	168.710000	-7.607600	-6.070200	1
63.764000	168.800000	-6.927700	-6.069700	1
63.748000	168.900000	-5.891000	-6.069500	1
63.732000	168.990000	-3.140000	-6.070400	1
63.716000	169.080000	-2.800200	-6.069700	1
65.431000	149.780000	-3.664000	-5.315300	1
65.429000	149.880000	-4.357700	-5.315200	1
65.427000	149.990000	-2.637000	-5.315800	1
65.425000	150.090000	-1.597000	-5.315600	1
65.422000	150.200000	-0.917070	-5.315200	1
65.420000	150.300000	-1.256800	-5.315500	1
65.418000	150.410000	1.153300	-5.315400	1
65.415000	150.510000	0.123550	-5.315700	1
65.412000	150.620000	0.123420	-5.315400	1
65.410000	150.720000	-0.913020	-5.315200	1
65.407000	150.830000	-0.913110	-5.315000	1
65.404000	150.940000	-2.636200	-5.315800	1
65.401000	151.040000	-1.253000	-5.314900	1
65.398000	151.150000	-1.592600	-5.315500	1
65.395000	151.250000	-0.222780	-5.315000	1
65.392000	151.360000	-0.222440	-5.315400	1
65.389000	151.460000	-0.912580	-5.315100	1
65.385000	151.570000	-0.912010	-5.315900	1
65.382000	151.670000	-1.256100	-5.315100	1
65.378000	151.780000	-1.599300	-5.315700	1
65.375000	151.880000	-0.915730	-5.315400	1
65.371000	151.990000	-3.312000	-5.315700	1
65.368000	152.090000	0.460950	-5.315600	1
65.364000	152.200000	-2.289300	-5.315400	1
65.360000	152.300000	-2.285700	-5.315200	1
65.356000	152.410000	1.831000	-5.315400	1
64.033000	166.800000	-5.041900	-5.315300	1
64.019000	166.890000	-8.486400	-5.314300	1
64.005000	166.990000	-5.727800	-5.315100	1
63.990000	167.080000	-4.347300	-5.315100	1
63.976000	167.180000	-4.007200	-5.314700	1
63.961000	167.270000	-3.313100	-5.314700	1
63.946000	167.370000	-4.700000	-5.315100	1
63.932000	167.460000	-3.655900	-5.315200	1
63.917000	167.550000	-6.756100	-5.315100	1
63.902000	167.650000	-5.725700	-5.315100	1
63.887000	167.740000	-3.315400	-5.314800	1
63.872000	167.840000	-7.441600	-5.315400	1
63.857000	167.930000	-7.782200	-5.314300	1
63.842000	168.020000	-5.374700	-5.315100	1
63.827000	168.120000	-5.030900	-5.315100	1
63.812000	168.210000	-4.000900	-5.314600	1
63.797000	168.300000	-7.441000	-5.314800	1
63.781000	168.400000	-6.400200	-5.315500	1
63.766000	168.490000	-7.444400	-5.314400	1
63.751000	168.580000	-6.060000	-5.315000	1
63.735000	168.680000	-6.399700	-5.315100	1
63.719000	168.770000	-7.787400	-5.314700	1
63.704000	168.860000	-8.127400	-5.314400	1
63.688000	168.950000	-4.006000	-5.315300	1
63.672000	169.050000	-5.032600	-5.314700	1
65.382000	149.880000	-1.746800	-4.560200	1
65.380000	149.980000	-1.056200	-4.560800	1
65.378000	150.090000	-0.366160	-4.560700	1
65.376000	150.200000	-0.026352	-4.560300	1
65.373000	150.300000	-0.022499	-4.560600	1
65.371000	150.410000	1.004000	-4.560400	1
65.368000	150.510000	-1.052200	-4.560800	1
65.366000	150.620000	-2.772400	-4.560500	1
65.363000	150.720000	-0.712360	-4.560300	1
65.360000	150.830000	-0.026021	-4.560000	1
65.357000	150.930000	-1.051900	-4.560900	1
65.354000	151.040000	-0.712360	-4.560000	1
65.352000	151.140000	0.314560	-4.560600	1
65.348000	151.250000	0.317880	-4.560100	1
65.345000	151.350000	-1.055400	-4.560500	1
65.342000	151.460000	2.038100	-4.560200	1
65.339000	151.560000	-0.361320	-4.561000	1
65.335000	151.670000	-3.802000	-4.560200	1
65.332000	151.770000	-2.088600	-4.560700	1
63.946000	167.050000	-1.742800	-4.560200	1
63.931000	167.150000	-5.182900	-4.559700	1
63.917000	167.240000	-5.526100	-4.559800	1
63.902000	167.330000	-2.428200	-4.560200	1
63.887000	167.430000	-1.741400	-4.560300	1
63.873000	167.520000	-4.835000	-4.560100	1
63.858000	167.620000	-2.774600	-4.560200	1
63.843000	167.710000	-5.181200	-4.559900	1
63.828000	167.800000	-3.460400	-4.560500	1
63.813000	167.900000	-5.181100	-4.559400	1
63.798000	167.990000	-2.430100	-4.560200	1
63.783000	168.080000	-2.769800	-4.560200	1
63.768000	168.180000	-2.770000	-4.559600	1
63.752000	168.270000	-5.860000	-4.559800	1
63.737000	168.360000	-7.243000	-4.560600	1
63.722000	168.460000	-7.580000	-4.559600	1
63.706000	168.550000	-4.829100	-4.560000	1
63.691000	168.640000	-5.518700	-4.560200	1
63.675000	168.730000	-5.182400	-4.559800	1
63.660000	168.830000	-3.116000	-4.559500	1
63.644000	168.920000	-3.115100	-4.560400	1
63.628000	169.010000	-4.835400	-4.559800	1
65.336000	149.880000	-0.984380	-3.804400	1
65.334000	149.980000	-0.983840	-3.805000	1
65.332000	150.090000	0.046264	-3.804900	1
65.329000	150.190000	-2.364100	-3.804400	1
65.327000	150.300000	-2.363700	-3.804800	1
65.324000	150.400000	-1.330300	-3.804600	1
65.322000	150.510000	0.390150	-3.804900	1
65.319000	150.610000	-0.640050	-3.804600	1
65.317000	150.720000	0.049972	-3.804500	1
65.314000	150.820000	1.769800	-3.804200	1
65.311000	150.930000	-0.639520	-3.805100	1
65.308000	151.030000	-0.300050	-3.804200	1
65.305000	151.140000	1.420500	-3.804800	1
65.302000	151.240000	1.080200	-3.804300	1
65.299000	151.350000	2.110500	-3.804600	1
65.295000	151.450000	1.080400	-3.804400	1
65.292000	151.550000	1.421000	-3.805200	1
65.289000	151.660000	-0.306430	-3.804400	1
65.285000	151.760000	-2.709600	-3.804900	1
65.282000	151.870000	-0.646070	-3.804700	1
63.858000	167.300000	-7.173200	-3.804400	1
63.843000	167.400000	-7.165900	-3.804500	1
63.828000	167.490000	1.421300	-3.804300	1
63.813000	167.580000	-2.358500	-3.804400	1
63.799000	167.680000	-0.638430	-3.804100	1
63.784000	167.770000	-1.667800	-3.804700	1
63.769000	167.860000	-1.668400	-3.803600	1
63.754000	167.960000	-4.077700	-3.804300	1
63.739000	168.050000	-2.357300	-3.804400	1
63.723000	168.140000	-1.327500	-3.803800	1
63.708000	168.240000	-7.511100	-3.804000	1
63.693000	168.330000	-4.756600	-3.804700	1
63.678000	168.420000	-5.800600	-3.803800	1
63.662000	168.520000	-5.450100	-3.804100	1
63.647000	168.610000	-5.109600	-3.804400	1
63.631000	168.700000	-5.109700	-3.804000	1
63.616000	168.790000	-3.729600	-3.803700	1
63.600000	168.890000	-1.668700	-3.804500	1
63.584000	168.980000	-0.302410	-3.804100	1
65.285000	150.080000	-1.923300	-3.048800	1
65.283000	150.190000	-0.540310	-3.048200	1
65.280000	150.290000	-1.919900	-3.048600	1
65.278000	150.400000	0.486710	-3.048400	1
65.275000	150.500000	-0.542900	-3.048800	1
65.273000	150.610000	2.207000	-3.048500	1
65.270000	150.710000	3.917000	-3.048400	1
65.267000	150.820000	3.920100	-3.048100	1
65.264000	150.920000	4.960900	-3.048900	1
65.261000	151.030000	4.610300	-3.048100	1
65.258000	151.130000	2.890800	-3.048600	1
65.255000	151.240000	1.520500	-3.048200	1
65.252000	151.340000	3.580800	-3.048500	1
65.249000	151.440000	1.860700	-3.048200	1
65.246000	151.550000	1.858000	-3.049000	1
65.242000	151.650000	0.487490	-3.048300	1
65.239000	151.760000	-0.892180	-3.048700	1
63.769000	167.550000	3.242100	-3.048200	1
63.754000	167.650000	2.552100	-3.048000	1
63.739000	167.740000	0.832840	-3.048600	1
63.724000	167.830000	1.182200	-3.047500	1
63.709000	167.920000	1.186300	-3.048200	1
63.694000	168.020000	0.833330	-3.048300	1
63.679000	168.110000	2.553100	-3.047700	1
63.664000	168.200000	-3.640100	-3.047800	1
63.649000	168.300000	-5.009400	-3.048600	1
63.633000	168.390000	-0.196300	-3.047700	1
63.618000	168.480000	-1.565900	-3.048000	1
63.603000	168.570000	-2.948800	-3.048300	1
63.587000	168.670000	-2.608800	-3.047900	1
63.572000	168.760000	-5.702400	-3.047600	1
63.556000	168.850000	1.862100	-3.048400	1
63.540000	168.940000	-0.541380	-3.048000	1
65.271000	146.410000	-5.923600	-2.297700	1
65.271000	146.520000	-0.434090	-2.296600	1
65.272000	146.620000	4.389700	-2.297200	1
65.272000	146.730000	1.289100	-2.296400	1
65.272000	146.830000	3.349800	-2.297200	1
65.272000	146.940000	0.606730	-2.297200	1
65.272000	147.040000	-1.113400	-2.296900	1
65.272000	147.150000	-0.433440	-2.296700	1
65.272000	147.250000	-4.553500	-2.296700	1
65.272000	147.350000	-7.306400	-2.297100	1
65.271000	147.460000	-6.969600	-2.296800	1
65.239000	150.080000	-1.449900	-2.297300	1
65.236000	150.180000	0.619800	-2.296700	1
65.234000	150.290000	1.653400	-2.297100	1
65.232000	150.390000	2.683300	-2.296800	1
65.229000	150.500000	2.683700	-2.297300	1
65.226000	150.600000	4.403600	-2.297000	1
65.224000	150.710000	5.433600	-2.296900	1
65.221000	150.810000	5.083400	-2.296500	1
65.218000	150.920000	3.364100	-2.297400	1
65.215000	151.020000	3.363600	-2.296600	1
65.212000	151.130000	4.054000	-2.297100	1
65.209000	151.230000	3.363800	-2.296700	1
65.206000	151.330000	4.054100	-2.296900	1
65.203000	151.440000	4.053900	-2.296700	1
65.200000	151.540000	4.404600	-2.297500	1
65.196000	151.650000	4.404100	-2.296800	1
65.193000	151.750000	2.684400	-2.297100	1
65.189000	151.860000	1.304400	-2.297000	1
63.725000	167.520000	2.335700	-2.296700	1
63.710000	167.610000	2.338900	-2.296400	1
63.695000	167.710000	2.686500	-2.297100	1
63.681000	167.800000	0.625760	-2.295900	1
63.666000	167.890000	1.999700	-2.296600	1
63.651000	167.990000	4.057000	-2.296800	1
63.635000	168.080000	3.366700	-2.296200	1
63.620000	168.170000	-1.783100	-2.296300	1
63.605000	168.260000	-3.162300	-2.297100	1
63.590000	168.360000	-3.162800	-2.296300	1
63.574000	168.450000	-2.812400	-2.296400	1
63.559000	168.540000	-1.781900	-2.296800	1
63.543000	168.630000	-0.411860	-2.296400	1
63.528000	168.730000	-2.815200	-2.296000	1
63.512000	168.820000	-0.414260	-2.296800	1
63.497000	168.910000	-6.597700	-2.296500	1
65.225000	146.410000	-7.273500	-1.542600	1
65.225000	146.520000	-1.088000	-1.541600	1
65.225000	146.620000	1.322500	-1.542100	1
65.225000	146.730000	3.042100	-1.541300	1
65.226000	146.830000	2.009700	-1.542000	1
65.226000	146.940000	2.352800	-1.542100	1
65.226000	147.040000	0.292700	-1.541800	1
65.226000	147.150000	-0.740340	-1.541700	1
65.226000	147.250000	-5.903500	-1.541600	1
65.225000	147.360000	-13.470000	-1.542000	1
65.225000	147.460000	-8.999600	-1.541700	1
65.195000	149.970000	-1.758700	-1.542100	1
65.192000	150.080000	-0.388490	-1.542200	1
65.190000	150.180000	0.304090	-1.541600	1
65.188000	150.290000	0.994510	-1.542000	1
65.185000	150.390000	0.994400	-1.541700	1
65.183000	150.490000	0.994810	-1.542200	1
65.180000	150.600000	4.084700	-1.541900	1
65.177000	150.700000	4.085100	-1.541900	1
65.175000	150.810000	5.114900	-1.541400	1
65.172000	150.910000	2.705500	-1.542300	1
65.169000	151.020000	5.115200	-1.541600	1
65.166000	151.120000	4.425600	-1.542000	1
65.163000	151.220000	4.775400	-1.541700	1
65.160000	151.330000	6.495600	-1.541900	1
65.156000	151.430000	5.805500	-1.541600	1
65.153000	151.540000	3.746100	-1.542400	1
65.150000	151.640000	5.455700	-1.541800	1
65.146000	151.750000	6.145900	-1.542000	1
65.143000	151.850000	6.495900	-1.541900	1
65.139000	151.950000	-4.504000	-1.542200	1
63.710000	167.300000	-2.443300	-1.541700	1
63.696000	167.390000	2.027000	-1.541600	1
63.681000	167.490000	4.087300	-1.541600	1
63.666000	167.580000	3.397300	-1.541400	1
63.651000	167.670000	0.648000	-1.542100	1
63.636000	167.770000	2.030400	-1.540900	1
63.621000	167.860000	6.498200	-1.541500	1
63.606000	167.950000	4.428500	-1.541700	1
63.591000	168.050000	4.778400	-1.541200	1
63.576000	168.140000	-3.821600	-1.541200	1
63.561000	168.230000	-2.440700	-1.542000	1
63.546000	168.320000	-2.441000	-1.541300	1
63.530000	168.410000	-3.130800	-1.541300	1
63.515000	168.510000	-2.440300	-1.541700	1
63.499000	168.600000	-1.750300	-1.541400	1
63.484000	168.690000	-6.563600	-1.541000	1
63.468000	168.780000	-3.472600	-1.541800	1
63.453000	168.870000	-2.442500	-1.541500	1
65.178000	146.420000	-9.692700	-0.793940	1
65.179000	146.520000	-6.597400	-0.792920	1
65.179000	146.630000	1.993200	-0.793390	1
65.179000	146.730000	4.053000	-0.792630	1
65.180000	146.840000	2.683300	-0.793260	1
65.180000	146.940000	4.053500	-0.793450	1
65.180000	147.040000	4.403400	-0.793150	1
65.180000	147.150000	6.800700	-0.793040	1
65.179000	147.250000	2.680600	-0.792920	1
65.179000	147.360000	-8.662400	-0.793340	1
65.179000	147.460000	-9.360700	-0.793020	1
65.146000	150.070000	2.005800	-0.793570	1
65.144000	150.180000	0.635550	-0.792820	1
65.142000	150.280000	2.005900	-0.793340	1
65.139000	150.390000	1.665900	-0.793020	1
65.137000	150.490000	4.416200	-0.793480	1
65.134000	150.590000	8.196200	-0.793200	1
65.131000	150.700000	4.066300	-0.793230	1
65.128000	150.800000	5.446200	-0.792750	1
65.126000	150.910000	8.876700	-0.793580	1
65.123000	151.010000	7.506500	-0.792900	1
65.120000	151.120000	4.416700	-0.793370	1
65.117000	151.220000	6.816700	-0.793080	1
65.114000	151.320000	5.786800	-0.793160	1
65.110000	151.430000	6.476800	-0.792980	1
65.107000	151.530000	8.537200	-0.793720	1
65.104000	151.640000	7.847000	-0.793140	1
65.100000	151.740000	6.477100	-0.793320	1
65.097000	151.840000	7.167100	-0.793230	1
65.093000	151.950000	6.137300	-0.793500	1
63.637000	167.460000	10.600000	-0.792940	1
63.622000	167.550000	14.380000	-0.792650	1
63.607000	167.640000	10.951000	-0.793410	1
63.593000	167.730000	7.170600	-0.792250	1
63.578000	167.830000	7.511100	-0.792820	1
63.563000	167.920000	10.601000	-0.793070	1
63.548000	168.010000	9.571500	-0.792510	1
63.532000	168.100000	4.761600	-0.792440	1
63.517000	168.200000	6.482200	-0.793370	1
63.502000	168.290000	16.102000	-0.792640	1
63.487000	168.380000	-0.737760	-0.792630	1
63.471000	168.470000	3.730000	-0.793090	1
63.456000	168.570000	11.980000	-0.792790	1
63.440000	168.660000	3.040000	-0.792290	1
63.425000	168.750000	3.730600	-0.793090	1
63.409000	168.840000	2.010600	-0.792870	1
65.132000	146.320000	5.260700	0.118190	1
65.132000	146.420000	-4.016700	0.118930	1
65.133000	146.520000	-7.101500	0.118650	1
65.133000	146.630000	0.458860	0.118650	1
65.133000	146.730000	12.139000	0.118580	1
65.133000	146.840000	5.959100	0.118340	1
65.134000	146.940000	11.799000	0.118780	1
65.133000	147.050000	9.389400	0.118770	1
65.133000	147.150000	4.239500	0.118510	1
65.133000	147.260000	-0.920390	0.118790	1
65.088000	150.590000	13.873000	0.118730	1
65.085000	150.690000	15.593000	0.118590	1
65.082000	150.800000	8.713300	0.118360	1
65.080000	150.900000	8.373500	0.118910	1
65.077000	151.010000	5.623500	0.118390	1
65.074000	151.110000	20.744000	0.118910	1
65.071000	151.210000	16.624000	0.119170	1
65.068000	151.320000	10.434000	0.118680	1
65.064000	151.420000	8.713800	0.118890	1
65.061000	151.530000	8.033900	0.119100	1
65.058000	151.630000	11.464000	0.118770	1
65.054000	151.730000	11.124000	0.119090	1
65.051000	151.840000	13.184000	0.118390	1
65.047000	151.940000	18.344000	0.118550	1
63.593000	167.420000	19.037000	0.118600	1
63.578000	167.520000	21.787000	0.118110	1
63.564000	167.610000	19.717000	0.118470	1
63.549000	167.700000	17.317000	0.118390	1
63.534000	167.790000	13.878000	0.118170	1
63.519000	167.890000	18.358000	0.118580	1
63.504000	167.980000	20.068000	0.118300	1
63.489000	168.070000	19.718000	0.117960	1
63.474000	168.160000	7.351100	0.119090	1
63.458000	168.260000	21.109000	0.118530	1
63.443000	168.350000	19.389000	0.118450	1
63.428000	168.440000	14.909000	0.119000	1
63.412000	168.530000	18.699000	0.118500	1
63.397000	168.620000	9.409500	0.118440	1
63.381000	168.720000	8.039700	0.118870	1
63.366000	168.810000	-3.652900	0.118150	1
65.086000	146.420000	-6.650600	0.731770	1
65.086000	146.530000	3.325400	0.732700	1
65.087000	146.630000	8.475300	0.732280	1
65.087000	146.740000	8.135700	0.733050	1
65.087000	146.840000	0.915550	0.732410	1
65.087000	146.940000	9.855600	0.732200	1
65.087000	147.050000	8.815800	0.732590	1
65.087000	147.150000	4.005800	0.732530	1
65.087000	147.260000	0.225940	0.732890	1
65.087000	147.360000	-4.587100	0.732290	1
65.086000	147.460000	-8.029800	0.732620	1
65.047000	150.380000	0.240700	0.732770	1
65.044000	150.480000	2.650600	0.732110	1
65.041000	150.590000	6.430900	0.732510	1
65.039000	150.690000	10.211000	0.732340	1
65.036000	150.790000	4.371200	0.732870	1
65.033000	150.900000	4.711000	0.732170	1
65.030000	151.000000	4.371300	0.732640	1
65.027000	151.100000	9.181300	0.732350	1
65.024000	151.210000	8.151500	0.732710	1
65.021000	151.310000	6.771500	0.732560	1
65.018000	151.420000	7.461700	0.732800	1
65.015000	151.520000	7.121400	0.732080	1
65.011000	151.620000	9.871600	0.732480	1
65.008000	151.730000	5.401700	0.732560	1
65.004000	151.830000	9.181700	0.732350	1
65.001000	151.930000	10.212000	0.732120	1
64.997000	152.040000	7.121700	0.732130	1
64.993000	152.140000	2.301800	0.732360	1
63.549000	167.390000	8.492700	0.732730	1
63.534000	167.480000	8.835700	0.732880	1
63.520000	167.580000	13.656000	0.732090	1
63.505000	167.670000	15.366000	0.733360	1
63.490000	167.760000	13.306000	0.732750	1
63.475000	167.850000	9.526600	0.732540	1
63.460000	167.950000	12.627000	0.733050	1
63.445000	168.040000	17.777000	0.733100	1
63.430000	168.130000	12.627000	0.732430	1
63.414000	168.220000	16.058000	0.732910	1
63.399000	168.320000	17.088000	0.733080	1
63.384000	168.410000	11.938000	0.732670	1
63.368000	168.500000	10.555000	0.732760	1
63.353000	168.590000	7.805800	0.733370	1
63.337000	168.680000	8.155700	0.732690	1
63.322000	168.770000	-5.254400	0.732520	1
65.040000	146.630000	3.019100	1.487400	1
65.040000	146.740000	4.739700	1.488100	1
65.040000	146.840000	-2.477700	1.487600	1
65.041000	146.950000	5.082400	1.487300	1
65.040000	147.050000	5.422800	1.487700	1
65.040000	147.150000	1.302900	1.487600	1
65.040000	147.260000	1.303300	1.487900	1
65.040000	147.360000	-5.232900	1.487400	1
65.040000	147.470000	-8.322800	1.487700	1
65.039000	147.570000	-3.865800	1.487100	1
65.039000	147.670000	-6.952500	1.488000	1
65.009000	149.960000	0.281610	1.487500	1
65.007000	150.060000	-0.405630	1.487200	1
65.005000	150.170000	-0.055014	1.488000	1
65.003000	150.270000	2.004700	1.487400	1
65.000000	150.370000	-0.054886	1.487900	1
64.998000	150.480000	-0.055213	1.487200	1
64.995000	150.580000	3.038100	1.487600	1
64.992000	150.680000	2.345100	1.487400	1
64.989000	150.790000	0.978430	1.488000	1
64.987000	150.890000	2.688100	1.487200	1
64.984000	151.000000	4.758500	1.487700	1
64.981000	151.100000	5.788300	1.487400	1
64.978000	151.200000	6.478600	1.487700	1
64.975000	151.310000	4.758600	1.487600	1
64.971000	151.410000	4.408800	1.487800	1
64.968000	151.510000	3.038300	1.487200	1
64.965000	151.620000	4.408600	1.487500	1
64.961000	151.720000	3.378800	1.487600	1
64.958000	151.820000	4.068700	1.487400	1
64.954000	151.930000	5.098700	1.487200	1
64.951000	152.030000	4.408700	1.487200	1
64.947000	152.130000	6.818900	1.487500	1
64.943000	152.240000	7.509100	1.487500	1
64.939000	152.340000	-1.090700	1.487900	1
63.505000	167.360000	0.630950	1.487800	1
63.490000	167.450000	2.011400	1.488000	1
63.475000	167.540000	2.691100	1.487200	1
63.460000	167.640000	4.072100	1.488400	1
63.445000	167.730000	4.412000	1.487900	1
63.431000	167.820000	6.132100	1.487600	1
63.416000	167.910000	7.162700	1.488100	1
63.400000	168.010000	5.793000	1.488200	1
63.385000	168.100000	10.603000	1.487500	1
63.370000	168.190000	10.603000	1.487900	1
63.355000	168.280000	9.223600	1.488200	1
63.340000	168.370000	6.823500	1.487700	1
63.324000	168.460000	-0.736350	1.487800	1
63.309000	168.560000	0.634280	1.488400	1
64.965000	149.850000	-0.860240	2.237000	1
64.963000	149.960000	-0.860400	2.236700	1
64.961000	150.060000	-1.550600	2.236300	1
64.959000	150.160000	-0.856780	2.237100	1
64.956000	150.270000	-0.167150	2.236500	1
64.954000	150.370000	-0.516690	2.237000	1
64.951000	150.470000	0.522910	2.236400	1
64.949000	150.580000	2.923300	2.236700	1
64.946000	150.680000	-0.856880	2.236500	1
64.943000	150.780000	0.173680	2.237100	1
64.941000	150.890000	1.553200	2.236400	1
64.938000	150.990000	3.613700	2.236800	1
64.935000	151.090000	4.303500	2.236500	1
64.932000	151.200000	3.953700	2.236800	1
64.929000	151.300000	2.236900	2.236800	1
64.925000	151.400000	2.924000	2.237000	1
64.922000	151.510000	2.583500	2.236300	1
64.919000	151.610000	0.526910	2.236600	1
64.915000	151.710000	2.587200	2.236800	1
64.912000	151.820000	2.584000	2.236600	1
64.908000	151.920000	2.583900	2.236400	1
64.905000	152.020000	1.557000	2.236300	1
64.901000	152.130000	1.557300	2.236600	1
64.897000	152.230000	0.864260	2.236700	1
64.893000	152.330000	3.957800	2.237000	1
64.889000	152.430000	2.587200	2.236100	1
64.885000	152.540000	-7.394900	2.237200	1
63.461000	167.330000	-5.661200	2.236900	1
63.446000	167.420000	-0.850610	2.237100	1
63.431000	167.510000	0.869050	2.236300	1
63.417000	167.600000	1.900200	2.237500	1
63.402000	167.700000	1.210100	2.237000	1
63.387000	167.790000	3.270100	2.236700	1
63.372000	167.880000	5.340800	2.237200	1
63.357000	167.970000	0.871140	2.237400	1
63.342000	168.070000	2.930800	2.236600	1
63.327000	168.160000	7.741300	2.237000	1
63.311000	168.250000	3.271700	2.237300	1
63.296000	168.340000	0.181530	2.236800	1
63.281000	168.430000	-3.938400	2.236900	1
63.265000	168.520000	-2.220700	2.237500	1
63.250000	168.610000	-3.941100	2.236900	1
63.234000	168.710000	-6.694500	2.236600	1
64.917000	149.950000	-1.604100	2.993000	1
64.915000	150.060000	-1.601100	2.992600	1
64.912000	150.160000	-2.640400	2.993400	1
64.910000	150.260000	-2.287500	2.992800	1
64.908000	150.370000	-1.260300	2.993300	1
64.905000	150.470000	-0.570700	2.992700	1
64.902000	150.570000	-1.257100	2.993100	1
64.900000	150.680000	-0.917230	2.992800	1
64.897000	150.780000	-0.566660	2.993400	1
64.894000	150.880000	0.802900	2.992700	1
64.891000	150.980000	2.863300	2.993100	1
64.888000	151.090000	2.183100	2.992800	1
64.885000	151.190000	0.803330	2.993000	1
64.882000	151.290000	-0.226600	2.993100	1
64.879000	151.400000	0.803600	2.993200	1
64.876000	151.500000	2.523200	2.992700	1
64.872000	151.600000	-0.226610	2.992800	1
64.869000	151.710000	-0.569600	2.993200	1
64.865000	151.810000	0.463620	2.992900	1
64.862000	151.910000	1.153600	2.992700	1
64.858000	152.020000	2.523600	2.992600	1
64.854000	152.120000	1.493900	2.992900	1
64.851000	152.220000	-0.226060	2.992900	1
64.847000	152.320000	0.464330	2.993300	1
64.843000	152.430000	2.863800	2.992400	1
64.839000	152.530000	0.117970	2.993500	1
64.835000	152.630000	0.117600	2.992900	1
64.831000	152.730000	0.117920	2.993100	1
64.826000	152.840000	-2.282500	2.992600	1
63.402000	167.390000	-2.631000	2.993400	1
63.387000	167.480000	-1.251400	2.992600	1
63.372000	167.570000	0.809770	2.993700	1
63.358000	167.660000	0.119710	2.993300	1
63.343000	167.760000	0.469740	2.993000	1
63.328000	167.850000	1.160400	2.993500	1
63.313000	167.940000	3.560800	2.993600	1
63.298000	168.030000	-2.629600	2.992900	1
63.283000	168.120000	4.590900	2.993200	1
63.267000	168.220000	0.811260	2.993600	1
63.252000	168.310000	-5.722900	2.993100	1
63.237000	168.400000	-4.696000	2.993100	1
63.221000	168.490000	-4.005200	2.993800	1
63.206000	168.580000	-5.729000	2.993200	1
63.190000	168.670000	-3.318900	2.992800	1
64.870000	149.950000	-3.024000	3.748100	1
64.868000	150.050000	-2.670800	3.747700	1
64.866000	150.150000	-2.670000	3.748500	1
64.864000	150.260000	-2.670400	3.747900	1
64.861000	150.360000	-1.986400	3.748400	1
64.859000	150.460000	-1.636800	3.747800	1
64.856000	150.570000	-1.296400	3.748100	1
64.853000	150.670000	-1.296600	3.747800	1
64.851000	150.770000	0.423980	3.748400	1
64.848000	150.880000	0.423550	3.747800	1
64.845000	150.980000	-1.296200	3.748100	1
64.842000	151.080000	0.763740	3.747800	1
64.839000	151.190000	0.423930	3.748000	1
64.836000	151.290000	-1.296000	3.748100	1
64.833000	151.390000	0.084225	3.748300	1
64.829000	151.490000	1.113900	3.747700	1
64.826000	151.600000	0.424010	3.747900	1
64.823000	151.700000	-1.635700	3.748300	1
64.819000	151.800000	-1.639300	3.748000	1
64.815000	151.910000	3.170800	3.747800	1
64.812000	152.010000	1.110700	3.747700	1
64.808000	152.110000	2.144500	3.747900	1
64.804000	152.210000	0.084495	3.748000	1
64.800000	152.320000	0.084875	3.748400	1
64.797000	152.420000	-0.265780	3.747500	1
64.792000	152.520000	-1.295000	3.748500	1
64.788000	152.620000	-1.295400	3.747900	1
64.784000	152.730000	-1.295100	3.748200	1
64.780000	152.830000	0.424580	3.747700	1
64.662000	155.180000	-2.671400	3.747400	1
64.656000	155.280000	0.079278	3.748100	1
64.650000	155.380000	-0.267560	3.747600	1
64.643000	155.480000	2.832800	3.747900	1
64.637000	155.580000	2.482600	3.747600	1
64.631000	155.680000	-2.670500	3.748200	1
64.624000	155.780000	-1.637200	3.747800	1
64.618000	155.890000	-2.670700	3.747800	1
64.611000	155.990000	-4.387600	3.747500	1
64.605000	156.090000	-4.727000	3.748300	1
64.598000	156.190000	-4.047700	3.747500	1
63.473000	166.610000	-1.643200	3.748500	1
63.459000	166.710000	-4.389900	3.747900	1
63.445000	166.800000	-1.992400	3.748600	1
63.430000	166.890000	3.168000	3.748400	1
63.416000	166.990000	-5.772100	3.748400	1
63.401000	167.080000	-5.765100	3.748200	1
63.387000	167.170000	-4.384700	3.748100	1
63.372000	167.260000	-3.014300	3.748300	1
63.358000	167.360000	-3.693900	3.748500	1
63.343000	167.450000	-1.980700	3.747600	1
63.328000	167.540000	-1.629600	3.748700	1
63.313000	167.630000	-0.939620	3.748400	1
63.299000	167.720000	-0.263200	3.748000	1
63.284000	167.820000	-0.939320	3.748500	1
63.269000	167.910000	-0.265770	3.748700	1
63.254000	168.000000	-1.632600	3.748000	1
63.239000	168.090000	-1.632300	3.748200	1
63.223000	168.180000	-3.355300	3.748600	1
63.208000	168.270000	-6.105700	3.748200	1
63.193000	168.360000	-4.385400	3.748100	1
63.177000	168.460000	-2.664600	3.748800	1
63.162000	168.550000	-4.388400	3.748300	1
63.146000	168.640000	-5.775600	3.747800	1
64.824000	149.940000	-0.782040	4.501900	1
64.822000	150.050000	-4.222500	4.501400	1
64.819000	150.150000	-2.841700	4.502200	1
64.817000	150.250000	-0.778430	4.501600	1
64.815000	150.360000	-0.431490	4.502100	1
64.812000	150.460000	-2.842000	4.501500	1
64.810000	150.560000	-3.528100	4.501900	1
64.807000	150.670000	-2.838300	4.501400	1
64.804000	150.770000	-2.837800	4.502100	1
64.801000	150.870000	-2.148100	4.501500	1
64.798000	150.970000	-2.497900	4.501800	1
64.796000	151.080000	-1.118000	4.501500	1
64.792000	151.180000	-0.427740	4.501700	1
64.789000	151.280000	-1.467600	4.501800	1
64.786000	151.380000	-1.811000	4.502000	1
64.783000	151.490000	-0.781330	4.501500	1
64.780000	151.590000	0.252360	4.501500	1
64.776000	151.690000	-1.120800	4.502000	1
64.773000	151.800000	-1.467400	4.501700	1
64.769000	151.900000	-5.247700	4.501600	1
64.765000	152.000000	-4.568300	4.501400	1
64.762000	152.100000	-3.874500	4.501600	1
64.758000	152.210000	-2.837200	4.501600	1
64.754000	152.310000	-1.810300	4.502100	1
64.750000	152.410000	-1.117400	4.501200	1
64.746000	152.510000	-3.186700	4.502200	1
64.742000	152.620000	-0.776930	4.501600	1
64.738000	152.720000	0.603380	4.501900	1
64.734000	152.820000	-3.187100	4.501400	1
64.729000	152.920000	-4.216700	4.501900	1
64.725000	153.020000	-2.837000	4.501200	1
63.457000	166.400000	-4.565900	4.501200	1
63.443000	166.490000	-3.538400	4.502200	1
63.429000	166.580000	-3.201600	4.502200	1
63.415000	166.680000	-1.474500	4.501600	1
63.400000	166.770000	0.929340	4.502200	1
63.386000	166.860000	-3.190700	4.502100	1
63.372000	166.950000	-7.306700	4.502100	1
63.357000	167.050000	-6.276500	4.501900	1
63.343000	167.140000	-6.276400	4.501800	1
63.328000	167.230000	-5.249500	4.502000	1
63.314000	167.320000	-3.175400	4.502200	1
63.299000	167.420000	-2.835400	4.501300	1
63.284000	167.510000	-3.174400	4.502300	1
63.269000	167.600000	-0.084243	4.502100	1
63.255000	167.690000	-0.774270	4.501700	1
63.240000	167.780000	-1.463800	4.502100	1
63.225000	167.870000	-1.463300	4.502400	1
63.210000	167.970000	-2.143600	4.501700	1
63.195000	168.060000	-3.523400	4.501900	1
63.179000	168.150000	-6.276600	4.502300	1
63.164000	168.240000	-6.616800	4.501900	1
63.149000	168.330000	-4.896600	4.501800	1
63.133000	168.420000	-5.249400	4.502500	1
63.118000	168.510000	-6.623300	4.502000	1
63.103000	168.600000	-6.963600	4.501400	1
64.777000	149.940000	-3.370100	5.256800	1
64.775000	150.040000	-1.310300	5.256300	1
64.773000	150.150000	-3.029700	5.257200	1
64.771000	150.250000	-3.030100	5.256500	1
64.768000	150.350000	-4.059700	5.257100	1
64.766000	150.450000	-3.710000	5.256400	1
64.763000	150.560000	-2.336000	5.256800	1
64.760000	150.660000	-1.649900	5.256300	1
64.758000	150.760000	-2.675800	5.257000	1
64.755000	150.870000	-2.676100	5.256400	1
64.752000	150.970000	-1.645800	5.256700	1
64.749000	151.070000	-2.676000	5.256400	1
64.746000	151.170000	-1.645800	5.256600	1
64.743000	151.280000	-1.999300	5.256700	1
64.740000	151.380000	-1.309100	5.256900	1
64.736000	151.480000	-0.965740	5.256400	1
64.733000	151.580000	-1.995700	5.256400	1
64.730000	151.690000	-1.305200	5.257000	1
64.726000	151.790000	-0.275360	5.256600	1
64.723000	151.890000	-2.675400	5.256500	1
64.719000	151.990000	0.411000	5.256300	1
64.715000	152.100000	-1.308800	5.256600	1
64.711000	152.200000	-1.652400	5.256500	1
64.708000	152.300000	-2.338400	5.257000	1
64.704000	152.400000	-2.675400	5.256100	1
64.700000	152.500000	-1.644600	5.257100	1
64.696000	152.610000	2.471600	5.256600	1
64.691000	152.710000	1.094600	5.256900	1
64.687000	152.810000	-2.342200	5.256300	1
64.683000	152.910000	-5.428400	5.256800	1
64.679000	153.020000	-4.748700	5.256100	1
64.674000	153.120000	-4.058000	5.257000	1
64.670000	153.220000	-2.334600	5.256300	1
64.665000	153.320000	-0.964220	5.256600	1
64.660000	153.420000	-1.990700	5.256400	1
64.655000	153.530000	0.756040	5.256700	1
64.651000	153.630000	-4.397900	5.256600	1
64.646000	153.730000	-3.027600	5.256700	1
64.641000	153.830000	-5.435400	5.256300	1
63.284000	167.200000	-4.743000	5.256900	1
63.269000	167.290000	-3.702600	5.257100	1
63.255000	167.380000	-0.612740	5.256200	1
63.240000	167.470000	-3.022000	5.257200	1
63.225000	167.570000	0.758280	5.257000	1
63.210000	167.660000	-1.301800	5.256600	1
63.195000	167.750000	-1.991300	5.257000	1
63.180000	167.840000	-3.020900	5.257300	1
63.166000	167.930000	-1.994700	5.256600	1
63.150000	168.020000	-4.741000	5.256700	1
63.135000	168.120000	-6.804400	5.257300	1
63.120000	168.210000	-5.774300	5.256800	1
63.105000	168.300000	-6.114300	5.256600	1
63.089000	168.390000	-6.807300	5.257400	1
63.074000	168.480000	-7.504800	5.257000	1
63.059000	168.570000	-5.781200	5.256300	1
64.724000	150.240000	-2.159300	6.010500	1
64.721000	150.350000	-2.155200	6.011100	1
64.719000	150.450000	-4.905800	6.010500	1
64.716000	150.550000	-2.845300	6.010900	1
64.714000	150.660000	-3.535600	6.010300	1
64.711000	150.760000	-1.125000	6.011100	1
64.708000	150.860000	0.248460	6.010500	1
64.705000	150.960000	-0.781390	6.010700	1
64.702000	151.060000	-1.471500	6.010500	1
64.699000	151.170000	-1.471400	6.010600	1
64.696000	151.270000	-2.505000	6.010800	1
64.693000	151.370000	-1.474800	6.010900	1
64.690000	151.470000	-3.185100	6.010500	1
64.686000	151.580000	-1.121300	6.010400	1
64.683000	151.680000	-1.120800	6.011000	1
64.680000	151.780000	-2.844800	6.010600	1
64.676000	151.880000	-2.512000	6.010600	1
64.672000	151.990000	-0.451970	6.010300	1
64.669000	152.090000	-1.485400	6.010600	1
64.665000	152.190000	0.245700	6.010500	1
64.661000	152.290000	-0.093910	6.011100	1
64.657000	152.390000	-1.474500	6.010100	1
64.653000	152.500000	-2.150200	6.011100	1
64.649000	152.600000	-3.870600	6.010600	1
63.225000	167.260000	-5.255400	6.011100	1
63.210000	167.350000	-2.834400	6.010200	1
63.196000	167.440000	-2.147300	6.011100	1
63.181000	167.530000	-0.087024	6.011000	1
63.166000	167.630000	-1.807100	6.010600	1
63.151000	167.720000	-3.176700	6.011000	1
63.136000	167.810000	-3.866300	6.011300	1
63.121000	167.900000	-4.556500	6.010600	1
63.106000	167.990000	-4.900000	6.010700	1
63.091000	168.080000	-6.279700	6.011300	1
63.076000	168.170000	-6.616100	6.010800	1
63.061000	168.260000	-4.899600	6.010600	1
63.045000	168.350000	-5.256300	6.011400	1
63.030000	168.440000	-6.286400	6.011000	1
63.015000	168.540000	-6.623100	6.010200	1
64.677000	150.240000	-1.759900	6.762600	1
64.675000	150.340000	-3.135900	6.763200	1
64.672000	150.450000	-3.826300	6.762500	1
64.670000	150.550000	-4.169800	6.762900	1
64.667000	150.650000	-3.136200	6.762400	1
64.664000	150.750000	-1.755700	6.763100	1
64.662000	150.850000	-0.725900	6.762500	1
64.659000	150.960000	-0.382020	6.762700	1
64.656000	151.060000	-1.072200	6.762500	1
64.653000	151.160000	-1.755800	6.762600	1
64.650000	151.260000	-2.102000	6.762800	1
64.646000	151.370000	-1.415500	6.763000	1
64.643000	151.470000	-0.725610	6.762600	1
64.640000	151.570000	-1.412000	6.762400	1
64.636000	151.670000	-2.105200	6.763100	1
64.633000	151.770000	-1.759100	6.762700	1
64.629000	151.880000	-5.191900	6.762700	1
64.626000	151.980000	-3.475500	6.762400	1
64.622000	152.080000	-5.892900	6.762600	1
64.618000	152.180000	0.987650	6.762500	1
64.615000	152.280000	-1.082000	6.763100	1
64.611000	152.390000	-1.078800	6.762200	1
64.607000	152.490000	-0.388140	6.763200	1
64.603000	152.590000	-4.508600	6.762700	1
63.210000	167.040000	-6.909400	6.762800	1
63.195000	167.130000	-6.565300	6.763000	1
63.181000	167.230000	-5.874900	6.763200	1
63.166000	167.320000	0.651680	6.762300	1
63.151000	167.410000	-1.407700	6.763100	1
63.137000	167.500000	-1.063800	6.763100	1
63.122000	167.590000	-1.411200	6.762700	1
63.107000	167.680000	-3.127200	6.763000	1
63.092000	167.780000	-3.816800	6.763400	1
63.077000	167.870000	-5.187100	6.762700	1
63.062000	167.960000	-6.217000	6.762700	1
63.047000	168.050000	-6.566500	6.763300	1
63.032000	168.140000	-7.254100	6.762900	1
63.017000	168.230000	-6.573900	6.762600	1
63.001000	168.320000	-7.257300	6.763400	1
62.986000	168.410000	-7.943600	6.763100	1
62.971000	168.500000	-7.940200	6.762200	1
64.628000	150.340000	0.117820	7.522800	1
64.625000	150.440000	-2.636400	7.522200	1
64.623000	150.540000	-3.662500	7.522600	1
64.620000	150.640000	-1.248900	7.522000	1
64.617000	150.750000	-2.278500	7.522700	1
64.614000	150.850000	-0.572370	7.522200	1
64.612000	150.950000	-0.916000	7.522400	1
64.609000	151.050000	0.457710	7.522200	1
64.606000	151.150000	-0.568500	7.522300	1
64.602000	151.260000	-2.632200	7.522500	1
64.599000	151.360000	-1.938300	7.522600	1
64.596000	151.460000	-0.908380	7.522300	1
64.593000	151.560000	-1.938500	7.522000	1
64.589000	151.660000	-4.009400	7.522800	1
63.165000	167.010000	-7.436400	7.522400	1
63.150000	167.100000	-4.689300	7.522600	1
63.136000	167.190000	-3.311400	7.522800	1
63.121000	167.290000	-3.311700	7.521900	1
63.107000	167.380000	1.151800	7.522700	1
63.092000	167.470000	-0.564340	7.522700	1
63.077000	167.560000	-3.310800	7.522300	1
63.062000	167.650000	-3.650400	7.522600	1
63.047000	167.740000	-2.623700	7.523000	1
63.032000	167.830000	-3.993800	7.522400	1
63.017000	167.920000	-6.063900	7.522300	1
63.002000	168.010000	-5.377000	7.523000	1
62.987000	168.110000	-6.747300	7.522500	1
62.972000	168.200000	-6.754700	7.522200	1
62.957000	168.290000	-6.754200	7.523000	1
62.941000	168.380000	-7.780700	7.522800	1
62.926000	168.470000	-7.440900	7.521900	1
64.583000	150.230000	-6.068200	8.275700	1
64.581000	150.330000	-1.246200	8.276300	1
64.578000	150.430000	-0.212600	8.275700	1
64.576000	150.540000	-2.272500	8.276100	1
64.573000	150.640000	-1.579000	8.275500	1
64.570000	150.740000	0.141490	8.276200	1
64.567000	150.840000	0.145040	8.275700	1
64.565000	150.940000	-1.915000	8.275900	1
64.562000	151.050000	-1.246300	8.275600	1
64.559000	151.150000	-1.238700	8.275700	1
64.556000	151.250000	-1.586100	8.275900	1
64.552000	151.350000	-0.212150	8.276100	1
64.549000	151.450000	-1.238500	8.275800	1
64.546000	151.560000	-2.951300	8.275400	1
64.542000	151.660000	-4.320900	8.276300	1
64.539000	151.760000	-4.661100	8.275800	1
63.106000	167.070000	-9.479700	8.276100	1
63.091000	167.160000	-2.594100	8.276300	1
63.077000	167.250000	-3.295700	8.275400	1
63.062000	167.340000	-3.981500	8.276100	1
63.047000	167.440000	-1.914800	8.276200	1
63.033000	167.530000	-2.261000	8.275800	1
63.018000	167.620000	-3.980800	8.276100	1
63.003000	167.710000	-4.324200	8.276400	1
62.988000	167.800000	-6.040700	8.275900	1
62.973000	167.890000	-5.700500	8.275700	1
62.958000	167.980000	-6.043700	8.276400	1
62.943000	168.070000	-7.417800	8.276000	1
62.928000	168.160000	-7.764100	8.275700	1
62.912000	168.250000	-6.740800	8.276400	1
62.897000	168.340000	-7.077100	8.276300	1
62.882000	168.430000	-7.417500	8.275300	1
64.531000	150.430000	-2.176800	9.034700	1
64.528000	150.530000	-0.798980	9.035100	1
64.526000	150.630000	-1.135500	9.034400	1
64.523000	150.740000	0.924930	9.035100	1
64.520000	150.840000	-1.139100	9.034700	1
64.517000	150.940000	-1.471600	9.034800	1
64.514000	151.040000	-1.482900	9.034600	1
64.511000	151.140000	-1.821600	9.034700	1
64.508000	151.240000	-1.829000	9.034900	1
64.505000	151.350000	-2.515200	9.035000	1
64.502000	151.450000	-2.165200	9.034800	1
64.498000	151.550000	-2.515300	9.034400	1
64.495000	151.650000	-4.915200	9.035300	1
64.492000	151.750000	-1.131100	9.034800	1
64.488000	151.850000	-1.824700	9.034900	1
64.484000	151.950000	-1.839900	9.034500	1
64.481000	152.060000	-1.482100	9.034800	1
64.477000	152.160000	-2.514600	9.034500	1
64.473000	152.260000	-5.264600	9.035200	1
64.469000	152.360000	-3.892300	9.034300	1
64.465000	152.460000	-5.608300	9.035100	1
63.118000	166.670000	-5.600900	9.034900	1
63.103000	166.760000	-2.850100	9.035200	1
63.089000	166.850000	-2.846200	9.035000	1
63.075000	166.950000	-4.566300	9.034900	1
63.060000	167.040000	-6.286400	9.035000	1
63.046000	167.130000	-1.125300	9.035300	1
63.031000	167.220000	-2.505600	9.034400	1
63.017000	167.310000	-2.845100	9.035000	1
63.002000	167.400000	-3.534900	9.035100	1
62.987000	167.490000	-4.222600	9.034700	1
62.973000	167.580000	-4.908800	9.035000	1
62.958000	167.680000	-5.258000	9.035400	1
62.943000	167.770000	-6.291900	9.034900	1
62.928000	167.860000	-5.941800	9.034600	1
62.913000	167.950000	-6.631300	9.035300	1
62.898000	168.040000	-6.635000	9.035000	1
62.883000	168.130000	-8.355700	9.034600	1
62.867000	168.220000	-6.630900	9.035300	1
62.852000	168.310000	-7.324800	9.035300	1
62.837000	168.400000	-7.657600	9.034200	1
64.486000	150.320000	-8.023400	9.789600	1
64.483000	150.420000	-4.242800	9.789100	1
64.481000	150.530000	-0.454770	9.789500	1
64.478000	150.630000	0.571260	9.788800	1
64.475000	150.730000	-0.108570	9.789500	1
64.473000	150.830000	-1.485000	9.789100	1
64.470000	150.930000	-2.515100	9.789200	1
64.467000	151.030000	-2.855200	9.789000	1
64.464000	151.140000	-2.515100	9.789000	1
64.461000	151.240000	-1.488700	9.789300	1
64.458000	151.340000	-3.205000	9.789400	1
64.454000	151.440000	-3.548800	9.789200	1
64.451000	151.540000	-2.515000	9.788700	1
64.448000	151.640000	-3.200800	9.789700	1
64.444000	151.740000	-3.884800	9.789100	1
64.441000	151.850000	-5.268600	9.789300	1
64.437000	151.950000	-5.597400	9.788900	1
64.433000	152.050000	-4.238200	9.789200	1
64.430000	152.150000	-4.238200	9.788900	1
64.426000	152.250000	-3.884100	9.789600	1
63.058000	166.730000	-5.256400	9.789600	1
63.044000	166.820000	-5.957800	9.789400	1
63.030000	166.910000	-4.919800	9.789200	1
63.015000	167.000000	-2.165400	9.789400	1
63.001000	167.100000	-3.191400	9.789600	1
62.986000	167.190000	-1.475100	9.788800	1
62.972000	167.280000	-4.221200	9.789300	1
62.957000	167.370000	-4.564800	9.789500	1
62.943000	167.460000	-3.534500	9.789100	1
62.928000	167.550000	-4.220500	9.789300	1
62.913000	167.640000	-4.567700	9.789700	1
62.898000	167.730000	-6.284200	9.789300	1
62.883000	167.820000	-5.257600	9.789000	1
62.868000	167.910000	-5.947200	9.789700	1
62.853000	168.000000	-6.294900	9.789400	1
62.838000	168.090000	-6.984900	9.788900	1
62.823000	168.180000	-5.608000	9.789700	1
62.807000	168.270000	-9.045300	9.789700	1
62.792000	168.360000	-9.736000	9.788500	1
64.440000	150.220000	-6.610200	10.547000	1
64.438000	150.320000	-7.632900	10.547000	1
64.436000	150.420000	-5.905100	10.547000	1
64.433000	150.520000	-1.445700	10.547000	1
64.430000	150.620000	3.371900	10.547000	1
64.428000	150.720000	1.315800	10.547000	1
64.425000	150.820000	-2.460800	10.547000	1
64.422000	150.930000	-1.780800	10.547000	1
64.419000	151.030000	-2.120900	10.547000	1
64.416000	151.130000	-2.460900	10.547000	1
64.413000	151.230000	-2.453200	10.547000	1
64.410000	151.330000	-2.472000	10.547000	1
64.407000	151.430000	-3.487000	10.547000	1
64.403000	151.530000	-3.841000	10.546000	1
64.400000	151.630000	-4.176800	10.548000	1
64.397000	151.740000	-5.893500	10.547000	1
63.027000	166.610000	-6.926600	10.547000	1
63.013000	166.700000	-4.861900	10.547000	1
62.999000	166.790000	-4.525500	10.547000	1
62.984000	166.880000	-4.171600	10.547000	1
62.970000	166.970000	-2.458600	10.547000	1
62.955000	167.060000	-1.413100	10.547000	1
62.941000	167.150000	-3.477200	10.547000	1
62.926000	167.240000	-4.853300	10.547000	1
62.912000	167.340000	-3.476600	10.547000	1
62.897000	167.430000	-4.524100	10.547000	1
62.882000	167.520000	-3.483700	10.547000	1
62.868000	167.610000	-4.863500	10.547000	1
62.853000	167.700000	-6.233800	10.547000	1
62.838000	167.790000	-5.893500	10.547000	1
62.823000	167.880000	-6.583300	10.547000	1
62.808000	167.970000	-5.896700	10.547000	1
62.793000	168.060000	-6.583100	10.547000	1
62.778000	168.150000	-8.647300	10.547000	1
62.762000	168.240000	-9.337300	10.548000	1
62.747000	168.330000	-9.334000	10.546000	1
64.388000	150.410000	-5.966700	11.300000	1
64.385000	150.510000	-4.947700	11.300000	1
64.383000	150.620000	-6.339500	11.299000	1
64.380000	150.720000	-0.480960	11.300000	1
64.377000	150.820000	-0.133470	11.300000	1
64.374000	150.920000	-2.189900	11.300000	1
64.371000	151.020000	-2.543800	11.299000	1
64.368000	151.120000	-3.570200	11.299000	1
64.365000	151.220000	-2.539900	11.300000	1
64.362000	151.320000	-4.263800	11.300000	1
64.359000	151.430000	-3.925200	11.300000	1
64.356000	151.530000	-2.547400	11.299000	1
64.352000	151.630000	-4.947600	11.300000	1
64.349000	151.730000	-5.290300	11.300000	1
62.982000	166.570000	-5.621400	11.300000	1
62.967000	166.670000	-6.326400	11.300000	1
62.953000	166.760000	-5.632300	11.300000	1
62.939000	166.850000	-3.900500	11.300000	1
62.925000	166.940000	-4.250300	11.300000	1
62.910000	167.030000	-1.157200	11.300000	1
62.896000	167.120000	-2.877400	11.299000	1
62.881000	167.210000	-2.529500	11.300000	1
62.867000	167.300000	-3.903100	11.300000	1
62.852000	167.390000	-5.275800	11.300000	1
62.837000	167.480000	-6.317000	11.300000	1
62.822000	167.570000	-5.286400	11.300000	1
62.808000	167.660000	-6.652900	11.300000	1
62.793000	167.750000	-5.622500	11.299000	1
62.778000	167.840000	-6.656200	11.300000	1
62.763000	167.930000	-7.693900	11.300000	1
62.748000	168.020000	-7.350000	11.299000	1
62.733000	168.110000	-7.685900	11.300000	1
62.717000	168.200000	-9.062600	11.300000	1
62.702000	168.290000	-8.036200	11.299000	1
64.347000	150.100000	-5.035500	12.055000	1
64.345000	150.210000	-5.035700	12.055000	1
64.342000	150.310000	-4.689200	12.055000	1
64.340000	150.410000	-3.651600	12.055000	1
64.337000	150.510000	-3.662800	12.055000	1
64.335000	150.610000	-6.417400	12.054000	1
64.332000	150.710000	-4.005400	12.055000	1
64.329000	150.810000	-2.969100	12.055000	1
64.326000	150.910000	-3.315300	12.055000	1
64.323000	151.010000	-4.341800	12.055000	1
64.320000	151.110000	-4.334200	12.055000	1
64.317000	151.220000	-1.576200	12.055000	1
64.314000	151.320000	-2.273700	12.055000	1
64.311000	151.420000	-7.428700	12.055000	1
64.308000	151.520000	-5.031900	12.054000	1
64.304000	151.620000	-5.038900	12.055000	1
64.301000	151.720000	-4.689100	12.055000	1
64.297000	151.820000	-6.065600	12.055000	1
62.936000	166.540000	-6.398400	12.055000	1
62.922000	166.630000	-6.726900	12.055000	1
62.908000	166.720000	-4.662400	12.055000	1
62.893000	166.810000	-0.191680	12.055000	1
62.879000	166.910000	-2.265400	12.055000	1
62.865000	167.000000	-4.329300	12.055000	1
62.850000	167.090000	-4.661700	12.054000	1
62.836000	167.180000	-2.608700	12.055000	1
62.821000	167.270000	-4.328600	12.055000	1
62.806000	167.360000	-5.698900	12.055000	1
62.792000	167.450000	-5.354700	12.055000	1
62.777000	167.540000	-7.426400	12.055000	1
62.762000	167.630000	-6.724600	12.055000	1
62.747000	167.720000	-7.082300	12.054000	1
62.732000	167.810000	-7.085500	12.055000	1
62.717000	167.900000	-7.081600	12.055000	1
62.702000	167.990000	-7.429400	12.054000	1
62.687000	168.080000	-7.764000	12.055000	1
62.672000	168.170000	-8.451700	12.055000	1
62.657000	168.260000	-8.802100	12.054000	1
62.904000	166.420000	-7.383200	12.816000	1
62.890000	166.510000	-5.304600	12.815000	1
62.875000	166.600000	-5.300600	12.816000	1
62.861000	166.690000	-1.183400	12.816000	1
62.847000	166.780000	-0.839460	12.815000	1
62.833000	166.870000	-4.627300	12.816000	1
62.818000	166.960000	-3.940700	12.816000	1
62.804000	167.050000	-5.314800	12.815000	1
62.789000	167.140000	-4.966900	12.815000	1
62.775000	167.230000	-5.302800	12.816000	1
62.760000	167.330000	-6.690700	12.815000	1
62.746000	167.420000	-7.026800	12.815000	1
62.731000	167.510000	-6.693600	12.816000	1
62.716000	167.600000	-7.022500	12.816000	1
62.701000	167.690000	-5.659500	12.815000	1
62.686000	167.780000	-7.040600	12.816000	1
62.671000	167.870000	-8.409900	12.816000	1
62.656000	167.960000	-7.726900	12.815000	1
62.641000	168.040000	-8.413300	12.816000	1
62.626000	168.130000	-8.413300	12.816000	1
62.611000	168.220000	-9.093700	12.815000	1
64.260000	149.590000	-5.397100	13.574000	1
64.258000	149.690000	-4.359200	13.574000	1
64.256000	149.790000	-2.296300	13.574000	1
64.254000	149.890000	-5.043000	13.575000	1
64.252000	149.990000	-4.024200	13.574000	1
64.250000	150.090000	-5.397000	13.575000	1
64.247000	150.190000	-4.710700	13.574000	1
64.245000	150.300000	-1.956400	13.575000	1
64.242000	150.400000	-4.024500	13.574000	1
64.240000	150.500000	-4.718400	13.575000	1
64.237000	150.600000	-9.892600	13.574000	1
64.235000	150.700000	-8.519200	13.574000	1
64.232000	150.800000	-3.337100	13.574000	1
64.229000	150.900000	-4.024800	13.574000	1
64.226000	151.000000	-4.009900	13.574000	1
64.223000	151.100000	-6.077900	13.574000	1
64.220000	151.200000	-3.669600	13.574000	1
64.217000	151.300000	-4.711100	13.574000	1
64.214000	151.400000	-5.389900	13.574000	1
64.210000	151.500000	-4.703700	13.574000	1
64.207000	151.600000	-5.397200	13.575000	1
64.204000	151.700000	-5.733800	13.574000	1
64.200000	151.800000	-6.069900	13.575000	1
62.829000	166.570000	-7.104800	13.575000	1
62.815000	166.660000	-5.030100	13.574000	1
62.801000	166.750000	-2.961900	13.574000	1
62.786000	166.840000	-3.666900	13.574000	1
62.772000	166.930000	-4.693100	13.575000	1
62.758000	167.020000	-4.349200	13.574000	1
62.743000	167.110000	-4.696600	13.574000	1
62.729000	167.200000	-5.382700	13.575000	1
62.714000	167.290000	-6.753000	13.574000	1
62.699000	167.380000	-6.416300	13.574000	1
62.685000	167.470000	-5.729700	13.575000	1
62.670000	167.560000	-6.058100	13.575000	1
62.655000	167.650000	-6.759800	13.574000	1
62.640000	167.740000	-6.415300	13.575000	1
62.625000	167.830000	-7.778300	13.574000	1
62.610000	167.920000	-8.143500	13.574000	1
62.595000	168.010000	-8.131900	13.574000	1
62.580000	168.100000	-8.475600	13.575000	1
62.565000	168.190000	-8.475900	13.573000	1
64.196000	150.290000	-7.576200	14.327000	1
64.194000	150.390000	-6.903400	14.326000	1
64.191000	150.490000	-4.817400	14.327000	1
64.189000	150.590000	-6.877300	14.326000	1
64.186000	150.690000	-8.591700	14.327000	1
64.183000	150.790000	-7.217100	14.327000	1
64.180000	150.890000	-5.836800	14.326000	1
64.177000	150.990000	-6.179300	14.326000	1
64.175000	151.090000	-6.515700	14.326000	1
64.171000	151.190000	-6.171700	14.326000	1
64.168000	151.290000	-7.209600	14.327000	1
64.165000	151.390000	-6.865700	14.327000	1
64.162000	151.500000	-6.527000	14.326000	1
64.158000	151.600000	-8.591700	14.327000	1
64.155000	151.700000	-5.152500	14.326000	1
64.152000	151.800000	-4.798600	14.327000	1
64.148000	151.900000	-7.542300	14.326000	1
64.144000	152.000000	-6.515400	14.327000	1
64.141000	152.100000	-6.869500	14.326000	1
64.137000	152.200000	-5.148500	14.327000	1
64.133000	152.300000	-6.519300	14.326000	1
64.129000	152.400000	-6.872800	14.327000	1
64.125000	152.500000	-7.899600	14.326000	1
64.121000	152.600000	-7.903100	14.327000	1
62.797000	166.440000	-7.530600	14.326000	1
62.783000	166.530000	-7.891700	14.327000	1
62.769000	166.620000	-5.480600	14.327000	1
62.754000	166.710000	-3.419900	14.326000	1
62.740000	166.810000	-3.412200	14.327000	1
62.726000	166.900000	-4.109500	14.327000	1
62.711000	166.990000	-3.755600	14.326000	1
62.697000	167.080000	-4.445700	14.326000	1
62.682000	167.170000	-5.135400	14.327000	1
62.668000	167.260000	-6.165600	14.326000	1
62.653000	167.350000	-5.142500	14.326000	1
62.639000	167.440000	-6.179900	14.327000	1
62.624000	167.530000	-7.539000	14.327000	1
62.609000	167.620000	-6.855100	14.326000	1
62.594000	167.710000	-7.198600	14.327000	1
62.579000	167.800000	-8.565300	14.327000	1
62.564000	167.890000	-8.228800	14.326000	1
62.549000	167.970000	-8.228600	14.327000	1
62.534000	168.060000	-7.888400	14.327000	1
62.519000	168.150000	-8.568900	14.326000	1
64.149000	150.180000	-8.260200	15.088000	1
64.147000	150.280000	-8.965700	15.088000	1
64.144000	150.380000	-4.836200	15.088000	1
64.142000	150.480000	-9.648800	15.088000	1
64.139000	150.580000	-7.927700	15.088000	1
64.136000	150.690000	-8.614400	15.088000	1
64.134000	150.790000	-7.595000	15.088000	1
64.131000	150.890000	-7.237500	15.088000	1
64.128000	150.990000	-6.886100	15.088000	1
64.125000	151.090000	-6.882600	15.088000	1
64.122000	151.190000	-6.546100	15.088000	1
64.119000	151.290000	-7.576400	15.088000	1
62.635000	167.130000	-4.813800	15.088000	1
62.621000	167.220000	-5.836500	15.088000	1
62.606000	167.310000	-4.123200	15.088000	1
62.592000	167.400000	-7.221600	15.088000	1
62.577000	167.490000	-7.556200	15.088000	1
62.562000	167.580000	-7.567400	15.088000	1
62.547000	167.670000	-7.907500	15.088000	1
62.532000	167.760000	-8.247500	15.088000	1
62.517000	167.850000	-7.899600	15.088000	1
62.502000	167.940000	-7.220100	15.088000	1
62.487000	168.030000	-8.593500	15.089000	1
62.472000	168.120000	-7.910900	15.087000	1
64.063000	149.570000	-8.153600	16.598000	1
64.061000	149.670000	-6.731500	16.599000	1
64.059000	149.770000	-7.425700	16.599000	1
64.056000	149.870000	-5.375700	16.599000	1
64.054000	149.970000	-7.447800	16.599000	1
64.052000	150.070000	-8.123500	16.599000	1
64.050000	150.170000	-8.474900	16.599000	1
64.047000	150.270000	-8.120000	16.599000	1
64.045000	150.370000	-6.406400	16.599000	1
64.042000	150.470000	-7.437000	16.599000	1
64.040000	150.570000	-9.491400	16.599000	1
64.037000	150.670000	-8.810700	16.599000	1
64.034000	150.770000	-4.353500	16.599000	1
64.032000	150.870000	-6.754400	16.599000	1
64.029000	150.970000	-7.766600	16.599000	1
64.026000	151.070000	-7.781300	16.599000	1
64.023000	151.170000	-6.395700	16.599000	1
64.020000	151.270000	-3.981100	16.599000	1
64.016000	151.370000	-6.403100	16.599000	1
64.013000	151.470000	-7.086000	16.598000	1
64.010000	151.570000	-7.433600	16.599000	1
64.006000	151.670000	-6.403100	16.599000	1
64.003000	151.770000	-6.055300	16.599000	1
63.999000	151.870000	-7.086000	16.599000	1
63.996000	151.970000	-7.766100	16.599000	1
63.992000	152.070000	-7.074700	16.598000	1
63.988000	152.170000	-7.085700	16.599000	1
63.985000	152.270000	-5.014700	16.598000	1
63.981000	152.370000	-6.742800	16.599000	1
63.977000	152.470000	-6.062200	16.599000	1
63.973000	152.570000	-6.746000	16.599000	1
62.556000	166.970000	-4.992300	16.598000	1
62.541000	167.060000	-3.640300	16.599000	1
62.527000	167.150000	-6.727300	16.599000	1
62.512000	167.240000	-7.081100	16.599000	1
62.498000	167.330000	-7.761200	16.599000	1
62.483000	167.420000	-6.382600	16.599000	1
62.468000	167.510000	-4.998300	16.598000	1
62.453000	167.600000	-7.072700	16.599000	1
62.439000	167.690000	-6.386000	16.599000	1
62.424000	167.780000	-6.049200	16.598000	1
62.409000	167.870000	-6.045300	16.599000	1
62.394000	167.960000	-7.756000	16.599000	1
62.379000	168.050000	-8.450300	16.598000	1
64.012000	149.570000	-7.808000	17.363000	1
64.010000	149.670000	-7.124600	17.364000	1
64.008000	149.770000	-6.784500	17.364000	1
64.006000	149.870000	-6.101400	17.364000	1
64.004000	149.970000	-6.788200	17.364000	1
64.001000	150.070000	-7.139400	17.364000	1
63.999000	150.170000	-8.501700	17.364000	1
63.997000	150.270000	-6.765800	17.364000	1
63.994000	150.360000	-7.449900	17.364000	1
63.992000	150.460000	-7.446100	17.364000	1
63.989000	150.560000	-7.811400	17.363000	1
63.986000	150.660000	-9.186500	17.364000	1
63.984000	150.760000	-9.186200	17.364000	1
63.981000	150.860000	-5.060100	17.364000	1
63.978000	150.960000	-6.777200	17.364000	1
63.975000	151.060000	-5.731700	17.363000	1
63.972000	151.160000	-6.773500	17.364000	1
63.969000	151.260000	-5.742600	17.364000	1
63.966000	151.360000	-2.649000	17.364000	1
63.963000	151.460000	-5.059900	17.363000	1
63.959000	151.560000	-6.082600	17.364000	1
63.956000	151.660000	-5.735300	17.364000	1
63.952000	151.760000	-4.354500	17.364000	1
63.949000	151.860000	-7.457100	17.364000	1
63.945000	151.960000	-7.113300	17.364000	1
63.942000	152.060000	-7.800100	17.363000	1
62.493000	167.030000	-6.073000	17.364000	1
62.479000	167.120000	-7.103500	17.364000	1
62.464000	167.210000	-7.103300	17.363000	1
62.450000	167.300000	-6.759100	17.364000	1
62.435000	167.390000	-6.408400	17.364000	1
62.420000	167.480000	-5.728000	17.363000	1
62.405000	167.560000	-6.750700	17.364000	1
62.391000	167.650000	-7.438700	17.364000	1
62.376000	167.740000	-7.438500	17.363000	1
62.361000	167.830000	-7.799700	17.364000	1
62.346000	167.920000	-7.799500	17.364000	1
62.331000	168.010000	-7.792100	17.363000	1
63.961000	149.560000	-6.188600	18.124000	1
63.959000	149.660000	-5.851900	18.124000	1
63.957000	149.760000	-6.542300	18.124000	1
63.955000	149.860000	-4.475100	18.125000	1
63.953000	149.960000	-6.549700	18.124000	1
63.950000	150.060000	-6.184700	18.124000	1
63.948000	150.160000	-9.997500	18.124000	1
63.946000	150.260000	-8.615100	18.124000	1
63.943000	150.360000	-9.313300	18.124000	1
63.941000	150.460000	-7.219300	18.124000	1
63.938000	150.560000	-5.845000	18.124000	1
63.936000	150.660000	-6.882900	18.124000	1
63.933000	150.760000	-7.573300	18.124000	1
63.930000	150.860000	-5.863700	18.124000	1
63.927000	150.960000	-3.108800	18.124000	1
63.924000	151.060000	-5.169600	18.124000	1
63.921000	151.150000	-5.173700	18.124000	1
63.918000	151.250000	-4.139400	18.124000	1
63.915000	151.350000	-5.165900	18.125000	1
63.912000	151.450000	-7.566400	18.124000	1
63.908000	151.550000	-4.836900	18.125000	1
63.905000	151.650000	-5.852500	18.124000	1
63.902000	151.750000	-6.883000	18.125000	1
63.898000	151.850000	-7.914100	18.124000	1
62.459000	166.900000	-6.871700	18.124000	1
62.445000	166.990000	-6.534800	18.124000	1
62.430000	167.080000	-7.203700	18.124000	1
62.416000	167.170000	-6.172700	18.124000	1
62.401000	167.260000	-6.533900	18.124000	1
62.387000	167.350000	-6.866400	18.125000	1
62.372000	167.440000	-6.877500	18.123000	1
62.357000	167.530000	-6.175600	18.124000	1
62.343000	167.620000	-6.873200	18.124000	1
62.328000	167.710000	-7.217200	18.124000	1
62.313000	167.790000	-6.525500	18.124000	1
62.298000	167.880000	-7.209300	18.125000	1
62.283000	167.970000	-6.532500	18.123000	1