43080
43081
43082
43082
43083
43084
43084
43085
43086
43086
43087
43088
43089
43089
43090
43091
43091
43092
43093
43093
43094
43095
43096
43096
43097
43098
43098
43099
43100
43100
43101
43102
43103
43103
43104
43105
43105
43106
43107
43107
43108
43109
43110
43110
43111
43112
43112
43113
43114
43114
43115
43116
43117
43117
43118
43119
43119
43120
43121
43121
43122
43123
43124
43124
43125
43126
43126
43127
43128
43128
43129
43130
43131
43131
43132
43133
43133
43134
43135
43135
43136
43137
43138
43138
43139
43140
43140
43141
43142
43142
43143
43144
43145
43145
43146
43147
43147
43148
43149
43149
43150
43151
43152
43152
43153
43154
43154
43155
43156
43156
43157
43158
43159
43159
43160
43161
43161
43162
43163
43163
43164
43165
43166
43166
43167
43168
43168
43169
43170
43170
43171
43172
43173
43173
43174
43175
43175
43176
43177
43177
43178
43179
43180
43180
43181
43182
43182
43183
43184
43184
43185
43186
43187
43187
43188
43189
43189
43190
43191
43191
43192
43193
43194
43194
43195
43196
43196
43197
43198
43198
43199
43200
43201
43201
43202
43203
43203
43204
43205
43205
43206
43207
43208
43208
43209
43210
43210
43211
43212
43212
43213
43214
43215
43215
43216
43217
43217
43218
43219
43219
43220
43221
43222
43222
43223
43224
43224
43225
43226
43226
43227
43228
43229
43229
43230
43231
43231
43232
43233
43233
43234
43235
43236
43236
43237
43238
43238
43239
43240
43240
43241
43242
43243
43243
43244
43245
43245
43246
43247
43247
43248
43249
43250
43250
43251
43252
43252
43253
43254
43254
43255
43256
43257
43257
43258
43259
43259
43260
43261
43261
43262
43263
