73694
73695
73695
73696
73697
73697
73698
73699
73700
73700
73701
73702
73702
73703
73704
73704
73705
73706
73707
73707
73708
73709
73709
73710
73711
73711
73712
73713
73714
73714
73715
73716
73716
73717
73718
73718
73719
73720
73721
73721
73722
73723
73723
73724
73725
73725
73726
73727
73728
73728
73729
73730
73730
73731
73732
73732
73733
73734
73735
73735
73736
73737
73737
73738
73739
73739
73740
73741
73742
73742
73743
73744
73744
73745
73746
73746
73747
73748
73749
73749
73750
73751
73751
73752
73753
73753
73754
73755
73756
73756
73757
73758
73758
73759
73760
73760
73761
73762
73763
73763
73764
73765
73765
73766
73767
73767
73768
73769
73770
73770
73771
73772
73772
73773
73774
73774
73775
73776
73777
73777
73778
73779
73779
73780
73781
73781
73782
73783
73784
73784
73785
73786
73786
73787
73788
73788
73789
73790
73791
73791
73792
73793
73793
73794
73795
73795
73796
73797
73798
73798
73799
73800
73800
73801
73802
73802
73803
73804
73805
73805
73806
73807
73807
73808
73809
73809
73810
73811
73812
73812
73813
73814
73814
73815
73816
73816
73817
73818
73819
73819
73820
73821
73821
73822
73823
73823
73824
73825
73826
73826
73827
73828
73828
73829
73830
73830
73831
73832
73833
73833
73834
73835
73835
73836
73837
73837
73838
73839
73840
73840
73841
73842
73842
73843
73844
73844
73845
73846
73847
73847
73848
73849
73849
73850
73851
73851
73852
73853
73854
73854
73855
73856
73856
73857
73858
73858
73859
73860
73861
73861
73862
73863
73863
73864
73865
73865
73866
73867
73868
73868
73869
73870
73870
73871
73872
73872
73873
73874
73875
73875
73876
73877
73877
73878
73879
73879
73880
73881
73882
73882
73883
73884
73884
73885
73886
73886
73887
73888
73889
73889
73890
73891
73891
73892
73893
73893
73894
73895
73896
73896
73897
73898
73898
73899
73900
73900
73901
73902
73903
73903
73904
73905
73905
73906
73907
73907
73908
73909
73910
73910
73911
73912
73912
73913
73914
